simulated
0.00305
1
14
11
15
13
14
13
17
13
14
14
16
15
15
15
13
9
18
9
11
17
11
17
17
17
15
10
27
23
20
12
15
16
14
18
11
14
10
12
14
19
18
20
18
21
12
15
17
20
16
16
12
17
7
13
15
21
19
16
13
16
10
17
9
15
14
16
16
11
15
16
17
11
13
13
20
12
22
11
21
19
10
13
14
17
20
15
20
13
11
12
16
22
16
21
11
14
13
13
15
10
10
14
18
19
15
14
16
11
16
10
17
14
7
18
20
19
19
23
10
15
24
12
21
18
18
11
9
22
8
16
18
15
13
17
13
17
15
12
15
15
20
11
12
23
15
17
12
26
25
17
20
17
21
16
11
20
10
14
18
9
12
19
14
14
11
13
14
11
10
13
15
18
9
14
17
17
13
11
10
17
12
17
15
14
12
18
20
9
15
15
16
14
17
10
25
19
14
17
6
13
15
22
9
13
14
12
12
9
16
16
16
13
15
17
13
10
18
21
13
23
9
11
14
14
10
10
12
6
13
17
16
9
7
17
16
24
12
7
15
17
14
20
14
11
13
15
16
14
13
10
15
14
16
8
18
15
10
20
14
18
13
10
15
12
16
10
10
17
18
19
14
13
19
10
15
10
13
9
16
11
21
11
11
16
11
23
12
20
17
17
19
19
16
13
17
15
12
14
13
15
10
16
13
16
21
13
11
13
21
14
11
19
17
17
16
16
20
15
17
15
11
18
19
18
19
18
11
14
17
18
16
14
14
10
16
12
11
11
7
18
12
14
19
12
14
9
6
14
18
14
18
11
16
9
17
11
22
19
13
15
16
31
16
18
18
15
13
12
16
18
14
17
19
5
14
20
18
12
16
17
21
12
13
14
11
16
13
18
11
16
13
16
17
10
19
11
13
15
15
7
18
10
14
18
16
14
15
14
13
16
14
17
13
21
15
18
9
24
11
14
17
9
10
29
17
17
18
15
15
18
17
17
10
16
21
17
6
15
16
14
12
12
16
15
16
17
14
20
17
19
16
19
15
12
10
21
15
12
18
11
22
14
11
16
11
17
17
23
16
11
12
20
15
10
13
19
17
11
12
14
11
15
19
14
17
17
14
15
12
18
11
24
11
16
12
19
13
15
16
19
18
16
17
13
16
11
14
14
26
13
14
16
16
11
8
10
14
11
12
20
11
19
12
20
17
14
12
22
13
13
12
13
14
10
13
16
15
8
16
13
20
13
24
14
19
13
11
16
12
14
12
10
14
15
21
8
12
16
18
22
16
13
22
16
16
27
15
13
13
18
19
19
9
22
22
15
11
11
23
17
21
14
16
14
20
19
20
10
12
21
12
9
16
13
12
12
14
18
8
14
27
16
21
12
9
16
16
8
18
14
18
11
17
18
13
11
14
17
11
20
7
16
12
10
11
11
13
17
7
16
26
17
10
13
13
11
11
12
20
17
20
12
11
11
15
17
15
18
14
10
19
17
14
10
22
13
23
16
13
13
19
12
27
12
12
12
15
15
22
21
17
16
15
21
16
24
14
15
23
25
16
24
26
23
26
28
26
42
27
30
35
23
25
47
38
44
38
59
41
70
48
53
83
59
63
94
99
90
124
119
111
111
124
169
170
169
234
220
270
259
271
285
298
344
331
408
426
488
504
530
556
635
675
723
769
925
857
947
1031
1141
1139
1301
1407
1477
1555
1626
1741
1907
2062
2056
2233
2439
2584
2654
2839
3147
3219
3399
3658
3826
4122
4275
4491
4735
5023
5182
5658
5764
5986
6359
6615
6951
7356
7544
7962
8187
8569
8789
9316
9545
9885
10282
10592
11025
11410
11818
12042
12675
12833
13340
13959
14151
14655
14970
15318
15649
15972
16573
16810
17281
17481
17941
18237
18643
18814
18940
19771
19709
20192
20398
20669
21106
21432
21912
21696
21951
21978
22205
22355
22473
22945
22978
23076
23125
23475
23611
23521
23674
23807
23556
23714
23716
23673
23813
24070
23601
23633
23714
23487
23624
23502
23233
23125
23064
23141
22770
22759
22336
22311
22638
22217
21816
21615
21429
21556
21252
21021
21189
20840
20538
20281
20044
19935
19865
19407
19176
19204
18948
18772
18609
18212
18240
17900
18074
17625
17318
17121
16843
16850
16681
16442
15850
16075
15639
15641
15488
15369
15161
14661
14577
14641
14248
14157
13938
13846
13621
13488
13231
13304
12925
12658
12824
12630
12393
12119
12112
11975
11910
11524
11414
11501
11359
11194
11055
10918
10827
10586
10472
10340
10158
10040
10063
10029
9683
9652
9629
9282
9380
9265
9104
9180
8819
8708
8873
8611
8700
8530
8301
8272
8208
8154
8193
7941
7905
7712
7724
7706
7482
7425
7449
7255
7302
7262
7114
7120
6965
6862
6782
6776
6661
6536
6565
6606
6352
6331
6243
6226
6096
6037
5953
6113
5932
5898
5774
5758
5605
5685
5619
5553
5528
5416
5452
5350
5244
5318
5164
5047
4999
4998
5002
4997
4946
4840
4867
4658
4748
4610
4618
4669
4491
4582
4463
4518
4301
4524
4341
4286
4245
4260
4146
4140
4149
3978
4077
3949
3958
3908
3996
3798
3835
3797
3818
3743
3637
3717
3583
3718
3514
3586
3593
3380
3271
3449
3510
3421
3368
3421
3320
3174
3318
3165
3236
3121
3146
3108
3045
3118
2984
2977
2943
3056
2992
2918
2909
2946
2838
2910
2846
2734
2893
2701
2795
2735
2679
2741
2684
2604
2548
2592
2648
2668
2535
2519
2571
2478
2479
2407
2474
2418
2382
2456
2371
2384
2294
2299
2290
2344
2260
2292
2289
2207
2134
2178
2225
2196
2109
2118
2069
2198
2092
2111
2003
1902
2021
1970
2038
2038
1894
1988
1974
1977
1928
1857
1919
1779
1932
1914
1822
1834
1829
1771
1749
1756
1743
1789
1665
1755
1729
1630
1683
1636
1705
1667
1698
1707
1656
1623
1661
1644
1640
1498
1639
1580
1570
1553
1528
1505
1486
1498
1434
1474
1506
1433
1384
1442
1453
1398
1367
1451
1432
1404
1369
1415
1331
1404
1356
1415
1299
1336
1302
1358
1392
1235
1260
1233
1306
1264
1275
1211
1187
1223
1207
1204
1232
1267
1191
1106
1175
1153
1114
1129
1113
1102
1150
1119
1135
1109
1146
1048
1147
1149
1077
1101
1099
1114
1055
1079
1138
1047
1035
1056
1058
1038
1059
968
967
1027
919
981
1002
973
1012
994
970
991
941
954
892
927
943
915
912
908
879
906
891
864
916
893
911
885
843
858
861
919
793
845
849
819
817
889
811
784
838
788
786
803
792
772
770
795
743
791
792
764
763
713
766
753
719
768
774
737
726
710
761
737
697
749
756
723
708
665
712
700
690
650
632
690
636
666
663
672
716
700
651
649
677
605
627
668
678
640
601
627
623
632
642
601
597
612
630
586
652
633
592
581
620
574
612
576
606
574
593
586
557
555
599
576
556
579
568
541
519
585
555
553
569
513
531
537
589
509
503
518
511
526
541
537
516
549
534
518
507
544
504
471
521
482
461
478
523
509
504
511
465
442
465
495
463
494
484
458
444
440
451
422
502
444
453
461
468
477
454
472
424
438
453
432
462
421
415
455
403
416
441
439
398
436
413
386
460
397
416
420
377
393
417
396
467
422
416
431
393
411
397
383
366
397
418
408
369
406
429
384
400
388
374
325
373
358
368
358
367
367
384
390
372
343
337
349
372
348
356
382
373
355
374
386
325
361
346
343
327
367
334
345
357
350
374
322
354
340
323
327
337
361
324
342
362
336
318
298
313
340
315
325
337
327
303
291
347
312
301
302
334
282
308
267
289
278
317
321
321
342
299
299
298
277
297
335
281
272
286
323
284
286
302
260
283
291
287
289
298
274
305
280
288
305
307
311
265
264
279
305
274
238
289
265
250
286
279
266
272
246
296
282
264
256
252
277
265
280
315
273
238
278
246
264
282
265
258
259
278
256
272
274
254
264
250
255
246
264
281
248
235
233
252
246
281
222
237
236
237
240
259
265
241
251
227
227
251
282
270
224
224
246
264
219
211
229
256
219
223
238
221
249
232
239
256
248
216
212
233
232
230
228
222
206
216
213
226
235
197
238
230
219
232
230
233
209
202
206
217
245
231
200
187
225
213
218
180
213
192
198
232
211
221
187
191
216
185
210
222
186
211
210
230
179
234
209
200
186
194
208
217
198
216
201
222
168
177
199
209
224
209
198
212
171
189
208
198
196
210
181
198
206
209
219
184
178
211
198
207
214
190
195
178
185
179
162
156
202
183
168
158
200
202
165
185
214
187
192
187
164
204
205
192
204
206
161
176
197
177
181
192
189
161
184
182
186
208
201
193
170
182
190
177
182
172
157
192
149
162
147
195
183
177
169
179
161
185
171
173
167
170
173
178
162
171
189
167
159
181
170
160
147
161
169
142
165
177
180
153
145
181
162
136
155
163
186
182
153
192
154
154
169
160
152
164
158
162
140
154
187
170
154
143
146
152
168
143
170
165
151
178
151
129
162
163
145
169
155
157
151
154
149
175
161
170
165
158
154
134
140
125
162
170
152
150
156
152
142
126
118
143
163
154
152
161
157
176
158
153
151
156
153
150
145
123
140
137
146
145
150
154
118
152
171
138
125
144
148
130
133
145
127
153
132
137
144
150
168
137
120
149
162
151
143
137
124
163
137
146
143
143
157
138
156
119
127
139
143
124
151
136
141
139
151
113
124
127
132
135
128
136
115
133
130
144
135
126
116
118
157
128
132
128
118
123
137
149
141
125
124
131
107
120
120
130
131
128
125
139
119
117
129
130
121
126
128
119
115
131
131
113
123
123
117
113
115
143
126
126
118
123
130
110
131
116
102
123
137
102
116
113
122
93
96
110
131
113
116
104
113
111
142
112
120
105
131
103
102
116
116
122
113
116
109
125
121
126
112
132
127
118
109
104
108
102
116
104
106
111
118
128
118
109
121
126
114
122
125
131
122
114
125
112
98
97
118
112
125
95
111
113
106
98
125
113
95
110
101
112
87
101
108
94
114
110
102
112
96
113
105
110
120
101
113
111
110
106
93
93
123
101
118
98
76
96
94
109
107
88
100
133
99
108
117
123
111
105
100
101
102
94
96
104
110
114
98
109
107
94
88
106
98
108
104
108
113
92
116
94
99
111
103
91
111
103
93
106
98
80
108
82
96
97
98
97
88
119
116
90
111
99
94
99
91
103
94
101
100
108
104
86
93
100
102
89
91
100
107
87
88
121
86
97
99
107
93
96
109
95
90
105
102
103
95
99
81
113
93
94
102
94
94
81
85
90
89
95
83
98
94
107
88
86
80
81
106
95
84
103
85
96
92
91
85
97
87
95
90
93
100
95
78
87
86
110
100
77
91
94
98
108
76
104
75
90
78
95
84
102
108
75
85
98
94
95
84
98
69
89
91
95
84
73
93
75
95
91
69
97
96
76
84
97
89
86
82
92
71
87
99
88
73
77
93
78
81
84
87
88
74
82
80
102
85
89
68
83
85
84
86
84
80
86
94
81
71
87
92
84
80
90
61
96
78
71
77
77
95
77
66
95
86
88
81
90
85
72
81
86
88
69
59
66
77
77
70
70
75
83
67
77
77
80
66
73
83
76
65
77
96
87
84
78
78
72
73
71
87
78
74
63
72
75
71
70
68
69
80
83
91
74
72
75
73
77
76
89
66
75
81
83
84
75
80
73
87
63
73
67
68
78
81
91
82
80
54
75
80
78
78
76
78
64
68
72
63
68
94
63
71
89
81
54
96
65
69
76
68
78
70
77
70
94
84
83
53
65
69
71
70
78
57
71
71
88
70
86
70
65
57
75
70
59
58
57
83
64
76
65
70
65
58
52
72
62
75
67
76
71
68
50
65
75
83
56
61
60
73
61
74
57
52
71
71
70
85
78
75
57
68
60
64
59
70
65
59
65
69
77
61
53
76
60
63
46
75
84
68
70
63
60
63
73
73
53
60
66
66
67
57
68
57
67
65
61
53
73
50
65
54
58
57
54
55
75
61
44
64
60
58
52
57
55
81
61
63
44
56
63
59
66
58
63
65
61
66
74
70
55
55
53
52
50
57
57
75
66
65
57
60
56
62
58
61
54
69
48
65
63
54
53
63
66
62
47
58
41
58
57
67
56
48
53
56
66
65
58
50
47
53
72
56
59
55
70
68
57
65
65
49
51
65
54
62
59
54
43
55
56
54
59
62
54
64
60
51
57
63
51
57
67
54
56
63
52
41
58
46
47
73
41
54
55
64
49
51
43
52
48
58
61
58
57
47
49
56
47
57
56
57
51
67
64
66
57
52
53
41
54
62
53
52
56
58
67
60
49
55
55
54
50
46
57
57
54
63
51
57
60
51
74
52
39
49
61
58
45
54
58
52
47
60
48
55
59
52
46
54
55
40
46
64
53
55
50
58
50
52
57
49
48
48
50
43
61
57
44
53
61
42
46
41
51
53
45
64
49
44
54
54
51
54
47
57
54
42
38
50
45
53
42
43
48
39
42
47
50
54
39
47
55
41
42
50
52
48
64
47
48
39
42
52
61
64
39
46
60
45
39
39
43
43
54
51
34
48
42
44
41
54
54
57
46
38
53
33
54
51
50
56
49
43
45
50
47
47
42
49
43
40
55
38
46
45
64
43
31
48
51
51
49
54
38
47
62
54
40
35
38
43
47
44
38
54
51
43
54
50
49
31
40
44
38
49
38
38
47
39
42
43
46
40
62
52
39
48
36
53
37
43
44
41
36
29
45
42
48
47
49
38
28
41
38
33
43
34
33
42
49
35
41
48
54
53
32
31
51
48
41
28
34
43
35
50
44
45
55
36
42
48
33
42
30
39
40
42
41
42
41
41
45
42
32
34
39
53
44
39
51
38
47
44
44
51
41
39
33
46
50
51
50
40
43
49
32
37
52
43
43
41
40
41
40
31
35
43
45
35
38
34
48
41
48
44
45
40
33
45
57
39
39
55
51
48
36
39
40
34
32
38
38
40
34
32
21
38
33
38
51
43
43
42
46
42
38
35
41
29
38
35
44
50
41
33
39
38
37
45
39
30
35
34
35
38
35
33
33
38
38
48
44
37
47
40
35
41
37
38
37
45
46
37
26
38
32
36
40
44
44
44
30
47
29
37
40
31
35
34
41
43
37
49
31
28
33
44
37
43
33
31
29
25
34
43
32
34
36
27
39
49
36
31
27
33
42
32
39
29
26
35
41
27
44
40
36
40
42
31
40
31
41
36
39
37
36
42
36
27
35
41
30
38
34
32
36
44
33
33
35
30
38
31
31
29
28
21
30
33
29
42
35
39
30
19
49
36
30
46
24
26
35
22
41
31
34
36
29
33
26
34
33
27
33
36
35
35
29
30
36
39
38
43
30
28
35
38
40
36
32
38
37
27
34
30
34
29
35
42
28
37
48
33
40
34
38
25
38
40
28
28
33
41
29
28
36
36
36
27
32
38
26
30
32
43
34
33
31
26
31
35
32
25
47
30
27
29
35
36
34
41
31
34
33
34
22
28
35
42
36
32
37
37
27
25
32
24
33
37
32
44
31
29
27
26
29
40
26
37
28
27
29
42
39
23
25
31
41
30
30
36
34
28
33
20
36
29
31
36
34
32
29
34
27
28
35
30
38
35
34
32
29
42
41
32
27
32
42
35
27
29
28
23
32
33
36
36
32
36
22
37
30
21
24
34
26
35
37
29
25
47
33
24
29
27
28
15
29
23
28
32
35
26
33
39
33
32
27
37
28
21
30
29
34
34
30
41
27
33
32
33
36
35
39
33
30
38
32
33
27
33
26
33
38
42
34
29
29
34
32
23
27
26
37
24
33
22
21
30
37
38
26
28
29
23
30
37
29
23
30
36
23
33
36
28
23
25
22
29
23
28
29
33
29
21
22
37
25
29
25
29
23
26
27
29
28
29
31
26
34
27
35
22
31
36
28
24
34
28
26
28
22
33
26
27
33
33
34
28
26
30
17
19
29
28
36
34
23
27
24
21
27
32
24
22
25
18
32
27
25
21
27
31
30
26
22
33
20
31
29
23
33
29
36
28
19
25
23
27
31
24
33
28
31
29
29
24
27
20
28
17
26
26
27
38
19
30
15
27
17
26
25
23
28
23
29
20
31
25
38
28
25
25
24
27
25
33
28
35
18
29
22
27
21
30
24
17
25
29
26
22
33
16
21
33
36
36
21
27
11
27
27
31
21
23
12
31
27
25
23
27
33
34
32
21
33
30
25
22
20
16
33
17
23
32
24
31
26
27
30
27
31
26
29
18
28
32
27
32
20
20
24
26
24
28
23
20
20
34
22
31
17
25
29
30
16
26
27
26
27
21
24
22
26
27
31
17
25
30
19
24
20
16
21
28
38
26
29
32
25
23
21
29
29
29
32
14
19
20
27
25
22
26
31
20
23
26
26
27
30
34
30
22
26
19
19
24
24
24
25
18
23
20
29
14
20
25
23
14
23
35
25
30
22
20
22
23
35
23
24
27
23
28
20
29
30
24
18
17
15
23
28
23
24
19
35
19
19
24
25
30
15
19
23
27
24
23
27
28
7
32
30
13
26
18
22
30
29
18
24
27
23
20
15
19
21
24
28
24
21
24
34
31
21
15
26
19
31
17
31
16
26
23
26
27
21
21
23
22
25
18
19
23
24
27
14
16
24
27
21
21
34
27
21
19
22
19
30
25
15
22
17
24
24
28
25
29
27
27
18
21
25
26
19
19
29
23
21
27
21
21
14
24
17
18
27
25
19
27
21
24
19
19
26
28
28
24
19
19
18
15
27
12
44
18
28
24
18
24
29
15
25
23
26
20
15
23
20
17
30
23
29
23
21
25
18
21
21
19
15
25
21
24
16
15
22
19
20
21
16
17
19
16
24
15
18
25
23
17
28
23
22
16
19
16
23
24
26
20
19
16
23
23
24
18
17
31
15
15
27
22
22
34
20
20
21
23
18
24
25
18
21
20
20
25
23
24
22
17
21
23
21
23
21
25
16
20
25
28
17
20
19
25
26
26
19
16
17
18
24
29
15
26
20
15
21
21
16
16
20
21
23
25
31
20
16
29
14
20
21
21
18
21
23
16
11
22
19
21
15
23
14
23
19
20
16
19
14
24
20
23
24
23
21
19
16
22
23
18
17
23
17
20
28
29
21
14
20
12
26
17
21
20
26
22
22
22
16
18
29
22
17
18
18
22
17
15
30
25
21
23
19
21
20
20
10
24
16
18
15
30
23
29
17
22
16
22
20
23
28
18
33
15
24
20
26
21
24
19
17
17
17
22
24
20
15
23
26
26
27
17
21
31
18
27
15
18
19
22
19
16
17
15
22
19
28
23
18
22
14
18
20
12
23
21
22
20
15
25
22
16
29
18
26
23
16
25
23
21
20
33
22
17
19
16
17
30
29
16
25
21
21
24
20
22
14
20
27
22
19
22
10
12
25
17
14
11
25
19
20
19
26
17
23
23
15
16
17
29
23
19
18
12
26
21
17
31
26
24
20
22
30
24
22
18
19
24
24
17
23
18
12
20
22
13
20
18
18
20
22
17
23
21
17
18
27
14
14
17
25
21
21
18
15
23
25
17
23
19
21
23
15
28
19
18
25
22
13
15
22
22
17
16
18
23
21
21
26
18
26
23
8
19
19
19
20
30
22
14
14
15
20
15
16
15
15
26
21
11
22
24
24
19
17
19
16
16
23
20
17
24
18
21
19
19
22
18
17
16
17
13
17
18
19
16
14
12
22
20
18
14
15
14
24
17
22
26
19
16
20
19
18
17
17
25
25
17
11
17
19
22
18
15
20
13
13
25
17
23
14
18
13
16
22
19
22
15
15
17
20
14
12
16
15
13
13
15
20
16
14
17
18
18
17
17
12
21
19
21
15
19
14
17
17
21
13
17
8
21
20
15
13
22
24
15
22
20
11
22
16
16
19
27
25
16
19
18
24
21
27
21
22
19
13
21
23
22
23
17
24
19
14
18
25
20
8
19
24
21
19
22
12
17
20
13
25
15
12
20
22
16
18
12
13
26
16
12
20
20
17
15
19
16
20
14
19
12
16
17
15
23
17
19
30
16
19
19
19
15
20
21
21
22
16
13
21
23
22
17
16
22
17
11
18
23
14
16
14
21
12
14
16
20
27
35
24
24
19
17
14
13
21
26
15
14
19
19
15
22
10
19
23
28
21
18
12
15
23
19
19
8
16
22
19
19
14
22
24
26
20
18
25
19
12
10
15
21
20
18
25
18
21
25
16
11
20
20
21
13
14
19
24
19
20
14
25
22
18
20
21
16
19
10
17
16
14
16
19
17
21
17
16
17
15
18
18
20
18
13
17
17
21
19
16
21
17
12
10
20
21
16
19
18
23
17
19
13
18
20
15
22
14
18
13
16
22
17
13
13
11
16
19
21
23
20
21
17
26
21
21
19
22
12
19
11
16
23
16
14
22
11
14
13
16
18
15
22
12
16
14
22
18
12
25
13
19
19
24
22
18
13
18
15
12
20
21
27
18
18
11
15
11
16
22
22
23
16
21
22
17
10
22
14
23
14
19
16
14
15
20
6
15
16
18
13
22
23
20
16
26
12
18
11
15
16
7
12
27
15
20
14
15
16
13
19
12
15
15
16
15
17
16
16
20
11
13
17
13
18
19
15
13
15
19
14
20
27
22
15
23
17
21
18
16
18
11
19
17
14
17
15
8
19
26
17
16
16
18
11
13
24
21
18
16
16
24
26
21
15
16
18
24
12
15
14
15
10
17
15
23
10
18
20
14
20
13
18
20
9
20
21
13
15
14
21
10
21
19
8
17
19
10
15
22
15
17
19
15
20
13
15
23
18
11
18
6
17
19
22
17
14
14
13
17
15
21
16
14
13
24
19
18
19
15
12
25
15
21
20
7
23
15
15
19
15
14
15
12
14
19
12
18
10
21
17
19
13
16
20
20
20
12
16
16
21
24
14
14
19
18
16
23
14
15
21
22
18
22
9
21
19
16
27
27
12
17
16
13
16
20
16
22
18
15
23
11
19
19
21
19
21
17
13
12
19
20
14
18
18
18
14
21
13
19
21
27
17
21
14
14
20
12
13
8
17
17
17
19
13
14
17
12
20
29
17
20
18
25
11
14
19
19
14
18
18
18
18
16
15
13
19
16
14
10
15
16
12
22
15
14
18
27
18
16
8
18
17
30
18
25
12
14
20
8
23
15
26
16
9
23
11
14
10
18
16
23
16
8
20
11
16
12
20
12
14
14
16
25
16
18
22
11
21
19
13
15
16
15
20
11
20
17
13
13
22
10
12
15
16
10
21
17
14
23
13
12
21
25
16
15
25
18
19
15
18
17
15
19
10
17
15
18
13
19
15
24
21
18
16
13
14
17
14
12
18
20
18
10
18
19
14
13
12
13
20
19
15
21
15
21
10
22
8
12
17
30
13
10
15
17
11
18
19
14
23
16
25
16
14
18
14
6
12
21
22
14
23
14
21
18
19
13
18
12
15
24
16
15
17
15
15
18
8
15
13
16
24
18
13
13
17
29
12
15
20
16
22
19
21
16
20
14
8
10
20
18
18
22
15
11
13
18
11
13
14
21
7
24
16
26
14
13
18
15
16
9
16
20
18
17
15
14
18
21
15
15
12
15
15
16
14
13
15
13
21
13
16
10
11
14
10
14
17
11
16
13
15
17
14
8
22
14
23
10
12
16
11
21
23
18
21
30
17
17
15
15
19
12
15
20
19
15
17
14
16
15
15
21
20
20
10
11
17
23
16
11
17
17
22
16
15
20
17
8
20
15
14
11
22
8
15
14
8
12
20
18
13
18
18
19
13
22
15
11
9
15
18
13
16
17
13
25
18
16
15
16
19
16
12
16
7
8
13
19
12
25
15
11
17
12
16
19
25
18
18
18
20
19
19
15
19
19
21
18
9
18
15
12
18
27
15
19
15
12
18
9
13
15
12
14
14
19
15
20
12
16
18
12
23
17
17
15
5
17
19
19
14
21
20
19
12
18
18
15
11
12
19
9
16
17
16
20
16
12
11
15
7
25
15
16
16
19
11
14
11
20
18
19
17
22
15
12
21
19
13
12
12
11
21
16
14
17
16
15
12
16
18
20
20
17
12
18
22
18
22
20
13
17
12
16
15
14
15
17
14
17
16
3
13
10
19
17
11
16
13
15
16
11
20
15
18
21
13
23
18
20
17
21
16
18
11
17
11
8
19
5
13
17
12
16
18
15
15
18
19
16
10
9
13
11
13
22
19
10
10
9
14
8
15
30
16
11
14
22
15
11
16
14
11
14
18
14
11
16
11
18
14
14
18
14
14
17
20
28
13
10
15
12
8
16
16
17
12
21
24
15
15
11
22
17
16
13
15
14
21
15
15
14
18
18
17
17
11
15
16
14
15
8
13
23
20
19
14
15
17
25
21
14
14
10
11
18
17
10
18
30
7
11
15
15
15
14
13
14
15
15
16
5
15
16
19
13
12
15
21
11
17
18
17
17
20
21
28
12
12
15
11
17
20
16
14
19
17
20
11
12
14
17
11
19
13
9
14
18
12
22
9
11
15
15
18
15
19
11
14
27
16
12
13
17
16
13
13
15
16
11
21
21
20
12
10
16
12
21
12
17
18
19
15
18
16
10
14
21
21
13
13
11
16
18
17
17
15
17
11
18
20
11
12
28
20
12
18
13
14
10
23
14
14
17
21
15
25
15
16
12
16
13
16
19
16
20
7
13
11
14
13
10
21
12
17
15
20
12
18
13
18
16
24
25
19
23
11
19
18
18
20
15
8
17
10
18
10
25
19
17
14
9
18
10
9
18
14
9
19
17
13
16
22
14
10
13
15
13
17
20
23
12
19
14
16
14
17
15
13
10
17
10
12
18
21
15
13
15
11
13
17
13
20
17
13
16
12
12
20
23
14
16
14
14
20
14
15
10
12
19
16
17
10
16
17
12
17
21
9
15
12
13
16
12
11
23
17
13
21
18
11
8
23
11
7
16
13
17
20
20
18
17
17
22
16
17
15
15
13
10
19
14
19
16
15
16
10
11
13
17
15
16
17
11
11
21
12
13
15
21
13
10
17
12
14
19
10
17
18
9
17
21
14
11
25
15
6
18
15
9
21
18
22
21
16
12
11
14
8
9
14
12
17
13
16
16
19
18
20
12
19
15
12
23
15
16
11
10
14
8
17
19
11
21
11
12
16
18
18
19
19
13
14
16
14
16
5
15
16
15
11
8
23
15
14
8
14
15
14
17
14
14
17
14
16
10
10
22
16
10
18
16
16
16
18
13
16
14
19
22
16
20
10
18
9
18
14
19
17
14
11
13
18
22
14
10
16
14
12
16
15
21
21
15
20
16
16
17
13
22
5
16
21
18
11
12
20
13
20
18
20
15
11
19
18
16
12
15
21
24
12
19
15
16
16
17
14
13
19
10
18
13
17
10
13
11
15
15
21
16
14
18
10
13
11
18
14
7
8
15
10
20
15
19
14
18
12
13
20
17
19
20
19
17
21
16
22
15
10
13
11
20
15
18
18
11
9
14
10
11
20
10
12
16
20
13
14
8
15
19
9
16
13
19
17
13
10
25
9
14
13
16
19
13
18
21
9
17
17
21
12
13
10
19
16
24
9
21
9
29
7
14
21
15
18
15
17
14
11
16
19
12
21
16
15
18
15
13
13
11
19
15
18
10
20
20
12
16
21
18
7
13
17
13
13
18
7
12
14
12
13
18
17
12
15
19
22
20
14
14
16
19
15
16
21
10
9
20
8
12
13
21
11
17
22
11
9
15
14
17
11
18
16
7
16
19
13
21
15
15
17
16
21
14
17
6
16
9
21
20
14
13
13
17
12
17
16
8
17
21
14
18
16
10
13
18
17
9
11
11
18
11
15
16
13
20
14
12
18
11
8
18
15
21
14
17
13
14
10
20
23
8
11
11
15
16
19
19
16
20
14
22
13
10
24
18
21
15
13
17
12
19
15
15
11
13
18
17
11
22
11
12
15
12
16
19
16
24
19
12
12
17
16
18
17
19
15
10
20
16
15
17
14
14
20
12
17
19
14
18
16
10
19
14
23
16
22
14
21
11
18
12
12
16
11
12
15
17
13
10
11
12
14
18
13
13
15
14
13
10
25
13
14
21
17
19
13
18
12
12
18
16
12
17
11
7
15
9
17
15
11
15
9
13
15
11
21
18
22
13
13
18
11
11
10
9
15
15
16
17
18
19
15
7
12
16
13
15
17
14
17
10
9
17
18
15
16
18
16
16
16
18
12
21
14
20
20
17
21
18
12
21
12
22
13
13
13
12
17
13
20
20
15
18
14
11
15
14
12
16
20
10
18
11
18
15
10
17
16
14
13
10
9
13
15
20
10
16
19
6
14
11
17
10
15
20
10
17
13
18
16
18
18
12
14
8
13
15
10
22
19
16
12
18
13
13
16
13
16
20
20
20
14
21
12
16
15
18
15
11
18
14
17
19
24
8
22
19
12
18
13
13
18
13
13
23
18
16
15
15
18
14
22
13
14
20
16
22
21
7
9
12
16
15
15
12
16
10
13
14
16
11
26
18
14
21
14
18
18
15
15
23
14
22
15
24
17
15
20
9
23
12
17
15
16
14
10
15
16
17
17
13
7
12
12
12
9
10
14
13
13
19
11
18
16
10
20
18
19
16
15
18
16
12
18
22
5
14
12
8
11
22
16
16
15
15
14
13
15
15
19
11
19
19
18
17
10
13
13
16
16
17
21
20
11
16
20
15
15
17
21
11
12
19
9
19
23
20
12
15
14
11
15
14
15
16
24
15
18
12
22
18
11
17
14
8
8
15
12
17
12
15
17
15
12
13
11
11
11
18
17
21
17
12
19
12
15
16
21
16
14
13
14
12
11
11
11
10
19
24
8
12
17
16
12
12
16
11
19
16
14
17
16
25
13
14
17
24
9
16
11
15
12
16
15
19
22
9
16
11
19
16
19
10
12
18
14
7
21
13
7
26
14
18
17
12
11
23
15
12
12
15
19
14
25
22
16
17
23
13
9
17
14
14
13
17
12
14
11
13
14
23
17
15
22
9
18
9
11
12
11
16
10
11
7
17
16
19
23
17
18
10
21
21
16
14
22
13
11
21
13
12
11
13
20
16
14
23
10
19
18
22
13
14
10
11
12
18
15
17
22
13
16
16
21
11
11
21
16
17
19
18
11
12
19
16
13
13
17
15
12
20
13
24
14
16
11
21
16
21
12
14
15
16
15
15
19
19
13
10
11
18
10
14
15
7
15
16
13
14
12
10
7
20
22
8
13
15
23
10
16
16
23
18
10
14
13
20
20
12
14
15
15
22
15
16
15
14
12
13
23
15
17
18
12
9
15
14
14
15
14
10
18
15
9
22
19
17
13
13
17
23
12
9
15
26
21
18
13
13
12
22
10
13
9
18
19
10
12
13
23
13
14
15
18
13
16
17
13
6
16
17
18
8
20
15
17
21
17
12
17
15
16
15
19
18
18
12
14
13
14
17
15
16
20
14
16
15
14
15
20
13
19
19
17
23
19
23
18
19
12
18
19
12
18
15
15
22
25
16
12
21
13
9
12
13
21
13
13
18
14
17
14
26
10
12
16
17
15
13
16
17
15
16
12
11
17
18
17
9
14
16
11
14
15
13
12
11
16
20
18
12
14
12
16
16
15
13
16
13
17
14
16
14
21
16
21
17
10
15
16
16
15
11
9
18
20
21
19
20
14
13
14
11
12
17
19
17
22
17
17
12
16
14
12
13
22
24
9
20
16
13
22
17
15
9
12
14
13
15
20
13
20
17
14
21
14
11
20
15
15
12
8
17
15
16
20
11
18
12
20
18
10
13
9
18
14
9
13
11
15
17
21
12
10
14
21
12
8
13
13
7
16
12
19
8
12
14
9
17
19
18
11
14
14
16
15
8
13
13
12
14
13
12
10
17
14
7
17
8
12
13
16
13
17
5
12
7
13
17
18
15
15
21
12
19
14
24
14
20
15
15
23
14
13
13
14
11
13
11
11
10
9
17
13
18
16
16
18
19
14
21
12
11
9
17
18
20
15
11
22
14
12
14
12
17
21
19
12
15
17
17
15
15
15
8
13
12
20
12
15
14
11
15
12
16
22
15
12
15
15
32
14
12
13
16
14
17
17
14
16
14
13
14
15
18
14
9
9
15
18
12
20
15
13
14
12
13
18
17
16
16
26
23
21
12
8
16
8
19
13
17
15
16
10
15
12
15
12
19
15
16
13
18
10
18
19
29
21
11
13
13
12
18
13
15
10
20
12
11
17
19
18
12
17
16
16
14
13
21
18
12
13
14
16
15
17
8
15
7
20
17
17
15
10
22
13
17
17
18
17
21
24
14
18
12
13
11
13
12
12
22
11
13
14
7
14
16
17
17
17
9
9
12
19
15
13
23
9
13
13
22
12
9
17
17
19
17
17
13
20
16
15
12
14
20
15
13
14
19
23
15
13
17
13
14
17
15
13
16
10
14
15
15
16
8
14
11
15
9
13
14
14
18
19
14
18
14
15
21
18
15
14
16
14
16
22
19
13
18
12
21
17
19
10
20
11
16
17
12
16
10
14
24
10
15
7
12
16
16
17
14
12
14
9
19
22
13
16
16
13
16
19
12
15
7
15
9
8
14
12
6
10
18
22
14
16
17
15
16
28
13
20
13
20
21
13
7
14
12
14
13
15
17
11
16
20
17
11
17
15
11
4
15
13
16
19
16
15
23
14
18
15
11
14
14
16
14
12
5
12
13
11
14
16
6
14
15
10
14
16
13
20
11
14
15
11
12
16
14
10
13
12
18
17
17
18
9
20
13
15
17
14
16
15
14
6
14
9
17
16
15
18
12
14
17
18
16
13
13
8
6
11
27
20
12
25
13
9
21
14
12
16
8
16
12
14
16
9
9
15
24
9
11
15
15
16
12
20
17
10
19
9
13
20
20
11
18
8
13
25
8
21
15
20
22
13
20
17
14
9
15
9
14
10
16
14
17
18
20
13
15
16
11
14
21
16
15
7
25
16
18
27
12
20
18
15
9
17
12
19
13
9
17
14
17
16
13
20
15
8
22
10
15
15
11
19
17
20
15
16
14
15
21
15
12
17
18
17
12
9
19
17
15
16
10
16
19
12
14
20
16
16
23
13
11
11
15
12
17
12
11
14
22
17
10
17
12
19
19
14
15
21
12
15
14
18
13
16
7
15
15
21
16
18
13
19
21
16
12
14
13
20
14
21
15
14
21
12
11
17
16
8
20
17
16
16
15
20
21
17
24
18
13
20
12
12
16
11
12
14
17
15
15
13
13
9
12
14
17
17
16
15
20
24
22
21
15
10
14
16
13
25
15
12
20
25
16
12
11
14
9
10
11
14
13
12
19
20
9
21
10
11
16
10
15
10
15
11
14
19
11
10
14
18
16
15
12
15
17
12
17
12
17
18
17
20
17
14
17
19
14
15
18
9
19
14
15
22
18
14
12
14
11
11
13
16
16
18
8
22
13
18
21
14
10
14
22
9
14
10
15
15
16
18
10
6
16
18
26
14
11
18
17
13
19
17
15
17
17
18
22
13
12
9
18
13
11
9
17
10
18
21
17
19
14
10
9
9
15
22
10
17
9
17
14
13
13
17
19
16
9
16
12
29
18
16
23
13
17
20
16
11
12
11
15
11
16
13
19
8
14
18
18
13
15
13
20
11
20
14
17
12
11
13
14
9
16
12
10
14
12
15
10
15
20
9
19
16
9
14
14
13
12
15
17
11
12
14
14
11
10
16
15
20
12
10
20
18
15
20
18
10
14
15
18
11
14
14
17
15
13
16
18
17
18
20
8
14
15
14
10
14
13
20
19
9
17
15
18
11
18
19
12
16
18
10
13
15
20
16
10
13
16
8
11
18
14
16
22
9
16
16
20
14
7
22
22
11
20
19
14
13
18
20
8
14
15
13
16
17
23
12
17
13
19
6
16
15
14
15
19
15
9
11
17
16
17
13
14
15
16
11
14
16
15
12
22
12
19
16
15
13
12
16
10
23
15
9
20
17
17
23
14
18
20
20
11
17
11
14
12
15
19
16
11
13
19
16
15
7
17
10
17
14
9
17
18
9
20
11
19
15
12
19
15
13
11
11
19
23
12
15
12
19
20
13
12
12
19
19
12
18
20
13
11
23
18
20
14
20
14
13
16
16
18
11
22
13
10
16
15
13
16
13
16
16
10
21
14
10
18
15
14
13
12
21
20
22
16
15
9
12
9
20
19
17
8
8
26
10
18
24
17
18
21
16
17
15
19
16
5
15
12
16
10
11
21
20
17
14
16
16
19
23
16
16
16
6
14
13
7
14
12
14
14
16
20
14
8
15
10
21
11
16
13
9
20
13
13
16
15
17
15
15
13
15
23
22
21
14
17
14
15
9
19
12
15
18
15
11
18
14
17
12
19
17
15
10
15
10
16
8
10
9
18
17
11
18
22
14
19
12
15
22
21
16
18
10
16
13
15
20
12
22
9
10
24
15
21
15
15
17
10
14
12
13
14
18
17
14
15
21
4
12
17
17
17
20
12
18
14
17
27
17
8
18
10
10
15
13
16
16
13
16
20
12
15
14
24
12
27
12
17
19
11
10
14
15
13
5
16
13
10
13
11
12
22
9
12
11
17
24
10
13
9
8
6
14
14
18
12
16
14
13
18
14
15
13
10
16
20
11
21
21
12
11
16
18
10
15
12
18
23
14
13
11
16
11
17
23
15
13
16
10
7
30
21
18
18
12
20
13
7
15
14
9
21
12
11
11
13
11
19
18
12
18
10
16
12
16
5
17
20
10
10
16
15
15
18
12
13
12
15
16
14
17
18
21
16
19
14
14
8
14
19
13
8
13
11
11
19
18
15
17
14
19
17
17
17
8
11
21
7
19
10
12
14
14
12
26
11
17
22
14
10
9
11
14
22
19
10
22
18
17
12
15
11
13
14
15
20
18
7
11
10
18
12
11
12
20
15
11
15
13
14
9
14
15
20
9
17
11
22
16
19
11
12
13
19
22
18
14
13
19
16
14
13
20
13
13
14
20
13
17
13
13
16
20
12
15
13
13
11
14
24
21
22
11
12
15
15
17
17
19
22
12
16
13
13
19
15
18
11
14
12
13
13
12
6
16
11
13
17
11
18
10
26
20
11
16
13
24
9
9
23
15
16
21
19
13
18
11
18
5
15
13
18
15
15
10
17
5
16
13
14
16
14
9
13
11
16
15
13
18
16
12
18
13
15
11
17
23
18
14
6
17
20
16
16
13
19
8
21
19
16
9
17
17
14
15
11
9
13
9
21
17
10
18
13
12
15
12
15
17
12
19
15
21
19
15
18
16
18
14
18
25
14
14
13
18
8
18
16
15
22
16
18
19
15
18
19
19
16
22
16
6
16
2
19
14
5
12
21
17
21
17
21
15
15
18
15
14
13
8
17
15
12
13
11
16
13
15
13
14
21
11
15
12
20
15
17
18
19
12
16
15
24
9
13
14
14
9
22
14
12
19
12
15
12
20
21
12
11
11
10
12
16
8
8
14
17
18
18
16
19
18
16
19
16
13
19
23
20
20
27
8
16
14
17
14
22
17
16
18
12
11
13
24
16
18
18
17
18
11
12
12
17
8
13
14
18
13
13
17
14
14
17
17
12
17
14
8
15
16
26
13
14
12
19
10
12
12
7
15
14
12
7
12
17
15
12
14
16
16
17
12
26
18
25
18
17
21
13
11
17
10
17
15
20
18
18
19
18
17
18
13
10
11
13
12
29
9
20
19
18
22
5
27
12
10
16
20
23
15
12
23
16
9
13
21
18
13
9
11
14
16
17
15
14
13
11
21
10
21
16
11
13
14
17
16
14
16
13
17
14
17
16
18
21
18
14
11
11
13
15
18
13
21
12
21
17
13
15
9
11
14
20
13
13
15
10
21
20
19
18
15
14
21
19
18
22
14
18
16
11
13
14
15
16
12
11
24
20
19
11
12
10
18
13
20
14
14
23
25
14
21
16
14
16
13
16
13
17
16
12
11
15
21
12
19
12
15
11
16
11
15
19
24
15
18
18
10
12
11
12
14
18
11
14
25
14
17
16
11
17
18
14
19
15
19
16
14
17
19
16
10
9
18
14
22
16
15
13
13
14
14
18
23
23
19
22
6
12
9
8
14
16
16
12
13
16
11
11
14
15
9
15
17
16
13
13
7
9
15
17
13
9
16
11
13
11
11
17
10
19
19
15
17
13
20
12
16
18
17
18
17
15
26
17
14
16
14
15
14
15
17
12
14
13
20
17
17
13
19
17
20
22
23
23
12
17
20
12
11
14
14
9
12
18
19
15
18
17
13
12
17
13
17
13
17
17
18
16
15
15
20
13
21
18
12
11
21
16
19
12
13
12
15
15
9
17
13
19
22
13
20
16
13
12
16
13
12
17
11
10
21
14
12
19
20
13
21
18
14
21
14
14
14
12
11
17
22
14
16
16
9
8
17
12
20
12
15
19
20
8
16
9
15
15
14
9
7
15
12
14
15
20
11
19
11
21
10
12
16
13
11
10
15
12
18
10
11
12
27
19
13
21
21
10
6
19
9
19
11
12
14
26
10
15
16
12
22
13
16
20
8
13
10
13
20
10
18
17
19
15
14
18
17
9
15
14
14
18
11
13
22
18
19
10
17
15
19
12
19
12
19
13
19
17
18
8
17
11
19
12
19
20
8
16
16
10
8
12
13
13
18
26
19
20
17
19
19
13
15
11
17
11
13
13
16
15
16
14
18
12
15
16
22
20
17
18
18
8
14
12
17
20
9
17
14
12
11
18
15
21
8
15
16
16
15
13
16
13
15
12
13
10
12
11
15
16
20
20
11
9
15
19
13
7
15
19
15
15
12
12
16
8
12
16
12
13
11
18
17
10
10
13
12
14
15
20
20
15
18
10
16
17
17
10
22
15
6
13
11
10
16
20
15
11
15
14
14
14
11
17
12
15
13
16
16
17
14
16
14
12
15
15
11
21
14
16
14
19
11
10
8
20
18
20
10
8
19
9
12
14
14
15
17
11
22
14
11
15
17
9
15
20
17
13
25
12
19
11
19
23
10
15
25
16
12
14
23
15
15
5
16
11
20
10
11
15
14
9
16
17
10
8
13
7
10
18
18
16
21
17
10
19
19
17
18
20
13
21
14
16
12
15
16
19
13
15
14
17
14
17
17
7
12
19
14
11
16
13
19
12
12
18
21
17
20
19
16
9
13
15
14
17
18
10
19
13
17
24
11
14
15
15
4
17
21
10
17
20
21
16
17
20
13
8
16
16
15
7
18
10
10
14
20
19
10
19
16
21
15
10
18
14
19
16
18
15
15
12
14
22
16
20
17
11
16
27
20
16
13
18
8
19
11
11
13
16
11
12
8
13
16
14
14
18
13
14
7
8
16
21
10
22
15
17
15
9
14
9
12
24
12
13
14
15
21
11
17
17
11
17
13
26
13
12
11
12
13
18
16
22
18
11
17
12
17
16
12
11
19
15
14
18
15
15
13
10
17
12
10
19
16
17
9
8
12
15
12
10
12
17
17
20
13
18
18
14
17
26
16
16
12
15
9
24
11
10
19
15
18
15
19
18
15
12
18
19
18
15
10
11
15
15
11
22
28
15
11
17
16
7
12
10
12
11
16
18
24
15
11
16
13
11
19
14
9
17
9
13
13
15
14
11
13
18
14
21
14
20
16
8
16
15
12
14
11
13
21
12
17
10
10
15
10
8
10
17
21
13
18
20
20
11
17
17
12
14
15
20
11
14
10
10
12
25
19
9
12
21
21
23
15
17
17
17
13
12
15
18
19
16
19
8
13
20
15
16
12
13
10
21
23
15
16
22
13
19
14
17
16
11
19
16
12
16
23
12
20
17
14
13
19
15
15
12
12
20
14
21
10
22
23
11
15
17
15
13
14
18
16
10
17
14
12
19
19
13
17
14
12
17
16
9
9
17
13
15
12
17
13
16
16
14
20
9
15
18
15
12
14
16
11
12
12
11
13
8
16
17
15
7
11
10
13
19
25
20
15
14
14
18
15
21
18
13
7
10
16
13
16
14
15
17
14
15
15
13
13
10
12
10
16
16
19
7
12
12
8
12
11
9
9
14
12
21
22
13
17
17
12
18
20
15
12
25
15
19
15
18
16
15
18
17
14
15
20
17
15
15
14
14
15
18
15
19
20
12
17
17
18
9
12
13
22
20
21
15
10
16
15
19
13
16
8
7
11
9
16
8
16
14
16
13
17
17
7
15
16
15
20
20
13
7
8
13
15
13
15
12
12
14
17
15
16
8
19
10
21
13
12
18
16
19
15
17
13
20
15
17
13
12
13
11
15
15
9
16
19
16
14
16
8
15
15
31
14
19
11
18
12
12
25
21
16
15
15
17
16
16
18
17
12
8
9
11
15
21
19
8
15
17
13
18
10
18
9
13
11
19
14
20
16
14
16
10
10
11
16
16
13
16
9
13
13
18
5
14
10
21
10
12
13
15
19
14
22
13
14
21
17
14
13
17
17
19
15
11
10
17
15
10
7
21
14
13
13
18
17
15
16
13
13
10
11
15
9
15
12
15
12
15
24
14
14
15
25
20
17
18
19
18
15
16
22
7
13
17
12
12
20
12
12
17
13
18
11
19
18
11
18
16
17
18
10
15
16
13
16
21
13
11
15
12
20
11
17
16
8
10
9
14
16
19
17
13
17
11
18
24
17
8
12
11
23
12
12
11
13
12
10
14
13
13
16
16
17
19
16
22
18
24
21
19
16
7
18
3
18
22
15
12
23
16
15
17
12
18
15
16
14
12
17
10
19
19
21
20
9
10
19
18
20
16
11
14
12
15
17
11
19
15
13
17
13
9
7
17
9
9
16
17
16
15
11
18
7
11
18
18
14
19
15
12
19
11
13
13
14
9
10
16
15
10
13
17
21
16
18
16
18
17
16
9
12
13
18
13
8
19
21
12
12
19
12
14
14
14
10
7
18
10
13
13
8
19
10
19
12
9
15
19
12
19
9
22
14
13
11
9
13
15
13
11
10
12
29
7
15
16
19
16
21
17
17
12
8
16
21
14
11
22
15
14
16
15
12
13
14
17
9
17
23
13
11
21
22
16
19
18
16
12
22
20
12
20
22
8
11
15
14
19
18
14
16
12
10
9
13
18
14
20
23
19
15
16
19
17
11
16
18
13
27
18
16
14
10
14
11
17
15
17
10
13
17
13
19
11
16
10
17
18
14
13
25
13
11
14
18
13
15
22
12
15
16
12
16
12
15
20
10
13
18
18
12
12
11
14
15
14
17
16
22
11
14
15
15
19
14
13
12
13
16
23
16
14
17
15
18
20
22
19
17
15
13
16
15
24
21
19
18
7
16
13
17
10
24
19
14
9
15
13
13
6
17
15
16
20
11
15
15
18
10
8
13
19
13
15
18
26
14
15
16
8
23
11
11
20
18
13
10
20
15
17
16
18
16
11
21
13
18
19
14
19
17
8
20
18
15
19
12
10
7
13
6
16
13
13
17
21
14
17
12
16
16
13
10
20
12
11
24
10
20
13
15
15
15
12
7
9
19
18
15
16
16
13
14
21
21
19
10
20
18
18
10
10
15
15
10
11
15
9
12
11
18
17
15
12
13
19
21
11
6
13
9
18
12
17
18
13
19
10
19
6
10
22
18
15
10
20
12
12
11
10
14
23
16
11
12
18
10
12
17
14
14
12
10
15
14
17
20
13
10
13
13
13
17
19
22
18
16
14
14
15
12
9
14
16
14
17
10
10
16
14
13
14
19
15
10
18
11
16
14
12
10
10
15
14
15
17
14
15
14
10
13
14
14
13
11
12
25
22
11
9
13
21
18
11
15
18
10
10
10
15
18
10
8
22
9
14
10
15
13
19
12
9
12
8
17
16
13
16
12
12
10
11
16
16
14
20
12
16
17
10
15
17
15
12
18
19
15
15
10
15
13
20
11
12
12
9
16
12
24
16
18
17
13
22
10
22
16
13
25
22
15
20
15
14
17
20
25
15
11
16
16
8
13
12
14
20
21
14
19
12
20
19
17
14
20
14
21
13
14
20
9
17
16
15
9
13
9
14
13
10
14
17
14
15
13
16
9
17
15
11
21
11
12
17
13
16
22
15
21
13
17
14
22
12
14
14
21
15
14
10
18
16
11
17
19
11
19
13
17
12
15
15
13
4
21
14
13
15
14
21
14
8
12
11
18
15
17
14
12
15
13
10
20
10
28
13
10
20
22
15
13
13
11
9
21
13
16
13
19
17
18
17
17
12
14
17
22
12
12
8
15
10
18
11
15
19
11
10
17
9
18
14
18
9
21
15
12
13
24
14
24
15
12
12
12
17
16
17
19
12
13
26
12
19
22
13
20
19
12
14
19
15
18
14
15
11
12
15
13
17
17
13
17
11
9
16
16
20
20
10
7
13
18
13
18
9
11
15
21
13
13
15
17
16
14
12
11
20
23
13
12
18
13
15
16
17
24
14
13
16
14
9
15
15
17
11
14
20
8
12
16
19
23
18
15
18
10
16
14
12
17
11
18
11
20
15
10
14
17
16
14
10
17
15
16
14
17
10
17
16
21
16
12
14
19
16
12
16
12
17
12
14
11
16
14
18
20
11
16
18
18
16
19
14
15
7
17
10
13
18
13
11
10
14
20
10
15
15
14
14
15
13
21
16
17
15
15
10
12
18
16
12
20
13
18
7
17
11
11
17
26
15
11
16
16
15
19
15
22
13
13
15
18
19
12
12
14
16
17
14
22
15
22
18
16
17
21
18
16
15
18
18
10
10
16
10
15
16
15
11
10
11
17
26
16
15
18
15
14
15
16
17
18
19
12
14
22
13
15
15
17
15
10
20
15
10
12
9
16
14
18
16
16
12
19
14
14
19
20
18
24
10
15
15
9
12
20
15
11
16
14
19
9
11
14
12
12
9
15
15
14
15
13
9
25
9
15
12
18
21
14
12
21
12
20
20
18
13
9
16
12
23
16
14
11
12
13
18
17
18
11
9
16
7
14
10
9
14
16
16
20
12
9
15
10
14
12
11
18
11
9
22
15
19
14
14
22
22
13
17
17
19
18
20
16
16
17
19
14
10
16
9
8
21
12
15
13
17
10
12
11
11
24
19
11
18
18
13
10
13
16
18
18
17
9
13
15
11
12
15
15
18
17
17
20
20
13
13
17
14
13
12
19
17
13
11
11
21
8
8
16
22
12
15
16
14
19
10
11
11
13
20
8
16
20
18
12
15
13
12
9
14
13
17
13
11
14
16
12
17
12
14
20
18
16
16
11
11
17
14
19
16
14
15
14
15
18
16
16
23
23
12
17
15
11
11
12
18
18
17
19
20
13
18
10
11
16
20
12
7
16
19
16
15
14
13
22
13
9
8
12
12
18
13
16
14
9
14
16
13
17
17
11
17
21
13
18
19
7
12
18
19
14
14
11
17
17
18
19
18
16
12
19
10
20
15
24
13
13
13
13
15
19
11
12
22
20
16
11
18
10
14
10
17
16
15
11
12
13
8
11
17
12
23
12
11
12
17
10
10
13
20
11
19
14
9
18
10
13
11
14
12
17
12
13
13
13
11
11
15
13
10
14
16
18
16
15
16
14
11
9
16
8
20
17
12
18
14
20
15
15
13
19
14
10
14
18
17
18
22
13
18
8
18
13
16
17
21
18
23
9
13
14
21
21
13
17
16
13
16
10
10
14
10
19
11
18
14
15
18
12
12
11
16
12
17
18
16
18
16
16
17
16
18
14
9
14
15
16
17
12
18
12
11
10
10
11
19
20
15
12
12
13
12
17
20
18
17
16
25
16
16
14
15
13
13
12
17
14
13
20
15
16
21
10
18
13
17
17
11
23
16
9
25
18
13
23
18
11
13
21
23
19
17
15
20
20
21
19
17
13
14
9
19
15
13
23
16
17
19
21
19
15
15
12
12
11
18
20
16
7
9
18
17
16
12
11
11
17
22
19
11
14
16
10
18
20
19
21
13
16
16
15
15
18
14
16
16
19
19
12
15
18
16
11
14
17
18
20
18
18
16
18
15
16
20
11
17
15
16
22
17
23
9
8
14
18
13
23
13
23
15
12
13
20
16
14
12
9
14
8
13
15
11
12
17
13
16
10
15
15
18
21
27
14
12
16
20
12
15
20
16
3
12
17
13
17
15
15
9
12
16
16
14
9
17
12
16
14
17
21
14
16
18
20
24
15
13
15
11
16
15
9
12
17
14
13
15
13
18
20
10
17
15
14
17
17
14
14
15
11
18
15
13
20
14
10
14
18
16
14
16
17
12
14
16
16
15
26
10
15
21
15
11
15
17
12
22
10
12
12
10
27
12
14
17
15
16
19
21
24
16
15
15
9
14
25
8
18
20
18
14
15
21
16
12
14
16
10
13
14
15
14
17
10
13
18
10
24
15
22
17
5
12
17
12
22
20
19
20
13
12
15
15
24
14
19
12
16
14
11
19
20
14
18
16
11
16
14
15
15
17
15
12
20
12
12
9
18
21
24
9
15
19
11
14
12
25
12
15
16
16
15
13
17
12
20
23
16
12
14
11
18
21
11
13
10
7
17
13
18
15
12
20
16
19
17
16
12
14
14
15
14
22
15
19
12
18
16
12
10
15
16
12
9
15
11
15
15
13
23
17
15
21
12
13
17
15
13
11
14
10
19
14
26
24
16
16
12
18
16
17
15
15
16
14
6
7
12
15
13
11
23
15
16
15
21
15
20
16
14
20
13
12
24
19
15
10
9
15
9
15
15
13
16
19
23
8
15
10
13
14
12
27
14
15
15
10
19
13
22
20
17
8
9
19
13
14
17
23
9
13
13
12
17
14
15
15
13
15
17
14
15
14
10
22
17
16
16
10
24
13
13
12
18
12
13
13
8
12
16
12
11
15
13
21
11
23
13
13
8
11
17
9
10
17
12
8
17
10
15
10
13
16
15
14
15
18
12
11
16
15
13
16
20
10
17
15
17
12
11
12
16
19
19
15
13
13
19
17
20
19
15
9
24
17
16
12
12
18
13
11
10
12
15
16
14
12
9
16
16
18
14
15
22
14
9
14
15
16
17
12
10
18
12
16
17
13
18
13
20
12
16
18
20
21
17
11
18
17
26
12
13
20
11
14
18
11
10
14
18
14
9
16
8
18
19
24
10
12
16
16
11
9
16
13
18
14
15
16
13
12
18
16
18
18
19
10
17
11
10
6
18
13
13
17
15
12
12
9
21
14
16
14
16
9
14
17
15
18
14
14
19
18
17
14
10
14
19
17
18
16
16
7
12
19
19
12
14
15
14
15
14
14
13
19
15
17
13
21
8
13
22
12
7
17
17
13
15
11
6
14
20
13
11
7
15
14
16
12
20
21
10
12
14
13
19
14
16
17
9
14
19
13
12
7
9
18
14
19
12
18
14
15
15
15
14
13
17
18
9
17
13
11
15
19
20
16
13
16
20
16
10
19
16
17
9
12
15
20
13
12
13
14
15
11
25
13
21
18
13
12
12
9
14
22
11
13
22
14
6
24
14
18
14
12
15
12
9
14
18
11
20
6
14
12
24
14
13
19
9
22
9
18
17
9
26
17
12
11
14
11
16
20
21
10
12
14
10
13
11
21
9
17
19
14
15
12
12
10
20
14
13
16
16
12
16
11
11
20
12
12
18
24
18
13
11
8
18
19
13
17
14
7
16
11
13
10
14
14
16
8
11
13
15
14
12
16
12
17
15
12
13
16
11
9
14
10
9
10
19
9
17
13
16
12
16
25
13
7
11
19
15
14
16
21
9
14
16
13
9
24
12
14
12
15
16
15
11
16
17
15
18
19
9
10
12
19
14
19
16
19
7
11
20
23
15
18
10
13
19
16
15
23
12
12
16
22
12
13
11
16
20
23
19
22
18
13
8
11
19
20
12
14
13
17
19
14
13
18
14
21
14
19
11
15
16
12
6
6
14
14
13
10
10
15
15
13
10
18
11
11
18
17
16
18
18
19
15
11
18
17
20
12
13
16
13
17
18
12
16
13
13
17
21
13
12
17
16
12
17
9
13
11
14
15
6
16
13
11
14
16
12
13
16
13
15
20
10
16
7
20
12
19
8
11
21
16
15
10
9
14
11
18
13
17
12
11
14
15
17
17
17
16
18
16
12
11
8
13
14
14
13
8
14
11
10
22
15
13
16
16
14
18
10
16
10
12
14
14
14
18
14
22
12
16
17
15
18
12
11
10
14
13
17
15
9
10
10
20
12
15
15
12
20
11
29
16
16
11
10
21
11
15
18
18
14
12
11
15
19
19
11
14
14
13
6
18
27
14
14
10
15
21
16
13
16
15
12
20
14
12
16
21
14
20
13
21
17
14
19
13
21
17
14
13
15
17
10
8
15
10
20
15
26
9
12
15
26
12
6
13
18
16
14
16
18
9
12
19
10
13
14
11
14
12
16
14
8
13
13
17
19
13
14
19
10
11
17
21
15
20
13
18
14
15
18
15
18
13
14
21
14
13
13
12
18
22
17
22
15
15
15
19
10
14
15
15
14
8
12
14
15
10
20
11
12
21
12
10
17
13
16
17
18
16
16
13
17
13
11
11
11
17
20
17
16
14
12
6
16
14
13
11
14
19
15
11
11
6
13
16
11
7
15
19
15
16
13
15
20
9
9
15
16
20
20
14
13
11
8
15
15
14
11
14
13
15
14
17
23
10
16
12
6
7
13
18
12
15
26
18
13
14
15
14
17
17
8
6
12
16
19
14
20
21
11
16
19
20
18
10
16
14
16
22
17
17
12
15
8
17
25
17
13
12
12
12
14
20
10
18
19
9
21
10
10
21
12
11
10
12
19
14
13
15
11
17
12
10
14
20
21
15
23
13
19
13
15
13
14
12
13
11
18
17
9
17
10
18
14
16
13
13
20
8
16
9
21
17
15
15
22
14
16
15
20
12
16
15
11
10
14
12
16
17
17
20
16
12
20
20
18
12
19
15
12
12
19
19
10
13
15
12
13
18
15
16
12
14
12
14
15
18
17
21
23
7
14
20
10
16
23
13
21
14
16
16
17
14
14
12
16
9
11
14
14
10
15
14
12
7
12
12
12
8
12
12
16
9
7
21
21
16
16
17
12
15
17
13
12
9
14
11
14
11
23
21
13
12
19
17
19
19
13
12
19
10
16
13
24
18
20
17
12
9
17
14
14
19
10
20
13
17
7
14
21
15
9
16
10
16
18
15
12
19
15
23
19
18
12
19
12
9
11
13
13
13
17
22
16
13
15
7
17
22
22
18
10
18
18
12
14
13
17
9
11
16
15
14
12
17
11
13
12
18
18
14
15
14
14
11
16
17
19
13
15
11
12
10
22
18
22
12
7
18
17
13
15
18
14
7
11
11
18
16
17
19
11
13
14
4
20
10
23
14
13
17
10
18
19
14
11
16
23
15
9
21
18
10
10
15
19
8
18
17
26
15
20
16
14
19
17
19
13
12
12
13
18
14
14
13
14
20
19
14
15
12
13
15
20
15
16
9
16
14
19
13
17
10
12
11
14
14
12
14
11
13
19
13
16
22
15
15
12
18
13
13
14
14
13
17
14
18
15
13
20
18
12
18
15
15
8
11
11
17
17
12
13
13
14
12
16
19
19
16
13
16
9
19
12
13
10
18
12
19
15
17
18
12
12
25
19
12
8
16
14
19
11
12
21
17
16
14
18
9
18
16
16
15
13
13
15
17
6
11
16
12
19
14
6
16
13
11
8
13
19
17
17
9
13
17
12
14
16
15
15
13
12
16
21
18
17
18
19
16
20
15
19
5
12
11
11
11
9
16
12
16
20
17
22
17
17
11
18
18
19
12
18
20
15
20
18
18
8
11
14
24
11
12
18
14
9
18
13
14
19
12
21
15
17
16
14
17
15
17
14
14
16
16
11
13
17
21
11
17
16
11
12
15
16
17
22
13
31
9
11
17
9
12
11
14
27
20
14
15
21
16
9
20
15
19
11
18
11
19
16
21
13
13
13
19
12
13
15
10
12
18
16
12
10
15
9
12
13
20
14
9
10
17
14
17
16
16
13
14
16
12
16
16
13
12
25
12
9
11
12
13
21
22
10
18
10
10
11
14
13
17
14
16
15
13
15
11
11
22
13
15
14
12
21
13
11
11
18
9
11
16
17
17
11
10
17
12
15
16
12
15
11
14
12
13
9
17
11
16
18
17
15
15
9
11
8
15
19
15
11
22
19
15
14
17
8
17
10
9
18
14
15
12
12
19
13
13
16
16
19
14
16
9
15
17
16
15
17
14
12
17
16
16
11
18
17
15
18
9
14
6
12
22
26
14
10
20
14
18
16
22
17
14
9
18
22
13
11
12
14
17
12
18
19
10
19
25
12
14
18
8
14
10
16
19
20
19
15
18
11
10
13
19
10
22
11
13
15
15
22
14
12
14
13
19
14
12
15
18
13
17
26
10
10
17
17
11
11
14
17
11
14
19
20
17
17
14
20
13
13
16
10
15
12
16
12
12
12
20
11
19
11
13
14
13
10
17
9
12
15
11
15
14
19
12
6
19
16
16
16
12
15
21
10
12
14
17
16
16
14
20
26
17
16
13
13
20
5
14
14
17
11
17
12
14
18
11
14
20
13
17
17
10
13
14
22
17
12
12
20
13
16
17
13
18
9
11
21
15
15
22
14
15
18
12
15
19
13
19
16
21
9
14
21
13
16
13
11
10
21
16
21
10
10
13
15
12
6
21
14
21
9
15
17
10
18
19
8
13
14
9
15
10
14
16
12
16
12
16
13
16
12
14
16
10
21
19
17
14
19
14
21
17
15
16
13
10
8
16
19
13
13
17
8
20
14
10
11
16
14
14
21
10
14
22
16
28
17
16
12
15
16
11
15
17
16
11
19
16
15
16
12
16
19
20
7
14
16
19
11
21
12
14
9
13
9
13
18
5
16
20
15
20
15
19
11
17
15
18
11
18
11
17
19
18
20
14
8
15
9
15
16
19
18
15
18
10
15
12
13
16
22
20
20
13
17
17
10
13
22
23
16
15
17
13
13
14
15
12
10
16
13
15
16
19
13
10
9
9
22
21
13
11
12
14
12
15
11
14
15
10
25
16
13
16
15
17
13
11
13
16
12
20
14
13
16
21
18
13
11
11
13
17
24
12
9
18
19
14
8
15
23
20
8
10
17
15
7
20
15
10
20
17
10
14
21
19
16
11
20
20
22
18
10
13
13
17
13
8
24
19
19
17
19
8
17
19
11
16
17
15
18
11
14
11
12
19
11
18
9
20
14
25
16
11
14
16
8
21
11
12
9
13
8
22
14
19
12
11
13
25
8
10
19
10
12
18
14
19
17
17
11
12
12
16
12
22
14
15
16
9
14
19
20
22
9
14
12
16
18
15
15
15
12
14
14
13
12
8
22
21
12
18
14
21
13
15
12
16
15
14
13
17
13
16
16
21
23
13
15
9
13
17
17
13
18
11
18
18
12
18
9
17
15
12
16
15
16
15
17
18
20
15
15
14
18
17
15
11
14
11
15
9
17
18
22
11
19
9
15
12
22
10
14
18
9
14
13
10
21
13
12
12
9
16
15
12
16
19
16
14
15
20
16
20
19
14
18
14
26
15
8
14
16
15
21
16
14
14
17
7
19
18
16
22
11
15
16
16
10
11
14
18
16
16
9
20
15
14
12
17
15
12
15
19
10
15
18
17
20
12
16
19
15
19
17
20
9
16
14
14
19
14
14
18
19
17
20
17
10
12
22
12
14
14
17
6
14
22
14
11
16
16
19
16
11
18
16
5
11
18
23
11
11
18
8
11
14
27
8
12
12
17
9
10
18
19
18
16
9
9
18
21
13
13
18
10
15
8
13
11
12
11
12
14
18
15
14
19
19
13
13
12
17
17
15
29
18
16
25
17
9
12
19
11
13
21
12
11
15
11
12
12
19
18
10
10
16
12
5
11
15
15
18
19
9
12
12
20
12
13
13
12
17
14
14
10
9
13
12
14
21
15
20
24
19
16
15
16
17
17
14
12
14
14
16
13
14
7
20
23
11
19
14
21
14
10
12
16
16
11
16
19
15
14
15
16
23
15
18
9
10
19
7
16
18
17
23
29
17
11
14
14
17
16
8
10
15
13
12
20
13
21
13
21
16
19
20
16
17
14
14
20
11
13
11
17
11
16
13
16
14
15
14
14
11
14
22
14
21
11
11
16
10
21
14
24
15
13
16
11
16
19
13
6
15
7
14
14
11
15
27
16
17
12
13
15
13
16
13
13
12
16
14
13
9
9
11
19
17
20
11
17
13
20
9
10
15
22
17
19
19
21
18
14
10
16
18
19
13
16
10
21
9
20
14
24
12
23
15
11
13
15
20
20
13
16
9
13
20
15
20
20
15
15
13
14
14
15
15
14
16
21
13
12
8
10
24
23
9
9
11
15
11
16
16
9
16
14
15
9
22
14
25
22
14
13
11
15
18
16
18
19
14
18
16
20
17
11
13
12
18
9
17
24
17
16
16
8
20
19
12
9
14
23
20
13
10
22
12
12
15
13
12
11
13
14
9
16
15
24
13
23
10
13
15
11
17
14
18
13
18
12
20
22
15
18
14
17
7
14
18
17
11
11
16
14
12
12
12
18
9
17
12
12
17
16
10
15
15
11
20
20
19
12
17
11
17
16
20
17
17
15
13
16
14
11
12
23
18
16
14
17
12
16
11
12
28
13
13
22
11
17
20
23
17
16
17
10
14
13
6
19
23
20
19
14
15
18
15
16
17
7
25
16
9
15
10
18
16
22
18
22
13
18
18
19
18
18
14
9
13
16
19
12
6
18
18
26
15
12
18
19
11
14
17
32
18
13
23
17
14
10
17
9
14
13
17
17
7
16
14
17
17
9
16
14
19
12
16
21
16
16
19
18
16
9
16
14
13
15
15
16
19
15
12
18
20
13
12
18
15
23
16
14
18
20
16
23
15
18
8
20
16
19
21
16
10
14
15
21
11
5
8
22
19
18
17
21
16
19
11
18
12
15
9
11
13
15
21
18
17
9
18
8
22
13
9
22
13
20
10
9
14
10
12
18
11
12
23
20
11
18
17
17
16
19
7
9
15
16
15
14
8
17
17
10
14
15
15
23
19
14
19
16
12
18
14
21
13
18
10
12
18
13
14
18
15
14
11
20
12
17
15
20
13
15
17
14
11
11
12
16
13
15
14
16
16
20
12
22
15
13
18
15
17
10
14
15
10
17
16
12
21
18
16
13
10
19
16
23
12
22
18
15
25
18
17
8
20
27
9
12
15
22
15
11
23
17
8
12
15
13
12
15
14
8
13
20
18
15
18
28
16
17
20
8
15
10
15
14
14
12
16
16
18
13
21
16
16
17
13
10
22
22
14
14
20
11
21
15
13
9
23
13
16
12
12
20
12
20
12
19
14
13
13
14
8
21
13
23
13
13
15
8
12
11
18
11
19
22
20
17
18
20
12
22
15
13
12
9
22
15
11
19
18
17
15
17
15
12
12
10
12
13
16
5
11
12
13
14
17
21
14
13
11
17
16
21
14
8
12
9
12
12
15
12
13
16
12
16
19
9
14
18
20
11
19
14
11
6
19
17
13
15
19
22
23
14
16
12
11
13
18
11
22
12
23
13
22
22
19
17
11
12
12
8
14
11
11
20
10
15
8
11
18
19
12
11
11
19
9
20
14
21
15
19
6
19
17
18
16
28
11
17
19
13
15
7
11
12
20
14
16
22
15
13
16
22
18
9
11
11
12
16
6
14
15
12
18
15
12
16
17
14
18
13
14
14
16
13
17
14
12
13
12
18
15
11
13
10
16
21
14
11
21
11
13
22
18
13
15
8
11
16
11
26
18
14
16
28
16
12
15
14
6
16
16
13
16
17
12
9
12
19
11
25
19
10
17
13
15
14
17
10
10
21
21
14
21
15
10
16
20
16
11
12
17
17
9
16
15
12
17
11
14
16
20
17
19
12
20
8
13
9
16
21
6
16
10
13
9
17
13
19
22
18
21
20
15
10
12
17
18
21
19
18
14
13
13
19
10
15
18
11
17
17
14
20
12
18
27
11
23
10
14
13
18
15
16
12
18
12
17
16
15
11
12
18
12
13
17
13
18
16
16
15
14
17
8
14
14
15
17
9
10
15
13
24
12
16
16
12
19
12
17
19
23
18
12
8
14
18
10
17
17
14
17
12
14
16
11
8
9
17
9
13
13
13
18
13
9
12
7
13
16
12
16
16
15
10
8
8
18
14
16
15
10
17
18
20
17
22
11
18
17
20
13
11
8
18
17
11
15
13
18
20
13
12
14
10
11
22
13
19
22
10
16
17
14
6
13
13
10
22
15
13
14
14
18
16
11
14
14
16
15
16
21
11
19
13
18
11
9
12
11
15
21
16
11
15
11
13
12
17
19
15
6
22
7
11
12
10
13
22
16
14
12
18
16
11
14
14
14
14
17
16
16
14
18
17
8
13
17
16
18
19
17
16
20
24
15
12
11
14
12
22
13
17
14
10
15
18
22
16
20
18
20
14
15
14
20
8
13
16
14
18
15
12
12
23
13
14
10
15
11
18
10
13
13
14
14
16
11
18
9
12
18
13
11
10
20
12
15
18
16
16
9
12
14
22
17
21
15
16
15
8
18
20
12
10
10
19
12
23
15
10
19
13
17
15
12
10
19
19
14
16
12
10
12
11
9
19
12
10
17
10
13
21
15
18
11
13
17
17
14
12
17
17
16
13
19
15
12
19
13
11
17
22
14
20
17
12
13
18
16
12
14
11
10
14
17
16
9
10
14
10
22
14
15
12
13
12
15
12
10
14
12
15
15
13
12
11
14
19
15
17
15
24
9
5
17
13
16
13
18
17
16
14
15
17
10
13
23
14
14
19
15
23
4
18
19
22
10
15
18
13
9
16
14
20
12
15
15
19
10
20
16
20
10
15
16
11
23
20
17
10
19
22
11
15
16
22
12
19
12
14
14
17
8
21
11
10
12
10
11
15
17
13
18
18
10
13
11
13
13
15
16
11
22
10
16
18
13
23
13
11
18
11
17
13
10
21
16
9
12
17
14
14
15
14
16
14
12
13
17
16
14
14
18
13
13
17
11
19
22
10
17
12
9
15
20
17
11
14
14
17
15
8
14
10
16
15
16
14
21
15
14
19
13
13
15
15
21
12
17
18
12
14
15
17
15
8
8
18
14
28
14
23
11
13
19
18
15
15
14
19
21
11
20
9
10
13
14
5
12
15
11
18
18
9
12
15
22
14
17
17
15
19
26
15
19
18
15
19
17
14
15
10
10
11
17
14
16
14
18
17
16
15
23
21
18
9
14
13
21
20
20
11
19
13
15
17
15
14
10
17
18
17
24
22
17
17
16
20
16
13
18
15
14
13
14
19
16
15
14
16
17
22
13
19
8
11
18
18
12
11
18
18
23
21
16
14
20
14
11
10
11
16
15
10
24
16
14
20
22
19
11
10
17
16
18
24
13
18
9
20
16
15
14
14
18
9
16
20
19
14
11
16
9
13
12
14
15
14
13
16
20
9
8
11
15
18
12
15
21
15
14
10
18
14
10
8
13
17
13
12
10
15
21
20
23
14
12
13
18
18
20
15
19
23
15
10
18
16
14
16
14
12
18
10
11
17
13
12
18
13
19
13
13
21
22
13
18
14
10
8
18
14
10
7
13
17
9
19
13
12
15
11
12
17
11
3
12
17
15
16
17
11
13
17
14
13
15
11
18
18
18
12
21
13
18
12
14
16
10
10
16
15
20
15
13
14
14
16
15
14
16
16
20
16
16
15
15
16
18
15
14
21
14
17
11
16
18
18
19
14
11
13
19
11
17
13
25
13
16
13
14
14
16
13
18
15
11
13
15
17
14
17
15
10
11
9
14
14
18
10
16
5
12
13
17
11
16
17
12
10
19
9
17
13
24
18
17
16
11
17
17
11
15
14
19
21
19
16
15
19
14
13
17
17
21
10
12
21
17
15
13
10
15
15
16
13
14
16
16
14
14
16
23
16
18
15
17
15
17
17
18
18
15
20
18
17
13
14
25
11
21
11
19
19
15
18
21
17
7
10
16
16
13
16
14
16
15
9
17
14
16
16
23
14
12
18
15
18
14
14
23
14
9
10
7
16
11
17
13
18
20
12
24
20
15
21
17
13
11
18
25
11
21
9
12
20
16
22
15
20
20
15
11
12
14
13
11
19
15
15
8
10
12
14
15
9
17
20
15
11
13
17
16
13
18
13
20
13
16
22
12
21
14
8
17
16
17
13
7
11
17
11
15
13
14
15
17
9
16
14
19
15
23
12
15
13
13
10
16
14
12
12
9
17
11
15
9
12
18
14
12
10
13
10
13
15
14
12
17
17
17
11
11
22
11
15
18
17
12
19
14
18
15
15
20
10
17
8
