$SPEC_ID:
No sample description was entered.
$SPEC_REM:
DET# 1
DETDESC# BUNCHER Easy-MCA-8k SN 9051292
AP# Maestro Version 6.08
$DATE_MEA:
07/26/2019 14:43:15
$MEAS_TIM:
319 408
$DATA:
0 8191
       0
       0
       0
       0
       0
       0
       0
       0
       0
       0
       0
       0
       0
       0
       0
       0
       0
       0
       0
       1
      13
      63
     431
    1451
    2806
    4307
    5249
   11997
    5999
     475
     229
     132
     254
     743
    1576
    1878
    1867
    1834
    1520
    1419
    1368
    1256
    1262
    1388
    1372
    1377
    1412
    1363
    1338
    1358
    1307
    1313
    1302
    1274
    1307
    1295
    1251
    1205
    1220
    1238
    1227
    1277
    1254
    1251
    1163
    1147
    1123
    1138
    1127
    1146
    1105
    1155
    1168
    1133
    1174
    1088
    1123
    1166
    1054
    1035
    1097
    1039
    1006
    1144
    1058
    1053
    1037
    1061
    1047
    1048
    1041
    1009
    1025
     960
    1064
    1003
     990
    1027
     949
    1054
     964
     976
     966
     985
     980
     897
     945
     951
     898
     986
     953
     947
     928
     925
     890
     968
     968
     918
     933
     888
     936
     917
     865
     930
     915
     909
     890
     940
     867
     872
     926
     925
     881
     898
     913
     950
     951
     888
     869
     894
     832
     917
     911
     879
     896
     888
     853
     894
     845
     918
     876
     853
     863
     890
     843
     833
     859
     848
     850
     846
     871
     817
     890
     895
     865
     818
     833
     867
     862
     813
     838
     850
     806
     840
     894
     831
     832
     793
     849
     809
     828
     835
     811
     843
     798
     851
     841
     855
     869
     793
     862
     807
     814
     843
     875
     856
     818
     868
     866
     811
     845
     817
     836
     900
     835
     825
     832
     831
     847
     806
     799
     778
     879
     836
     828
     838
     843
     891
     881
     785
     879
     867
     910
     837
     817
     844
     877
     911
     836
     902
     837
     833
     834
     811
     836
     844
     847
     808
     834
     888
     880
     822
     836
     867
     910
     820
     881
     889
     927
     860
     855
     882
     842
     888
     859
     831
     839
     834
     816
     859
     907
     918
     850
     960
     921
     869
     876
     876
     946
     905
     932
     936
     891
     907
     897
     877
     918
     920
     960
     924
     891
     905
     895
     909
     899
     891
     891
     913
     935
     913
     978
     937
    1027
    1031
    1088
    1060
    1024
     984
     980
    1035
    1023
    1117
    1248
    1180
    1190
    1052
     900
     952
     990
     958
     937
     956
     964
     954
     950
     933
    1026
     979
     952
     942
     954
     952
     956
     997
     977
    1002
     977
     927
    1025
    1001
    1037
     933
    1001
    1046
     977
    1052
    1004
    1009
    1098
    1068
    1121
    1111
    1131
    1206
    1153
    1075
    1092
    1028
    1004
    1030
    1031
    1063
    1058
    1102
    1118
     987
    1021
    1020
    1036
    1043
    1068
    1017
    1002
    1034
    1049
    1005
    1047
    1054
    1054
    1062
    1015
    1029
    1067
    1051
    1033
    1022
    1122
    1104
    1144
    1053
    1035
    1087
    1101
    1073
    1046
    1054
    1128
    1089
    1114
    1085
    1062
    1054
    1060
    1100
    1091
    1103
    1077
    1051
    1148
    1054
    1107
    1123
    1124
    1070
    1128
    1208
    1110
    1058
    1091
    1114
    1057
    1094
    1118
    1088
    1091
    1109
    1206
    1127
    1129
    1133
    1073
    1134
    1154
    1179
    1102
    1172
    1140
    1173
    1160
    1167
    1182
    1111
    1141
    1167
    1167
    1176
    1146
    1137
    1155
    1164
    1139
    1155
    1130
    1174
    1173
    1168
    1205
    1148
    1214
    1193
    1171
    1222
    1119
    1205
    1161
    1220
    1186
    1177
    1119
    1250
    1215
    1198
    1208
    1199
    1146
    1208
    1181
    1242
    1130
    1203
    1233
    1164
    1140
    1217
    1202
    1168
    1234
    1168
    1232
    1145
    1142
    1227
    1190
    1163
    1106
    1171
    1198
    1209
    1165
    1169
    1160
    1172
    1114
    1205
    1152
    1206
    1204
    1189
    1182
    1190
    1184
    1167
    1150
    1170
    1144
    1172
    1157
    1216
    1235
    1197
    1194
    1207
    1143
    1186
    1181
    1189
    1154
    1162
    1225
    1163
    1211
    1207
    1130
    1180
    1160
    1178
    1179
    1159
    1174
    1145
    1067
    1202
    1131
    1120
    1204
    1173
    1151
    1195
    1150
    1178
    1140
    1143
    1124
    1100
    1168
    1225
    1100
    1116
    1181
    1189
    1189
    1205
    1128
    1121
    1120
    1140
    1205
    1112
    1188
    1192
    1114
    1179
    1083
    1168
    1092
    1117
    1099
    1098
    1199
    1116
    1152
    1129
    1150
    1132
    1099
    1146
    1120
    1125
    1079
    1151
    1169
    1087
    1157
    1120
    1144
    1176
    1119
    1146
    1030
    1126
    1163
    1161
    1157
    1153
    1185
    1131
    1097
    1149
    1155
    1108
    1108
    1138
    1142
    1112
    1147
    1158
    1062
    1140
    1176
    1167
    1157
    1152
    1144
    1100
    1129
    1135
    1135
    1123
    1141
    1090
    1140
    1131
    1111
    1080
    1151
    1137
    1119
    1104
    1093
    1138
    1137
    1115
    1139
    1120
    1108
    1099
    1190
    1097
    1174
    1138
    1128
    1121
    1063
    1170
    1167
    1049
    1169
    1107
    1082
    1125
    1066
    1154
    1142
    1145
    1126
    1144
    1107
    1179
    1056
    1121
    1136
    1117
    1158
    1182
    1083
    1099
    1093
    1141
    1133
    1118
    1115
    1102
    1086
    1043
    1116
    1088
    1088
    1083
    1120
    1111
    1091
    1139
    1103
    1146
    1107
    1174
    1125
    1183
    1175
    1164
    1114
    1246
    1212
    1172
    1188
    1149
    1253
    1219
    1165
    1227
    1256
    1216
    1161
    1200
    1171
    1166
    1226
    1217
    1140
    1208
    1221
    1196
    1175
    1151
    1179
    1151
    1147
    1137
    1111
    1097
    1117
    1123
    1166
    1123
    1135
    1121
    1127
    1125
    1131
    1108
    1096
    1127
    1075
    1079
    1083
    1078
    1076
    1100
    1061
    1058
    1093
    1106
    1077
    1115
    1052
    1074
    1096
    1158
    1119
    1062
    1125
    1045
    1067
    1022
    1043
    1079
    1053
    1038
    1090
    1044
    1034
    1057
    1119
    1078
    1019
    1049
    1043
    1082
    1006
    1076
     967
    1018
     995
    1091
    1069
     995
    1063
    1029
    1034
    1008
    1026
    1029
    1029
     998
     974
     941
    1059
     967
     979
     953
     981
     987
     953
    1001
    1026
     998
     973
     955
     964
     967
    1008
     942
    1000
    1002
     956
     883
     977
     971
     941
     923
     939
     977
     983
     974
     916
     905
    1020
     971
     960
     990
     966
     931
     881
    1005
     907
     979
     969
     973
     965
     866
     909
     933
     944
     869
     917
     928
     896
     892
     913
     874
     927
     911
     911
     920
     974
     944
     972
     884
     931
     931
     917
     905
     917
     938
     882
     899
     882
     961
     915
     937
     902
     891
     882
     920
     875
     882
     882
     932
     919
     910
     864
     863
     909
     886
     885
     908
     914
     918
     900
     868
     851
     895
     912
     957
     897
     906
     929
     921
     876
     908
     884
     885
     831
     849
     831
     859
     836
     889
     933
     871
     796
     895
     896
     880
     879
     871
     870
     859
     865
     922
     889
     897
     935
     893
     872
     844
     865
     883
     874
     916
     879
     873
     909
     887
     815
     888
     874
     875
     844
     878
     870
     916
     832
     900
     833
     886
     943
     863
     883
     803
     893
     903
     847
     881
     892
     876
     858
     869
     869
     838
     890
     806
     853
     874
     910
     867
     827
     876
     941
     853
     850
     858
     884
     865
     866
     842
     886
     859
     925
     887
     865
     893
     862
     849
     896
     895
     846
     941
     857
     901
     819
     876
     886
     878
     865
     903
     859
     810
     884
     850
     877
     855
     804
     850
     918
     889
     866
     836
     840
     870
     881
     843
     793
     852
     828
     846
     938
     871
     856
     805
     863
     893
     844
     884
     878
     884
     839
     855
     878
     859
     892
     926
     826
     881
     852
     890
     832
     867
     838
     868
     885
     902
     833
     806
     876
     878
     827
     875
     847
     874
     942
     900
     863
     866
     863
     941
     890
     864
     889
     917
     856
     910
     872
     868
     828
     870
     859
     882
     904
     908
     871
     912
     842
     869
     906
     854
     849
     892
     909
     889
     826
     872
     831
     835
     841
     886
     891
     842
     911
     831
     851
     865
     875
     846
     852
     907
     902
     864
     893
     882
     889
     867
     890
     874
     842
     851
     859
     859
     906
     836
     920
     870
     900
     885
     920
     861
     828
     846
     859
     878
     880
     868
     904
     927
     879
     907
     915
     893
     846
     926
     870
     838
     909
     865
     863
     902
     900
     863
     875
     926
     894
     895
     907
     906
     909
     929
     852
     915
     900
     951
     898
     905
     902
     905
     882
     936
     883
     850
     928
     862
     901
     886
     904
     935
     933
     936
     896
     937
     929
     929
     881
     909
     904
     978
     866
     922
     881
     887
     948
     891
     956
     925
     928
     904
     939
     915
     984
     966
     935
     886
     908
     910
     881
     922
     905
     913
     885
     925
     905
     924
     896
     914
     911
     967
     896
     947
     946
     963
     924
     966
     964
     956
     995
     986
     987
     927
     927
     928
     924
     950
     892
     887
     941
     918
     919
     935
     927
     935
     873
     906
     924
     957
     960
     956
     935
     960
     938
     944
     938
     964
     959
     984
     955
     988
     960
     977
    1003
     952
     961
     918
     926
     965
     944
     955
     964
     943
     957
     998
     964
     966
     935
     993
     922
     980
     979
     972
     950
    1009
     954
     975
     981
     980
     980
     958
     981
     967
     980
     965
     997
    1037
     980
     960
     997
     982
     990
    1005
     973
    1013
     941
    1046
    1001
    1032
     974
    1003
     975
     983
    1013
     996
     984
     988
    1002
     944
    1015
     999
    1051
    1026
    1074
    1012
     981
     984
    1021
    1011
    1019
    1030
    1024
    1062
    1019
    1005
    1068
    1068
     979
    1029
    1061
     999
    1013
    1071
     996
    1012
     987
    1060
    1052
    1059
    1018
     982
    1046
    1006
    1006
     997
    1096
    1029
    1062
    1026
    1053
    1016
    1051
    1047
    1091
    1049
    1108
    1094
    1088
    1064
    1064
    1073
    1062
    1050
    1015
    1029
    1060
    1050
    1059
     986
    1013
    1093
    1072
    1013
    1062
    1016
    1045
    1015
    1019
    1072
    1013
    1075
    1034
    1032
    1088
     999
    1008
    1090
     975
    1000
    1027
     975
    1017
    1026
    1032
     955
     995
     953
     985
     953
     952
     985
     913
     813
     895
     915
     867
     894
     861
     864
     830
     891
     821
     802
     827
     758
     783
     788
     794
     777
     784
     721
     797
     766
     802
     751
     791
     723
     757
     757
     725
     775
     692
     728
     749
     715
     661
     726
     735
     684
     723
     653
     691
     655
     692
     724
     680
     703
     714
     686
     680
     732
     750
     663
     707
     615
     644
     668
     687
     634
     645
     688
     633
     652
     636
     646
     662
     672
     616
     650
     633
     653
     644
     630
     635
     645
     667
     641
     613
     619
     672
     641
     609
     603
     619
     632
     668
     608
     573
     657
     613
     636
     558
     616
     600
     622
     586
     602
     544
     582
     620
     569
     612
     647
     573
     571
     648
     604
     572
     536
     591
     617
     610
     566
     572
     582
     558
     556
     595
     557
     614
     595
     581
     576
     589
     565
     526
     551
     582
     525
     579
     594
     576
     547
     616
     609
     560
     533
     553
     584
     594
     534
     551
     589
     498
     550
     517
     559
     539
     522
     561
     536
     527
     519
     521
     493
     557
     544
     509
     518
     523
     544
     512
     539
     500
     501
     570
     555
     503
     526
     533
     524
     500
     538
     495
     512
     528
     514
     512
     491
     511
     515
     536
     483
     508
     497
     519
     500
     518
     484
     477
     508
     494
     515
     494
     481
     503
     501
     483
     552
     487
     498
     495
     473
     488
     477
     469
     490
     459
     462
     463
     497
     440
     452
     476
     461
     435
     464
     481
     467
     481
     449
     474
     433
     468
     477
     483
     442
     459
     463
     446
     446
     462
     493
     459
     460
     512
     450
     439
     456
     421
     435
     454
     430
     458
     439
     458
     473
     435
     478
     440
     452
     471
     434
     468
     442
     439
     411
     462
     458
     429
     449
     396
     443
     421
     426
     429
     428
     436
     434
     439
     421
     448
     422
     435
     422
     432
     416
     447
     463
     396
     437
     405
     471
     411
     421
     424
     368
     418
     466
     425
     419
     421
     419
     479
     390
     387
     448
     406
     428
     386
     425
     425
     388
     444
     458
     400
     414
     450
     402
     421
     426
     415
     412
     415
     411
     399
     390
     421
     429
     376
     415
     453
     386
     411
     410
     400
     429
     415
     401
     402
     421
     417
     386
     412
     437
     380
     409
     410
     406
     381
     414
     394
     407
     409
     422
     401
     404
     425
     414
     412
     362
     413
     390
     434
     360
     402
     435
     400
     396
     390
     407
     411
     396
     438
     428
     436
     407
     388
     427
     453
     443
     392
     362
     402
     447
     399
     374
     431
     425
     402
     369
     384
     403
     364
     398
     438
     362
     359
     378
     420
     398
     449
     415
     399
     398
     365
     388
     381
     391
     412
     392
     397
     416
     384
     423
     397
     373
     375
     386
     381
     397
     392
     383
     401
     418
     400
     373
     391
     444
     381
     386
     394
     407
     377
     388
     410
     393
     391
     403
     418
     424
     393
     392
     387
     399
     384
     397
     403
     386
     399
     403
     392
     404
     368
     398
     387
     383
     390
     395
     430
     379
     363
     408
     390
     363
     423
     400
     373
     365
     382
     385
     389
     399
     387
     380
     399
     395
     374
     334
     406
     391
     412
     369
     372
     382
     346
     392
     399
     368
     394
     374
     407
     378
     387
     370
     420
     386
     398
     391
     382
     397
     377
     378
     395
     391
     370
     377
     371
     395
     381
     392
     390
     377
     380
     375
     406
     364
     376
     380
     343
     386
     397
     376
     357
     391
     354
     347
     344
     384
     387
     377
     358
     337
     394
     352
     359
     379
     328
     353
     367
     385
     383
     384
     335
     373
     378
     397
     381
     416
     362
     377
     355
     368
     382
     368
     389
     378
     338
     357
     380
     357
     381
     385
     366
     385
     391
     385
     417
     387
     367
     390
     377
     384
     389
     320
     363
     362
     390
     358
     376
     400
     389
     394
     341
     425
     401
     367
     420
     379
     366
     358
     357
     382
     392
     372
     377
     419
     376
     379
     377
     335
     406
     390
     395
     360
     409
     387
     376
     399
     345
     366
     356
     390
     367
     351
     401
     327
     377
     347
     350
     388
     374
     375
     368
     393
     337
     372
     355
     364
     372
     402
     353
     369
     415
     384
     382
     361
     374
     340
     396
     368
     369
     355
     359
     344
     370
     345
     343
     384
     392
     383
     331
     391
     334
     404
     382
     355
     358
     397
     382
     371
     376
     362
     362
     393
     373
     362
     357
     389
     389
     359
     397
     365
     411
     398
     414
     363
     372
     416
     421
     409
     445
     451
     435
     476
     472
     547
     588
     593
     666
     807
     917
    1093
    1390
    1690
    2276
    2918
    3989
    5436
    7150
    9441
   12256
   15782
   19158
   22780
   26212
   28931
   30959
   31663
   31053
   29504
   27107
   23668
   19932
   16002
   12534
    9671
    7300
    5143
    3958
    2737
    2005
    1553
    1194
     947
     796
     657
     552
     448
     436
     405
     380
     338
     302
     303
     270
     257
     287
     236
     239
     258
     249
     241
     222
     256
     210
     230
     196
     233
     202
     196
     219
     187
     185
     186
     194
     198
     178
     178
     201
     183
     205
     174
     175
     172
     175
     162
     157
     170
     168
     141
     191
     162
     143
     162
     171
     156
     150
     163
     159
     154
     152
     159
     145
     148
     134
     140
     136
     135
     149
     130
     143
     137
     142
     123
     122
     114
     136
     136
     147
     159
     150
     120
     143
     149
     129
     119
     137
     116
     136
     123
     128
     119
     154
     135
     122
     117
     118
     131
     124
     128
     109
     119
     123
     122
     144
     110
     120
     137
     118
     115
     108
     135
     100
     121
     122
     115
     139
      93
     118
     108
     114
     122
     122
      99
     117
     109
     121
     115
     122
     123
     109
     122
     114
     111
     123
     101
     126
      92
     109
     102
     103
      90
     115
      92
     128
      93
     110
     128
     114
     103
     100
      89
     107
     110
     124
      98
      97
      98
     122
     108
      89
      90
     110
     100
      89
      87
     101
      86
      98
     105
      92
      98
     104
     125
      93
     112
     100
     100
      97
      90
      97
     106
      87
     100
     113
      93
      92
     103
     107
      86
      90
      89
     106
      98
     103
      98
      86
     101
     102
      93
      98
     105
     107
     102
      99
     106
     105
     102
     106
     105
      98
      75
     104
     104
      99
      98
      82
      98
      80
      84
      78
      85
      80
      91
     101
     102
      97
     106
      97
      84
      88
      75
      77
      85
      87
      81
      89
     100
      96
      93
      96
      81
      95
      97
      84
      87
      88
      89
     105
     108
      76
      84
      83
      85
      80
      81
      96
      79
     101
      84
      81
      87
      82
      92
     100
      71
      93
      86
      97
      76
      85
      79
     100
      93
      97
      87
      84
     116
      84
      80
     101
     100
     102
      89
      89
      80
      99
      77
      94
      81
      76
      76
      96
      90
      81
      79
      96
      72
      70
      78
      67
      74
      98
      96
      82
     111
      69
      86
      77
      75
      72
      87
      94
      98
      71
      83
      69
      95
      81
      86
      92
      67
      88
      71
      86
      73
      77
      80
      87
      80
      94
      72
      89
      79
      81
      75
      92
      90
      78
      71
      77
      86
      78
      82
      76
      67
      69
      80
      80
     101
      80
      91
      91
      74
      73
      84
      63
      73
      88
      92
      64
      82
      75
      96
      81
      73
     101
      83
     109
      85
      87
      81
      85
      94
      83
      72
      86
      80
      81
      67
      82
      77
      76
      96
      82
     109
     103
     120
     112
     103
     118
      86
      83
      74
      82
      83
      88
      79
      71
     104
      74
      69
      77
      60
      80
      84
      71
      75
      80
      78
      74
      87
      67
      65
      51
      73
      79
      87
      80
      69
      69
      76
      85
      86
      69
      81
      58
      63
      76
      73
      70
      76
      85
      54
      80
      71
      69
      73
      73
      94
      60
      73
      61
      73
      69
      62
      81
      83
      75
      76
      67
      74
      77
      73
      59
      64
      72
      74
      71
      75
      67
      80
      80
      60
      73
      70
      70
      68
      51
      72
      60
      57
      76
      70
      65
      67
      74
      60
      52
      54
      55
      66
      79
      72
      68
      90
      73
      66
      72
      69
      72
      70
      63
      72
      66
      55
      65
      68
      64
      72
      66
      66
      52
      69
      54
      66
      72
      56
      66
      51
      58
      57
      63
      75
      62
      73
      54
      71
      65
      87
      63
      67
      63
      78
      64
      70
      68
      56
      68
      54
      64
      52
      87
      68
      69
      72
      63
      69
      47
      67
      64
      70
      74
      52
      78
      73
      65
      66
      48
      67
      72
      50
      65
      62
      68
      54
      70
      69
      66
      67
      66
      65
      58
      50
      78
      43
      67
      64
      70
      61
      62
      64
      64
      56
      63
      62
      61
      59
      61
      62
      58
      68
      53
      61
      48
      67
      67
      69
      68
      60
      54
      54
      64
      65
      48
      64
      60
      67
      70
      66
      52
      58
      48
      55
      58
      70
      58
      67
      65
      50
      62
      50
      37
      57
      62
      70
      60
      60
      74
      59
      74
      65
      55
      58
      63
      57
      59
      59
      56
      56
      67
      61
      57
      56
      45
      71
      63
      58
      49
      50
      68
      54
      55
      47
      56
      56
      47
      53
      65
      63
      59
      48
      42
      52
      61
      60
      52
      59
      70
      57
      53
      70
      54
      58
      54
      40
      65
      52
      39
      58
      49
      61
      59
      42
      55
      69
      47
      49
      47
      56
      58
      63
      55
      50
      56
      54
      58
      56
      58
      66
      59
      51
      61
      43
      56
      54
      58
      49
      59
      52
      55
      57
      35
      47
      56
      47
      57
      62
      61
      55
      45
      55
      45
      50
      62
      58
      53
      58
      58
      61
      57
      55
      52
      52
      45
      51
      45
      56
      44
      43
      42
      51
      54
      55
      39
      53
      52
      48
      52
      50
      61
      57
      36
      49
      34
      42
      54
      55
      56
      56
      40
      50
      50
      58
      63
      62
      44
      39
      47
      41
      49
      36
      56
      54
      45
      42
      37
      43
      38
      41
      39
      55
      42
      35
      47
      40
      47
      49
      52
      48
      51
      40
      51
      39
      47
      40
      46
      39
      57
      46
      43
      49
      57
      49
      47
      37
      55
      38
      46
      63
      54
      45
      29
      35
      44
      47
      35
      46
      58
      43
      47
      38
      39
      36
      47
      40
      47
      44
      41
      51
      39
      46
      47
      48
      45
      46
      39
      52
      39
      52
      45
      50
      35
      48
      50
      42
      40
      43
      41
      46
      29
      48
      37
      47
      49
      38
      41
      42
      37
      42
      44
      35
      53
      45
      45
      47
      49
      40
      36
      37
      41
      33
      49
      46
      47
      41
      39
      41
      54
      39
      48
      40
      47
      45
      39
      46
      42
      50
      43
      52
      47
      44
      44
      38
      40
      37
      36
      51
      39
      44
      34
      45
      38
      41
      42
      28
      35
      37
      41
      55
      43
      39
      30
      47
      41
      45
      52
      49
      39
      46
      36
      39
      49
      30
      49
      38
      38
      44
      31
      43
      43
      32
      40
      34
      41
      27
      50
      42
      58
      41
      46
      48
      36
      40
      43
      50
      35
      34
      35
      26
      33
      40
      47
      45
      34
      40
      38
      32
      41
      46
      48
      58
      43
      37
      34
      49
      43
      58
      48
      32
      50
      34
      38
      32
      48
      34
      45
      33
      40
      39
      38
      47
      31
      49
      34
      41
      36
      51
      33
      40
      37
      34
      36
      41
      39
      34
      37
      47
      40
      31
      31
      43
      42
      24
      38
      34
      39
      43
      42
      56
      31
      42
      36
      37
      48
      36
      31
      26
      37
      40
      34
      33
      36
      39
      40
      43
      44
      38
      38
      35
      32
      25
      40
      32
      40
      32
      40
      29
      31
      32
      35
      42
      40
      32
      42
      40
      47
      45
      53
      55
      45
      36
      43
      33
      23
      48
      36
      39
      48
      46
      35
      47
      29
      39
      31
      36
      28
      29
      32
      36
      37
      34
      42
      33
      27
      35
      39
      37
      30
      37
      41
      44
      46
      24
      30
      36
      28
      33
      34
      48
      44
      50
      23
      33
      41
      29
      33
      46
      33
      30
      44
      34
      24
      45
      24
      43
      37
      30
      38
      34
      26
      28
      30
      40
      41
      33
      36
      36
      33
      40
      41
      28
      39
      31
      31
      28
      17
      40
      37
      43
      41
      34
      51
      34
      37
      36
      29
      38
      35
      34
      30
      36
      33
      30
      35
      37
      39
      35
      17
      29
      38
      23
      31
      35
      37
      48
      36
      27
      40
      40
      36
      44
      41
      18
      27
      43
      29
      29
      37
      37
      43
      37
      50
      34
      30
      49
      24
      38
      33
      31
      32
      24
      43
      35
      31
      33
      31
      31
      52
      38
      27
      32
      37
      27
      35
      44
      33
      39
      42
      25
      27
      27
      33
      41
      31
      28
      26
      26
      31
      27
      33
      44
      26
      40
      44
      34
      34
      35
      36
      35
      27
      47
      30
      39
      30
      40
      29
      26
      27
      41
      30
      37
      32
      34
      22
      32
      36
      29
      21
      42
      30
      31
      34
      28
      35
      30
      25
      27
      24
      32
      24
      29
      34
      27
      30
      25
      31
      20
      33
      42
      31
      41
      36
      31
      32
      42
      24
      45
      36
      35
      37
      40
      35
      33
      43
      30
      31
      34
      30
      36
      28
      24
      32
      41
      32
      27
      30
      25
      35
      33
      26
      30
      18
      24
      30
      36
      22
      27
      24
      36
      32
      30
      27
      38
      37
      36
      36
      34
      27
      34
      34
      36
      24
      29
      33
      35
      29
      26
      44
      42
      22
      33
      27
      41
      36
      25
      33
      24
      33
      36
      20
      23
      37
      32
      29
      24
      31
      29
      27
      27
      37
      32
      26
      23
      24
      26
      23
      24
      30
      26
      31
      32
      22
      19
      40
      24
      30
      34
      31
      30
      24
      24
      29
      19
      25
      27
      30
      32
      39
      18
      31
      28
      32
      27
      24
      22
      22
      26
      29
      35
      28
      23
      32
      35
      34
      27
      22
      25
      28
      18
      29
      21
      35
      23
      25
      24
      30
      30
      33
      30
      25
      34
      30
      27
      28
      31
      21
      29
      31
      24
      29
      27
      17
      21
      29
      24
      16
      30
      28
      23
      32
      24
      26
      23
      20
      34
      24
      22
      32
      25
      24
      21
      32
      27
      26
      21
      20
      23
      30
      23
      23
      30
      32
      28
      26
      31
      35
      26
      25
      30
      21
      29
      26
      26
      24
      32
      24
      33
      21
      31
      22
      22
      34
      20
      24
      28
      34
      34
      25
      32
      39
      30
      29
      24
      24
      25
      22
      27
      26
      26
      17
      33
      26
      34
      25
      24
      23
      31
      24
      24
      24
      22
      35
      25
      23
      31
      26
      30
      25
      28
      23
      27
      25
      30
      23
      17
      21
      26
      26
      32
      23
      26
      23
      24
      16
      18
      22
      24
      27
      36
      16
      21
      24
      27
      29
      19
      15
      25
      29
      25
      27
      30
      25
      26
      21
      26
      24
      33
      22
      21
      24
      21
      25
      28
      31
      23
      31
      28
      13
      26
      22
      16
      25
      22
      21
      29
      27
      24
      21
      27
      21
      23
      25
      17
      21
      27
      27
      28
      24
      26
      22
      24
      24
      18
      23
      26
      23
      22
      24
      21
      24
      29
      25
      29
      22
      21
      22
      18
      25
      25
      26
      26
      21
      21
      32
      17
      22
      22
      20
      22
      18
      36
      34
      21
      21
      23
      24
      26
      30
      26
      28
      21
      17
      25
      26
      22
      20
      29
      36
      31
      26
      21
      22
      21
      19
      19
      29
      38
      23
      24
      37
      27
      35
      26
      22
      26
      15
      26
      23
      31
      28
      24
      26
      32
      18
      26
      24
      18
      32
      23
      16
      16
      24
      17
      29
      29
      24
      24
      19
      28
      24
      23
      29
      22
      22
      18
      28
      22
      15
      10
      23
      24
      22
      27
      23
      25
      17
      21
      22
      33
      27
      17
      24
      25
      20
      20
      24
      23
      25
      20
      28
      29
      27
      30
      19
      23
      18
      27
      19
      29
      14
      18
      31
      27
      18
      21
      16
      20
      21
      27
      28
      33
      29
      21
      13
      20
      18
      24
      18
      33
      33
      20
      23
      23
      24
      22
      21
      26
      20
      26
       7
      30
      17
      27
      21
      30
      30
      20
      23
      26
      24
      28
      22
      20
      26
      17
      13
      13
      21
      23
      23
      22
      22
      17
      20
      10
      21
      21
      24
      21
      16
      20
      21
      23
      11
      23
      22
      15
      17
      21
      25
      19
      19
      16
      28
      18
      25
      27
      16
      23
      21
      29
      30
      36
      16
      21
      21
      17
      24
      25
      23
      26
      25
      17
      28
      24
      26
      18
      18
      34
      23
      29
      29
      21
      14
      25
      27
      26
      21
      23
      18
      19
      15
      17
      19
      18
      28
      20
      21
      15
      32
      35
      21
      22
      22
      19
      23
      19
      22
      20
      21
      18
      23
      27
      15
      17
      22
      18
      22
      17
      26
      17
      15
      20
      19
      20
      18
      24
      27
      33
      18
      27
      20
      22
      18
      15
      24
      21
      23
      13
      23
      27
      20
      24
      29
      21
      37
      20
      27
      20
      22
      11
      24
      19
      22
      14
      19
      19
      16
      19
      17
      15
      15
      24
      11
      21
      28
      15
      26
      17
      17
      21
      25
      20
      17
      26
      22
      21
      26
      25
      24
      11
      16
      21
      22
      13
      17
      17
      33
      20
      21
      20
      17
      21
      15
      21
      17
      20
      19
      26
      19
      14
      17
      23
      17
      21
      24
      30
      17
      14
      19
      19
      24
      16
      22
      28
      23
      16
      17
      23
      25
      16
      21
      17
      20
      21
      18
      23
      24
      19
      17
      20
      15
      13
      16
      17
      19
      17
      27
      17
      25
      20
      25
      18
      15
      16
      20
      17
      18
      17
      19
      15
      19
      30
      15
      26
      28
      21
      29
      22
      17
      21
      18
      18
      20
      15
      28
      26
      26
      10
      24
      19
      22
      20
      21
      23
      20
      23
      11
      16
      25
      10
      19
      31
      11
      25
      27
      19
      21
      11
      28
      22
      24
      16
      22
      19
      25
      15
      15
      26
      19
      23
      27
      16
      19
      20
      15
      23
      23
      19
      21
      25
      21
      21
      26
      28
      29
      24
      22
      15
      23
      26
      19
      19
      32
      20
      27
      25
      29
      23
      30
      19
      24
      25
      26
      23
      21
      17
      30
      27
      28
      24
      16
      27
      40
      33
      23
      35
      33
      29
      37
      34
      42
      34
      32
      44
      36
      32
      34
      36
      35
      28
      30
      36
      13
      23
      26
      23
      32
      12
      19
       7
      15
      14
      10
      12
      16
      14
      14
      14
       8
      11
      12
       9
       7
       9
      10
      11
      11
       7
      13
       6
       5
      18
      12
      11
      15
       6
      13
       9
      11
      13
      10
      15
      11
      11
       7
      11
      15
      12
      14
      12
      14
      12
      13
      14
      10
      19
      17
       7
      10
      10
       9
      15
      10
      14
      10
       7
       9
      10
      16
      11
       7
      14
      12
      12
       9
      15
       6
      12
       8
      10
       8
      14
       8
      11
       5
      11
       8
      11
      11
      10
      14
      10
      16
      11
      12
      10
       7
      15
       9
       6
      10
       5
      10
      10
      17
      13
       8
       8
       7
      17
      10
      16
      10
       9
       8
      16
      21
      15
      13
       9
      14
      17
      10
      12
      13
       8
       9
       9
      13
       6
      10
       8
      11
       9
      12
      16
       9
      11
      11
      11
      11
      12
       8
       7
       7
       7
      16
      14
       7
      11
      18
      11
       7
       8
      15
      11
       9
      10
      15
      14
      14
       8
       8
       5
      11
       8
      17
       9
       9
      14
      22
      13
       8
      16
       9
       5
      14
       4
       9
      11
      14
      13
      16
      13
       9
      11
       8
      21
      10
      15
       8
      10
      10
      10
      14
       6
      12
      21
      12
       3
       6
       8
      10
       9
       8
      10
      10
      10
      20
       8
      11
       9
       7
      14
      10
      13
      13
      16
       4
      10
      12
      10
      15
       8
      13
       9
       9
       9
       6
      15
      13
       7
      11
       7
      11
       9
      14
      12
       9
      11
       7
       3
       8
      10
       7
       7
      10
      12
      16
      10
       7
      11
      13
      10
      13
      10
      15
      14
      10
       9
      13
      11
      10
       5
      11
       8
      13
      13
      11
       8
      15
       8
       6
       4
       4
       8
      11
      12
       9
       6
      15
       9
      10
      12
      13
       7
       7
      12
       8
      10
       6
       8
      11
       8
       8
       7
       9
       7
      11
       7
       7
      13
       8
      13
      18
       5
      12
       8
       9
       9
      15
      12
       8
       7
      10
      17
       7
      12
      10
      18
      10
      13
       7
       9
       5
      10
      11
      11
       9
      16
      14
      10
      10
       9
       9
      12
       3
      15
      14
      14
      10
      10
      17
       7
       8
       5
       8
       7
      10
       8
       6
       6
       7
       9
      13
      10
      10
      15
      11
       8
      16
      18
      15
      14
      12
      16
      10
      12
       8
       5
       7
      10
       9
       7
      14
      12
      17
      11
       6
       5
      12
      10
       8
       8
       6
      11
       6
       5
       9
      13
       9
      11
       9
       5
      18
      14
      11
      18
      17
      14
      20
      19
      17
      19
      12
       9
      13
       8
      10
      16
      10
      11
       9
       9
       9
       7
      13
      12
       7
       6
       8
       4
       7
       3
       5
      13
       7
       4
       7
       8
      13
      11
      11
       7
       8
      12
       7
       8
       7
       4
       3
       5
      12
       8
       7
      11
       6
       6
       7
       6
       5
       8
       7
       7
      10
       7
       3
       6
       6
       8
       8
       7
      10
       5
       6
      10
       4
       7
      13
       8
       6
       6
       7
      10
      13
       6
       6
       6
      10
       7
       5
       9
       4
       7
       3
       7
       5
       7
       3
       8
       5
       3
       5
       6
       7
       4
       6
       9
       7
       6
       5
       9
       3
       5
       9
       5
      11
      13
      11
       5
       6
       4
       6
       9
       9
       8
      12
       5
       9
       5
       7
       7
      11
       6
       5
       9
      11
       3
       3
       1
       8
       5
      10
       9
       5
      14
       8
       3
       7
      10
      12
       6
       3
       9
      11
      12
      10
      11
      12
       7
       7
      11
      10
       6
      10
       4
       5
       3
      10
       6
       8
       5
       2
       4
       8
       2
       7
       6
       2
       6
       8
       4
      13
      11
       7
       8
       7
       5
       7
      10
       6
       7
      13
       9
       5
       7
      10
       6
       6
       8
       7
       8
       5
      10
       8
       6
       4
       6
       9
       8
       7
       5
       5
       9
       7
      14
      19
      25
      24
      45
      82
     110
     136
     196
     249
     302
     280
     283
     231
     147
      90
      65
      38
      22
       8
      10
      10
      11
       7
      11
       6
       6
       6
       7
       4
       9
       4
       4
      11
      11
       8
       5
       7
      10
       8
       6
       8
       9
      10
       7
       7
       4
       3
       4
       6
       5
       8
       9
       5
       6
       4
       5
       5
       5
       8
       5
       9
       8
       4
      10
       8
       6
       7
       5
       8
       6
       9
       5
       5
       9
       5
       6
       4
       4
       6
      10
      12
       2
       8
       2
       3
       5
       4
       2
       5
       5
       4
       5
       3
       7
       5
       1
       4
      13
       2
       3
       2
       9
       3
       4
       2
      10
       5
       3
       6
       5
       5
       2
       6
       4
       3
       3
       5
       5
       3
       7
       8
       3
       3
       4
       8
       7
       3
       6
       8
       8
       7
       5
       7
       6
       7
       3
       6
       5
       4
       7
       5
       5
       7
       4
       0
       7
       4
       3
       3
       3
       3
       3
       5
       5
       6
       6
       8
       6
       7
       9
       7
       4
       2
       5
       8
      10
       6
       5
       9
       4
       4
       9
       5
       8
       6
       5
       6
       4
       8
       5
       2
      10
       2
       5
       3
       7
       7
       7
       6
       4
       3
       5
       4
       7
       3
       4
       8
       4
       7
       4
       8
       5
       2
       7
       6
       4
       5
       7
       5
       6
       5
       3
       6
       5
       1
       5
       6
       7
       8
       8
       8
       4
       4
       5
       4
       7
       3
       4
       4
       2
       5
       3
       4
       2
       2
       5
      10
       4
       8
       5
       6
       3
       5
       2
       6
       3
       3
       3
       6
       7
       4
       3
       7
       6
       4
       4
       8
       6
       9
       5
       4
       6
       5
       6
       3
       4
       4
       3
       4
       1
       9
       6
       6
       4
      10
      14
       9
       0
       3
       2
       9
       2
       6
       2
       4
       7
       2
       6
       4
       9
       4
       3
       5
       5
       5
       7
       5
       2
       1
       0
       4
       2
       4
       4
       2
       1
       5
       3
       6
       0
       4
       2
       5
       5
       6
       7
       3
       7
       3
       3
       5
       5
       2
       6
       3
       2
       2
       5
       5
       5
       7
       3
       4
       5
       1
       5
       1
       4
       3
       7
       7
       3
       3
       4
       5
       7
       1
       5
       2
       2
       4
       4
       3
       8
       2
       6
       4
       5
       3
       3
       5
       6
       2
       6
       5
       4
       1
       8
       4
       5
       4
       6
       4
       4
       3
       5
       8
       4
       0
       4
       3
       7
       5
       9
       1
       5
       4
       6
       2
       2
       4
       0
       8
       4
       5
       4
       4
       4
       6
       5
       2
       4
       4
       4
       3
       1
       3
       9
       4
       0
       5
       3
       2
       5
       1
       4
       3
       5
       6
       6
       5
      11
      13
      13
      10
       5
       6
       8
       3
       2
       2
       2
       2
       3
       3
       4
       4
       0
       6
       5
       7
       3
       6
       4
       2
       5
       4
       2
       6
       3
       2
       8
       2
       4
       0
       2
       3
       6
       1
       2
       4
       0
       4
       4
       2
       1
       2
       2
       2
       1
       4
       2
       4
       3
       3
       4
       5
       5
       2
       4
       4
       6
       5
       3
       2
       3
       5
       2
       3
       2
       1
       2
       3
       5
       7
       3
       6
       2
       2
       1
       3
       6
       2
       2
       5
       0
       5
       3
       7
       2
       4
       4
       5
       3
       1
       5
       5
       7
       6
       2
       7
       2
       4
       3
       2
       2
       4
       3
       1
       4
       0
       3
       2
       6
       5
       7
       6
       4
       4
       1
       0
       2
       7
       1
       5
       3
       5
       3
       1
       1
       4
       2
       3
       3
       1
       2
       3
       0
       2
       7
       1
       5
       3
       4
       6
       8
       3
       2
       2
       1
       4
       3
       2
       2
       5
       7
       3
       1
       1
       1
       1
       1
       2
       4
       3
       5
       2
       2
       4
       3
       2
       3
       2
       4
       4
       5
       3
       2
       4
       3
       2
       3
       5
       1
       4
       3
       3
       2
       4
       4
       9
       5
       1
       3
       2
       1
       5
       2
       5
       0
       3
       3
       5
       3
       5
       5
       4
       2
       3
       5
       6
       6
       0
       3
       6
       6
       1
       2
       5
       3
       4
       2
       2
       3
       2
       3
       3
       4
       8
      13
      12
      18
      36
      53
      88
     125
     168
     213
     260
     252
     266
     203
     174
     115
      70
      51
      25
      16
      10
       5
       5
       4
       4
       3
       1
       5
      10
       5
       5
       3
       3
       5
       1
       2
       1
       1
       1
       3
       1
       4
       4
       7
       2
       1
       3
       4
       2
       1
       2
       2
       2
       7
       5
       4
       2
       3
       6
       2
       6
       4
       1
       1
       3
       1
       4
       1
       2
       6
       3
       3
       4
       5
       1
       2
       0
       3
       4
       8
       2
       2
       2
       2
       3
       3
       2
       8
       3
       5
       1
       2
       1
       2
       3
       2
       4
       5
       2
       2
       1
       4
       0
       4
       5
       5
       4
       4
       3
       2
       1
       4
       3
       1
       0
       3
       2
       4
       5
       3
       4
       0
       3
       5
       1
       2
       1
       3
       4
       1
       2
       4
       1
       1
       2
       3
       5
       4
       0
       4
       4
       4
       1
       5
       4
       3
       1
       1
       1
       2
       3
       4
       0
       0
       2
       0
       2
       3
       2
       1
       6
       7
       1
       3
       3
       2
       0
       2
       5
       3
       1
       3
       3
       2
       1
       2
       2
       3
       2
       4
       3
       2
       2
       2
       2
       2
       2
       1
       1
       5
       5
       3
       2
       6
       3
       5
       8
       4
       6
       1
       2
       5
       4
       2
       2
       1
       4
       2
       1
       0
       3
       1
       1
       3
       5
       2
       1
       2
       5
       4
       3
       5
       1
       4
       5
       5
       2
       0
       2
       3
       7
       0
       1
       3
       2
       2
       3
       3
       2
       3
       3
       2
       2
       4
       2
       2
       2
       4
       1
       4
       1
       0
       3
       1
       2
       1
       3
       4
       6
       4
       2
       3
       1
       2
       3
       4
       6
       1
       8
       4
       2
       1
       2
       4
       2
       1
       3
       5
       1
       2
       3
       2
       3
       1
       0
       2
       6
       1
       2
       4
       3
       4
       2
       5
       1
       2
       3
       0
       4
       3
       1
       3
       1
       2
       3
       2
       1
       2
       2
       2
       6
       2
       5
       1
       3
       5
       2
       4
       4
       1
       5
       5
       6
       2
       4
       1
       2
       3
       2
       4
       2
       2
       2
       1
       1
       1
       1
       1
       2
       2
       3
       0
       5
       4
       1
       3
       1
       1
       2
       0
       2
       2
       2
       1
       2
       3
       1
       0
       3
       3
       2
       1
       1
       0
       6
       0
       3
       0
       2
       2
       5
       2
       5
       5
       4
       2
       3
       2
       1
       3
       2
       1
       3
       3
       2
       8
       2
       6
       2
       2
       1
       3
       1
       0
       3
       1
       0
       3
       0
       2
       2
       2
       0
       0
       2
       3
       2
       1
       2
       3
       1
       2
       1
       1
       2
       4
       4
       5
       3
       2
       2
       2
       3
       2
       3
       2
       2
       2
       1
       3
       0
       2
       1
       2
       3
       1
       1
       1
       2
       3
       1
       2
       3
       1
       4
       0
       1
       1
       1
       1
       1
       0
       2
       3
       3
       2
       3
       3
       3
       2
       2
       2
       5
       0
       4
       0
       0
       3
       2
       3
       4
       0
       2
       2
       0
       1
       3
       0
       1
       1
       1
       1
       3
       2
       3
       1
       1
       5
       3
       3
       1
       1
       3
       0
       2
       1
       2
       0
       4
       1
       2
       1
       2
       1
       0
       0
       0
       0
       0
       1
       3
       2
       3
       1
       0
       3
       3
       0
       0
       2
       1
       2
       3
       4
       2
       1
       3
       8
       5
      13
      16
      27
      25
      39
      32
      28
      35
      22
      17
      10
       7
       9
       5
       4
       1
       1
       1
       3
       2
       4
       0
       2
       1
       2
       2
       2
       2
       1
       0
       3
       5
       1
       3
       4
       2
       5
       4
       1
       0
       1
       2
       2
       2
       0
       1
       1
       3
       2
       4
       6
       2
       1
       1
       2
       4
       3
       2
       1
       2
       1
       2
       0
       1
       0
       3
       4
       2
       2
       2
       4
       0
       0
       2
       1
       1
       1
       0
       1
       6
       3
       1
       2
       0
       2
       1
       5
       0
       0
       0
       1
       1
       2
       0
       3
       2
       0
       0
       2
       1
       4
       4
       0
       2
       2
       0
       4
       1
       2
       2
       1
       2
       1
       2
       1
       1
       0
       1
       1
       1
       0
       2
       2
       0
       1
       1
       3
       3
       3
       1
       1
       2
       1
       3
       2
       1
       0
       3
       1
       2
       2
       3
       1
       0
       1
       2
       1
       2
       0
       0
       0
       2
       0
       0
       1
       2
       1
       1
       1
       1
       2
       3
       2
       3
       1
       0
       4
       0
       1
       2
       1
       1
       0
       0
       1
       3
       0
       4
       5
       1
       2
       0
       2
       1
       0
       2
       2
       3
       4
       2
       3
       4
       5
       1
       2
       1
       0
       0
       5
       3
       2
       2
       4
       3
       4
       2
       2
       2
       1
       2
       1
       3
       1
       0
       0
       2
       2
       1
       2
       3
       1
       3
       1
       2
       2
       1
       3
       3
       3
       1
       1
       1
       1
       1
       0
       3
       1
       1
       2
       1
       0
       6
       1
       1
       3
       2
       0
       4
       1
       2
       1
       2
       4
       6
       3
       2
       1
       4
       0
       0
       0
       1
       3
       2
       1
       3
       1
       1
       1
       1
       1
       1
       1
       1
       1
       0
       1
       1
       0
       1
       2
       2
       2
       4
       3
       2
       0
       1
       0
       1
       2
       2
       3
       0
       0
       4
       1
       1
       1
       2
       0
       1
       0
       1
       2
       3
       1
       1
       1
       3
       2
       4
       4
       1
       3
       2
       2
       3
       0
       2
       1
       1
       1
       1
       0
       3
       1
       3
       1
       5
       1
       0
       0
       1
       4
       1
       1
       4
       1
       4
       3
       1
       0
       3
       0
       0
       1
       1
       0
       1
       3
       1
       0
       0
       0
       4
       2
       1
       3
       1
       1
       2
       0
       1
       0
       1
       2
       1
       2
       0
       1
       0
       1
       4
       1
       1
       0
       0
       0
       1
       0
       1
       3
       1
       3
       3
       3
       3
       1
       0
       1
       1
       2
       3
       1
       0
       0
       1
       0
       1
       1
       2
       2
       0
       3
       0
       0
       2
       0
       0
       2
       1
       0
       0
       0
       2
       3
       2
       1
       1
       0
       1
       3
       1
       1
       1
       1
       0
       0
       1
       0
       1
       3
       2
       0
       0
       1
       1
       2
       3
       4
       2
       1
       0
       0
       0
       1
       2
       0
       3
       2
       3
       1
       2
       1
       0
       0
       1
       3
       4
       1
       0
       1
       3
       3
       2
       2
       0
       5
       1
       0
       3
       3
       0
       3
       2
       0
       1
       1
       2
       0
       3
       1
       1
       0
       0
       0
       1
       0
       3
       0
       0
       1
       1
       2
       1
       2
       1
       2
       2
       3
       0
       2
       0
       4
       1
       3
       1
       5
       1
       0
       0
       2
       0
       0
       1
       0
       1
       1
       1
       0
       3
       2
       0
       3
       0
       3
       2
       2
       4
       2
       2
       1
       5
       1
       3
       0
       2
       3
       1
       0
       2
       0
       3
       1
       1
       3
       3
       5
       0
       0
       1
       1
       3
       0
       2
       1
       1
       2
       3
       0
       1
       1
       0
       2
       1
       3
       3
       0
       1
       1
       3
       1
       1
       0
       1
       2
       1
       2
       1
       0
       0
       0
       1
       1
       2
       0
       2
       2
       0
       0
       0
       2
       3
       3
       0
       2
       1
       1
       4
       0
       1
       0
       2
       0
       0
       1
       2
       1
       3
       3
       1
       2
       0
       0
       0
       0
       1
       3
       2
       1
       0
       1
       0
       0
       3
       1
       2
       1
       1
       2
       1
       1
       1
       1
       1
       0
       2
       1
       1
       1
       2
       1
       0
       0
       1
       0
       0
       1
       1
       2
       1
       2
       3
       0
       1
       1
       2
       3
       2
       4
       2
       3
       2
       1
       0
       1
       4
       2
       1
       0
       2
       0
       1
       1
       0
       4
       3
       2
       0
       1
       1
       0
       3
       0
       2
       1
       2
       1
       1
       1
       2
       0
       1
       1
       1
       2
       5
       0
       1
       2
       0
       0
       2
       1
       2
       1
       1
       1
       1
       0
       2
       0
       2
       1
       0
       0
       1
       0
       2
       2
       2
       2
       0
       1
       1
       3
       1
       0
       1
       1
       1
       0
       1
       0
       0
       2
       0
       1
       4
       1
       2
       2
       1
       1
       2
       1
       2
       1
       1
       0
       1
       1
       1
       0
       1
       1
       4
       0
       2
       1
       3
       1
       1
       1
       0
       2
       2
       0
       1
       0
       2
       3
       1
       4
       1
       0
       2
       1
       0
       0
       1
       1
       1
       1
       1
       0
       0
       2
       0
       1
       0
       1
       1
       2
       1
       1
       2
       2
       0
       1
       0
       2
       1
       0
       0
       0
       0
       2
       1
       1
       1
       0
       1
       1
       3
       0
       1
       0
       2
       2
       2
       1
       5
       2
       1
       2
       1
       0
       1
       3
       0
       1
       0
       2
       1
       1
       5
       3
       2
       1
       0
       0
       0
       1
       2
       1
       1
       0
       1
       0
       0
       1
       1
       0
       1
       2
       3
       3
       3
       1
       4
       0
       1
       1
       2
       0
       0
       1
       0
       0
       0
       0
       1
       0
       2
       1
       1
       1
       0
       2
       1
       1
       2
       1
       4
       1
       0
       0
       1
       2
       1
       1
       1
       0
       1
       0
       1
       1
       2
       0
       4
       0
       1
       0
       1
       2
       1
       1
       0
       0
       1
       1
       0
       1
       2
       1
       1
       0
       0
       3
       0
       0
       2
       1
       1
       1
       2
       0
       0
       0
       2
       0
       0
       0
       1
       0
       1
       0
       0
       0
       2
       1
       1
       1
       1
       0
       2
       0
       1
       1
       0
       0
       3
       2
       1
       1
       1
       1
       0
       5
       1
       2
       0
       1
       1
       0
       1
       0
       0
       0
       2
       1
       0
       2
       0
       0
       0
       0
       0
       0
       0
       0
       0
       1
       1
       0
       2
       0
       0
       0
       1
       1
       1
       0
       2
       0
       0
       2
       2
       0
       0
       0
       0
       1
       1
       0
       1
       0
       1
       0
       1
       2
       1
       0
       2
       2
       2
       0
       2
       1
       1
       0
       0
       0
       0
       0
       0
       0
       2
       0
       0
       0
       1
       0
       0
       1
       1
       0
       0
       0
       0
       2
       0
       1
       1
       0
       4
       1
       2
       2
       1
       1
       2
       2
       0
       1
       0
       1
       0
       2
       2
       1
       2
       0
       0
       0
       4
       0
       0
       1
       1
       1
       0
       2
       1
       2
       0
       2
       1
       0
       3
       0
       0
       1
       0
       1
       1
       0
       0
       1
       0
       2
       0
       2
       2
       2
       0
       2
       3
       1
       3
       1
       0
       7
       2
       4
       0
       3
       1
       1
       0
       0
       3
       0
       2
       0
       2
       1
       1
       0
       0
       2
       1
       1
       0
       0
       0
       1
       2
       2
       0
       2
       1
       2
       0
       0
       2
       0
       2
       0
       0
       0
       2
       2
       1
       0
       0
       0
       2
       0
       0
       1
       0
       1
       0
       0
       0
       1
       1
       0
       1
       1
       1
       1
       0
       1
       2
       0
       1
       1
       2
       0
       1
       1
       1
       1
       2
       2
       0
       0
       0
       0
       1
       0
       0
       0
       0
       1
       2
       2
       2
       1
       1
       1
       0
       0
       1
       0
       1
       0
       1
       0
       1
       0
       1
       2
       1
       1
       1
       0
       0
       1
       2
       2
       0
       1
       1
       2
       0
       0
       1
       2
       0
       1
       0
       2
       0
       0
       2
       1
       0
       0
       1
       0
       1
       1
       4
       2
       4
       5
       7
       6
       7
       7
       8
      11
       5
       2
       3
       1
       0
       2
       0
       0
       3
       0
       1
       2
       2
       1
       2
       0
       0
       1
       1
       2
       1
       1
       0
       0
       0
       1
       2
       2
       0
       1
       0
       1
       3
       0
       1
       3
       1
       1
       0
       1
       2
       3
       2
       1
       0
       0
       0
       0
       3
       2
       1
       0
       0
       0
       0
       1
       2
       0
       2
       1
       3
       2
       0
       2
       2
       0
       0
       0
       3
       0
       1
       1
       0
       1
       1
       0
       0
       2
       2
       0
       2
       0
       0
       0
       0
       0
       0
       1
       0
       1
       0
       0
       1
       1
       0
       0
       0
       0
       0
       0
       1
       1
       0
       0
       2
       2
       0
       1
       1
       0
       1
       1
       2
       1
       0
       1
       1
       1
       0
       0
       0
       0
       1
       2
       0
       0
       0
       1
       0
       3
       0
       1
       2
       1
       1
       1
       2
       1
       0
       1
       0
       0
       0
       0
       0
       2
       1
       1
       1
       1
       2
       3
       0
       1
       1
       1
       1
       1
       1
       0
       1
       1
       1
       2
       1
       1
       2
       1
       1
       0
       0
       0
       0
       0
       1
       0
       1
       1
       1
       0
       0
       0
       0
       1
       1
       1
       0
       0
       0
       0
       0
       1
       0
       0
       0
       2
       1
       0
       0
       0
       1
       0
       2
       0
       1
       1
       1
       0
       0
       1
       3
       0
       0
       0
       0
       0
       0
       0
       0
       0
       0
       0
       3
       3
       1
       0
       0
       0
       0
       1
       0
       1
       1
       0
       0
       0
       0
       0
       0
       0
       0
       0
       2
       0
       0
       1
       1
       1
       0
       0
       1
       0
       1
       0
       0
       3
       1
       1
       1
       1
       1
       0
       2
       1
       0
       3
       1
       2
       2
       0
       0
       1
       2
       0
       2
       0
       0
       1
       0
       4
       0
       0
       2
       1
       0
       3
       0
       1
       1
       0
       0
       1
       2
       1
       1
       0
       1
       0
       0
       0
       0
       1
       1
       1
       1
       1
       1
       2
       1
       1
       1
       1
       1
       1
       1
       2
       2
       2
       1
       2
       1
       1
       1
       0
       1
       1
       2
       0
       1
       1
       3
       1
       1
       0
       0
       1
       0
       2
       2
       0
       3
       2
       0
       2
       0
       0
       0
       0
       1
       1
       1
       0
       0
       0
       0
       1
       1
       1
       0
       1
       1
       2
       0
       0
       1
       1
       2
       0
       1
       0
       0
       0
       0
       3
       0
       2
       1
       1
       0
       0
       0
       0
       0
       1
       2
       0
       1
       1
       0
       0
       0
       1
       0
       1
       2
       0
       1
       0
       0
       0
       1
       0
       0
       1
       1
       1
       0
       1
       0
       0
       0
       1
       1
       0
       0
       0
       2
       0
       0
       0
       0
       0
       0
       0
       1
       2
       0
       0
       0
       2
       0
       0
       0
       0
       1
       0
       0
       0
       1
       0
       0
       1
       0
       1
       0
       0
       0
       0
       1
       1
       0
       0
       1
       0
       0
       1
       0
       0
       1
       0
       0
       1
       0
       0
       2
       1
       1
       1
       1
       0
       0
       0
       0
       1
       0
       0
       1
       1
       0
       2
       2
       1
       3
       1
       0
       2
       1
       0
       1
       2
       1
       0
       1
       0
       0
       0
       0
       1
       1
       1
       0
       1
       0
       0
       0
       0
       3
       1
       1
       1
       1
       0
       1
       0
       0
       0
       3
       1
       0
       2
       1
       0
       1
       0
       2
       0
       2
       3
       3
       1
       0
       2
       0
       0
       0
       0
       1
       0
       0
       0
       2
       0
       1
       0
       1
       0
       3
       1
       1
       1
       1
       1
       0
       1
       0
       1
       2
       0
       0
       0
       0
       1
       0
       0
       1
       0
       0
       0
       1
       1
       0
       0
       1
       0
       1
       0
       0
       0
       2
       1
       1
       1
       0
       0
       0
       0
       0
       1
       0
       0
       0
       1
       1
       0
       0
       1
       0
       0
       1
       0
       0
       0
       0
       0
       2
       1
       0
       0
       1
       0
       1
       0
       1
       1
       1
       0
       0
       0
       0
       0
       0
       0
       0
       1
       1
       2
       2
       0
       0
       1
       0
       0
       1
       2
       1
       0
       0
       2
       2
       0
       1
       0
       0
       0
       1
       0
       1
       0
       0
       0
       0
       1
       0
       1
       0
       1
       0
       0
       1
       2
       2
       0
       2
       2
       0
       2
       0
       1
       0
       1
       1
       3
       0
       0
       0
       0
       0
       0
       1
       0
       1
       2
       0
       0
       2
       2
       2
       0
       0
       0
       0
       1
       0
       2
       1
       1
       2
       5
       0
       0
       1
       0
       1
       0
       3
       0
       0
       0
       1
       0
       1
       1
       0
       1
       1
       0
       0
       0
       0
       1
       0
       3
       1
       1
       0
       1
       0
       1
       1
       0
       0
       0
       0
       1
       0
       0
       0
       1
       2
       1
       0
       1
       1
       0
       0
       1
       0
       0
       0
       0
       0
       1
       0
       1
       2
       1
       3
       1
       1
       1
       0
       1
       2
       0
       0
       2
       1
       0
       0
       1
       0
       0
       0
       1
       0
       2
       0
       2
       0
       0
       0
       3
       0
       2
       1
       0
       1
       2
       0
       3
       0
       0
       0
       1
       0
       1
       0
       0
       0
       0
       0
       3
       0
       1
       0
       2
       2
       0
       1
       0
       1
       0
       1
       0
       0
       0
       0
       0
       1
       0
       0
       1
       1
       0
       2
       0
       0
       0
       3
       1
       0
       0
       0
       1
       1
       0
       0
       0
       1
       1
       0
       0
       1
       0
       1
       0
       0
       0
       0
       0
       0
       0
       0
       0
       0
       0
       0
       0
       1
       2
       0
       0
       1
       2
       0
       0
       0
       0
       0
       0
       0
       0
       0
       0
       0
       0
       0
       0
       0
       0
       0
       0
       0
       0
       0
       0
       0
       0
       0
       0
       0
       0
       0
       0
       0
       0
       0
       0
       0
       0
       0
       0
       0
       0
       0
       0
       0
       0
       0
       0
       0
       0
       0
       0
       0
       0
       0
       0
       0
       0
       0
       0
       0
       0
       0
       0
       0
       0
       0
       0
       0
       0
       0
       0
       0
       0
       0
       0
       0
       0
       0
       0
       0
       0
       0
       0
       0
       0
       0
       0
       0
       0
       0
       0
       0
       0
       0
       0
       0
       0
       0
       0
       0
       0
       0
       0
       0
       0
       0
       0
       0
       0
       0
       0
       0
       0
       0
       0
       0
       0
       0
       0
       0
       0
       0
       0
       0
       0
       0
       0
       0
       0
       0
       0
       0
       0
$ROI:
2
1936 2287
5338 5513
$PRESETS:
Integral
500000
0
$ENER_FIT:
0.000000 0.245432
$MCA_CAL:
3
0.000000E+000 2.454316E-001 0.000000E+000 keV
$SHAPE_CAL:
3
7.465718E+000 0.000000E+000 0.000000E+000
