$SPEC_ID:
No sample description was entered.
$SPEC_REM:
DET# 1
DETDESC# BUNCHER Easy-MCA-8k SN 9051292
AP# Maestro Version 6.08
$DATE_MEA:
07/26/2019 12:45:58
$MEAS_TIM:
333 421
$DATA:
0 8191
       0
       0
       0
       0
       0
       0
       0
       0
       0
       0
       0
       0
       0
       0
       0
       0
       0
       0
       3
       3
      34
     124
     637
    1793
    3147
    4670
    5585
   12379
    6123
     625
     365
     200
     263
     819
    1627
    1963
    1833
    1746
    1464
    1385
    1421
    1378
    1321
    1366
    1368
    1406
    1428
    1322
    1380
    1339
    1319
    1363
    1307
    1251
    1335
    1271
    1267
    1262
    1251
    1223
    1288
    1216
    1165
    1230
    1192
    1153
    1175
    1203
    1114
    1121
    1169
    1147
    1134
    1169
    1070
    1152
    1068
    1086
    1112
    1116
    1075
    1114
    1007
    1064
    1071
    1076
    1094
    1018
    1112
    1008
    1036
     968
    1028
    1058
    1051
     990
    1061
     994
     945
     969
     978
     972
     973
     961
     998
     998
     963
     961
     972
     972
     977
     928
     917
     928
     941
     927
     915
    1009
     894
     906
     910
     892
     960
     907
     933
     944
     943
     910
     885
     943
     897
     860
     922
     854
     846
     936
     911
     889
     896
     895
     860
     897
     861
     895
     866
     891
     890
     867
     903
     906
     848
     904
     854
     840
     891
     868
     876
     839
     879
     873
     862
     890
     818
     866
     878
     878
     867
     867
     874
     870
     861
     839
     852
     859
     849
     906
     813
     841
     852
     842
     847
     825
     845
     887
     792
     816
     877
     855
     829
     810
     794
     860
     812
     832
     847
     842
     857
     835
     833
     847
     856
     893
     883
     854
     801
     816
     818
     867
     865
     850
     830
     863
     833
     859
     840
     797
     836
     843
     821
     820
     844
     841
     866
     831
     863
     860
     806
     898
     790
     835
     854
     805
     869
     854
     854
     840
     829
     856
     849
     881
     843
     896
     853
     914
     830
     827
     858
     855
     879
     867
     877
     899
     896
     850
     882
     945
     856
     866
     854
     884
     902
     872
     892
     831
     932
     858
     904
     957
     880
     980
     890
     856
     894
     874
     944
     963
     946
     853
     925
     893
     874
     908
     871
     903
     899
     894
     938
     897
     967
     960
     944
    1006
     993
    1035
    1090
    1014
     992
     874
     972
     979
    1004
    1136
    1171
    1229
    1120
    1004
     943
     945
     937
     954
    1014
     925
     942
     974
     947
     956
     902
     995
     959
    1010
     953
    1003
     959
     992
     937
     921
    1003
     998
     964
    1017
    1013
    1073
     997
     996
    1036
    1042
     950
     994
    1009
    1039
    1051
    1155
    1194
    1230
    1230
    1097
     998
    1015
    1058
    1053
    1036
    1064
    1032
    1095
    1159
    1085
    1020
    1017
    1024
    1006
    1063
    1073
    1041
    1033
    1005
    1078
    1028
     988
    1060
    1088
    1052
    1084
    1067
    1046
    1085
    1012
    1027
    1061
    1029
    1142
    1087
    1068
    1075
    1115
    1085
    1054
    1102
    1040
    1063
    1062
    1112
    1094
    1102
    1046
    1090
    1106
    1037
    1108
    1110
    1140
    1137
    1080
    1109
    1127
    1097
    1122
    1138
    1153
    1094
    1071
    1068
    1076
    1179
    1120
    1162
    1151
    1159
    1116
    1164
    1123
    1166
    1116
    1167
    1158
    1122
    1122
    1149
    1093
    1127
    1172
    1166
    1145
    1143
    1142
    1172
    1140
    1132
    1104
    1148
    1160
    1248
    1111
    1168
    1212
    1197
    1198
    1170
    1173
    1140
    1162
    1154
    1174
    1229
    1172
    1135
    1195
    1224
    1165
    1113
    1241
    1226
    1182
    1238
    1211
    1151
    1277
    1159
    1202
    1171
    1188
    1208
    1216
    1135
    1189
    1098
    1253
    1145
    1191
    1157
    1143
    1162
    1179
    1180
    1124
    1199
    1182
    1114
    1204
    1202
    1203
    1229
    1202
    1205
    1148
    1185
    1164
    1174
    1173
    1135
    1186
    1100
    1220
    1244
    1239
    1182
    1141
    1122
    1144
    1179
    1191
    1166
    1203
    1100
    1181
    1197
    1184
    1187
    1203
    1121
    1175
    1179
    1091
    1181
    1157
    1196
    1234
    1159
    1166
    1157
    1146
    1139
    1161
    1238
    1225
    1160
    1164
    1129
    1144
    1111
    1158
    1100
    1173
    1168
    1160
    1133
    1177
    1124
    1182
    1152
    1180
    1076
    1112
    1146
    1167
    1218
    1110
    1158
    1115
    1177
    1120
    1159
    1131
    1150
    1139
    1121
    1107
    1150
    1161
    1110
    1166
    1117
    1159
    1135
    1111
    1139
    1145
    1117
    1161
    1108
    1101
    1149
    1170
    1101
    1164
    1156
    1151
    1109
    1099
    1149
    1230
    1150
    1146
    1133
    1095
    1081
    1145
    1162
    1158
    1112
    1123
    1130
    1115
    1139
    1055
    1126
    1186
    1110
    1169
    1077
    1077
    1122
    1154
    1129
    1108
    1102
    1111
    1129
    1118
    1077
    1112
    1140
    1098
    1117
    1114
    1126
    1102
    1135
    1148
    1090
    1064
    1047
    1118
    1090
    1065
    1093
    1186
    1131
    1146
    1068
    1166
    1136
    1150
    1130
    1118
    1110
    1076
    1135
    1123
    1164
    1116
    1146
    1090
    1153
    1096
    1096
    1095
    1116
    1070
    1170
    1093
    1080
    1063
    1139
    1137
    1162
    1107
    1096
    1122
    1130
    1138
    1092
    1112
    1068
    1126
    1067
    1058
    1095
    1087
    1172
    1134
    1081
    1148
    1086
    1137
    1166
    1080
    1155
    1118
    1076
    1089
    1168
    1138
    1131
    1202
    1190
    1194
    1165
    1211
    1180
    1237
    1173
    1184
    1217
    1192
    1197
    1195
    1246
    1133
    1161
    1186
    1160
    1185
    1095
    1150
    1193
    1122
    1112
    1156
    1110
    1152
    1146
    1230
    1150
    1133
    1160
    1149
    1142
    1095
    1141
    1119
    1100
    1178
    1088
    1051
    1088
    1099
    1085
    1102
    1074
    1060
    1104
    1076
    1078
    1061
    1054
    1051
    1076
    1111
    1057
    1048
    1064
    1045
    1053
    1029
    1064
    1066
    1070
    1057
    1064
    1040
    1008
    1121
    1047
    1054
    1037
    1028
    1036
     960
     998
    1057
    1026
    1013
     987
    1079
    1024
     953
     937
    1060
    1036
     975
     977
     934
     974
     957
     988
    1009
     977
     988
    1047
     945
     949
     961
    1056
     994
     963
     948
     989
    1050
     972
    1040
     948
     958
     978
     947
     965
    1008
     920
     947
     991
     957
     929
     930
     946
     942
     964
     966
     990
     938
     911
     956
     934
     947
     928
     942
     916
     958
     896
     962
     965
     892
     951
     900
     882
     871
     933
     934
     929
     876
     941
     937
     960
     986
     914
     946
     939
     922
     905
     962
     968
     894
     868
     869
     914
     931
     898
     930
     922
     914
     925
     926
     909
     875
     925
     959
     873
     853
     923
     877
     874
     940
     924
     861
     887
     926
     913
     887
     898
     937
     879
     863
     951
     926
     897
     967
     896
     909
     903
     909
     890
     908
     875
     859
     853
     857
     854
     855
     870
     894
     889
     876
     921
     871
     839
     888
     976
     856
     860
     815
     850
     908
     908
     920
     928
     894
     872
     927
     906
     915
     841
     885
     840
     902
     869
     856
     860
     906
     882
     897
     890
     922
     859
     843
     872
     836
     893
     843
     873
     892
     839
     879
     875
     917
     878
     862
     878
     888
     810
     885
     867
     871
     845
     810
     834
     861
     846
     856
     889
     846
     872
     883
     842
     809
     843
     840
     852
     894
     841
     830
     843
     857
     890
     871
     870
     894
     879
     870
     894
     898
     878
     867
     859
     859
     873
     886
     933
     883
     857
     838
     914
     863
     884
     872
     852
     849
     862
     890
     949
     882
     855
     824
     879
     872
     829
     894
     851
     847
     888
     851
     854
     886
     816
     842
     893
     829
     867
     875
     867
     860
     882
     910
     872
     835
     854
     889
     904
     843
     817
     879
     869
     907
     859
     858
     863
     911
     856
     855
     865
     846
     835
     848
     890
     878
     882
     842
     834
     917
     854
     893
     872
     858
     877
     875
     875
     893
     875
     903
     877
     830
     871
     895
     817
     880
     883
     892
     840
     821
     924
     920
     855
     881
     877
     874
     867
     880
     873
     827
     897
     903
     867
     874
     838
     855
     860
     904
     854
     924
     866
     939
     862
     909
     924
     891
     903
     919
     838
     886
     814
     834
     865
     903
     873
     886
     813
     872
     870
     856
     933
     917
     874
     889
     841
     913
     876
     872
     910
     878
     911
     903
     927
     832
     909
     859
     861
     899
     914
     909
     897
     901
     928
     895
     931
     925
     885
     922
     934
     903
     925
     898
     955
     921
     943
     919
     973
     893
     890
     874
     943
     941
     909
     887
     895
     911
     911
     861
     930
     943
     907
     924
     933
     941
     900
     911
     875
     915
     915
     955
     919
     948
     941
     938
     872
     895
     931
     921
     895
     846
     916
     962
     916
     937
     948
     920
     922
     911
     933
     894
     884
     866
     878
     944
     971
     952
     955
     924
     984
     905
     937
     992
     909
     965
     983
     963
     931
     942
     947
     903
     946
     950
     923
     989
     981
     967
     966
     949
     942
     935
     959
     905
     958
     886
     956
     993
     987
     943
     962
     948
     975
     911
     927
     957
     925
     927
     948
     960
     932
     949
     960
     952
     953
     947
     985
     937
    1017
     930
     941
    1006
     938
     949
     949
     983
     953
     921
     977
    1009
    1014
    1004
     947
     986
     956
    1003
    1031
     926
     990
    1014
     959
    1037
    1009
    1029
     947
     988
     988
     998
     975
    1049
     954
     963
     969
    1023
     956
     974
    1003
    1075
     983
    1032
    1023
     956
    1020
     956
    1028
    1080
    1017
    1038
     989
     978
     974
    1043
    1000
    1027
     977
    1070
    1028
    1055
     987
    1008
    1067
    1006
    1043
    1080
     977
    1057
    1013
    1011
    1004
    1023
     979
    1026
    1018
    1019
    1005
    1030
    1060
     981
    1000
    1039
    1098
    1032
    1008
    1017
    1069
    1089
    1005
     977
    1003
    1075
    1046
    1101
    1003
    1088
    1002
    1011
    1014
    1076
    1022
    1019
     969
    1014
    1089
    1060
    1024
    1034
    1024
    1075
    1102
    1006
    1057
    1103
    1054
    1011
    1053
    1029
    1055
    1044
    1031
    1012
    1016
    1047
    1040
    1018
    1064
     979
    1056
    1032
     993
     989
    1002
     941
     984
    1009
     983
     910
     925
     944
     981
     945
     987
     967
     917
     932
     888
     867
     852
     896
     823
     860
     827
     824
     869
     811
     793
     773
     773
     837
     734
     748
     734
     761
     789
     782
     795
     738
     716
     793
     773
     782
     700
     733
     672
     689
     705
     747
     697
     651
     742
     713
     728
     686
     689
     729
     674
     661
     693
     631
     720
     704
     702
     673
     652
     694
     694
     655
     623
     652
     630
     675
     645
     639
     630
     655
     671
     670
     665
     655
     698
     688
     616
     635
     635
     668
     609
     646
     634
     631
     625
     624
     657
     659
     645
     646
     648
     608
     620
     636
     651
     625
     605
     604
     607
     584
     644
     601
     603
     601
     573
     600
     600
     618
     601
     643
     622
     523
     586
     618
     575
     588
     589
     560
     559
     582
     564
     633
     566
     500
     547
     597
     591
     619
     597
     595
     607
     643
     562
     567
     553
     568
     556
     503
     537
     572
     588
     566
     582
     567
     569
     582
     554
     546
     570
     557
     536
     548
     540
     534
     539
     562
     543
     539
     547
     528
     590
     477
     525
     554
     577
     515
     526
     516
     523
     499
     511
     534
     519
     518
     554
     505
     568
     501
     515
     485
     492
     501
     484
     479
     492
     489
     507
     483
     523
     499
     489
     500
     472
     491
     485
     501
     504
     494
     522
     494
     494
     492
     465
     427
     492
     542
     509
     532
     478
     450
     485
     486
     450
     484
     503
     473
     508
     478
     514
     456
     484
     434
     469
     500
     472
     479
     498
     467
     505
     458
     486
     440
     491
     437
     438
     480
     466
     464
     422
     467
     451
     478
     506
     449
     460
     472
     408
     482
     466
     452
     467
     433
     432
     433
     448
     458
     454
     471
     459
     429
     448
     421
     451
     420
     483
     464
     428
     433
     457
     433
     420
     382
     440
     492
     409
     433
     442
     449
     413
     462
     423
     417
     408
     435
     469
     447
     427
     425
     440
     428
     443
     431
     443
     408
     403
     448
     421
     449
     409
     385
     383
     425
     448
     395
     407
     385
     408
     388
     412
     404
     415
     395
     387
     419
     436
     389
     412
     402
     399
     414
     410
     429
     412
     396
     416
     438
     398
     399
     407
     418
     422
     404
     456
     372
     408
     447
     422
     385
     405
     415
     422
     414
     389
     396
     409
     401
     411
     402
     391
     394
     407
     399
     410
     363
     394
     409
     414
     413
     402
     399
     397
     375
     352
     405
     396
     387
     409
     391
     425
     378
     402
     397
     390
     376
     387
     370
     441
     392
     390
     376
     414
     386
     381
     395
     411
     388
     396
     393
     400
     371
     395
     375
     379
     420
     391
     388
     386
     378
     347
     397
     396
     412
     398
     390
     384
     397
     417
     366
     426
     373
     420
     366
     406
     369
     355
     386
     394
     418
     441
     395
     429
     424
     365
     385
     396
     411
     384
     406
     418
     377
     407
     389
     393
     429
     375
     367
     392
     392
     429
     390
     412
     368
     402
     370
     384
     381
     420
     385
     365
     414
     387
     389
     408
     363
     393
     392
     386
     368
     397
     396
     395
     364
     374
     396
     356
     382
     374
     389
     402
     368
     394
     350
     364
     403
     376
     392
     423
     372
     390
     391
     385
     357
     365
     364
     393
     395
     382
     373
     410
     386
     369
     385
     400
     372
     386
     362
     361
     386
     397
     349
     345
     379
     351
     373
     394
     357
     403
     375
     366
     366
     404
     402
     380
     421
     403
     394
     373
     366
     354
     351
     366
     365
     387
     404
     385
     352
     393
     361
     366
     343
     378
     367
     364
     341
     362
     357
     375
     378
     405
     362
     380
     364
     354
     351
     364
     359
     342
     375
     365
     372
     393
     380
     377
     376
     391
     376
     362
     372
     370
     345
     385
     352
     342
     412
     386
     382
     369
     351
     355
     387
     369
     382
     368
     365
     371
     346
     356
     373
     356
     341
     379
     351
     348
     383
     353
     385
     358
     358
     369
     345
     359
     339
     377
     353
     373
     379
     371
     382
     338
     362
     390
     374
     371
     381
     371
     376
     333
     364
     342
     379
     344
     343
     360
     347
     371
     372
     336
     404
     359
     370
     342
     347
     361
     347
     359
     369
     396
     374
     359
     380
     362
     376
     362
     391
     356
     399
     367
     373
     339
     330
     381
     398
     377
     367
     356
     347
     346
     358
     346
     386
     358
     339
     367
     410
     379
     384
     373
     348
     372
     371
     380
     385
     343
     386
     362
     371
     387
     381
     415
     407
     386
     423
     395
     412
     365
     391
     392
     450
     438
     457
     436
     512
     518
     565
     655
     663
     792
     967
    1231
    1524
    1975
    2734
    3864
    5155
    7125
    9658
   12701
   16257
   19705
   23962
   26873
   29415
   31030
   31898
   31590
   30070
   27155
   24054
   19787
   16297
   12643
    9435
    7038
    4902
    3467
    2464
    1749
    1287
     996
     756
     627
     589
     470
     399
     355
     336
     339
     319
     287
     288
     283
     254
     229
     262
     272
     231
     236
     227
     227
     204
     218
     206
     243
     231
     188
     195
     176
     210
     180
     185
     206
     176
     167
     183
     202
     202
     171
     165
     162
     181
     151
     206
     168
     184
     155
     158
     163
     153
     162
     160
     155
     166
     181
     142
     163
     134
     134
     143
     130
     138
     124
     141
     134
     150
     128
     139
     135
     125
     155
     121
     129
     119
     123
     126
     137
     137
     141
     142
     138
     125
     112
     126
     130
     118
     121
     137
     135
     109
     126
     125
     128
     119
     111
     120
     131
     117
     120
     120
     133
     116
     134
     126
     117
     109
     105
     105
     105
     101
      98
     116
     110
     128
     119
     122
     105
     121
      93
     111
     121
      94
      98
     115
     122
     112
     116
      97
     108
     107
     112
     113
     111
      95
     114
     127
     126
     111
     117
     104
     107
      96
      92
     119
     102
     114
     117
     128
     115
     103
      95
     101
      97
     107
     108
      90
      98
     108
     111
      96
      96
      85
     101
      92
      89
      93
      98
     100
      88
      89
     100
     122
     109
      91
      84
     102
     100
     114
      96
      80
     108
      94
     107
      96
     103
     103
     103
      97
     111
      97
      85
     108
      81
     101
     104
      74
      90
     100
      76
      89
     104
      90
     110
      92
      98
      87
      95
      92
     104
     101
     101
      83
     100
      93
      78
      99
      95
     100
     104
      95
      70
      88
      92
      83
      81
      73
      75
      87
      88
     101
      93
      90
     103
      92
     103
      98
      89
      87
      81
     110
      87
      80
      91
      85
      86
      73
      82
      81
      86
      90
      91
      81
      93
      87
     100
     102
      82
      77
      68
      84
      98
      98
      93
      99
      91
      69
      85
      77
     101
      98
      88
      93
     103
      88
      92
      81
      88
      90
      92
      91
      79
      82
     109
      83
      87
      81
      86
      77
      76
      76
      87
      91
      79
      83
      81
      55
      80
      78
      76
      69
      86
      71
      69
      88
      78
      87
      94
      74
      90
      87
      67
      77
      76
      67
      86
      92
      62
      85
      73
      78
      82
      83
      73
      74
      82
      91
      79
      68
      82
     102
      92
      66
      73
      86
      86
      73
      76
      79
      73
      85
      63
      96
      74
      72
      74
      75
      83
      68
      88
      86
      82
      64
      79
      75
      72
      86
      67
      80
      79
      75
      72
      67
      79
      79
      92
      85
      81
      87
      74
      65
      90
      74
      77
      82
      82
      86
      89
      80
      81
      83
      87
      77
      81
      81
      95
     121
     119
     118
      95
      85
      85
      61
      76
      69
      85
      67
      81
      67
      72
      59
      67
      83
      83
      59
      66
      68
      74
      66
      79
      80
      67
      82
      69
      69
      83
      73
      81
      64
      70
      77
      77
      63
      68
      80
      75
      64
      68
      81
      84
      65
      56
      76
      77
      69
      76
      69
      67
      71
      68
      68
      71
      74
      75
      53
      72
      55
      66
      69
      73
      72
      79
      70
      75
      61
      64
      60
      50
      59
      70
      71
      66
      64
      65
      89
      52
      69
      69
      62
      58
      71
      69
      73
      41
      63
      73
      75
      65
      73
      68
      65
      69
      68
      44
      64
      65
      69
      75
      53
      75
      67
      66
      64
      61
      57
      52
      61
      63
      62
      72
      64
      64
      57
      55
      66
      68
      63
      50
      69
      62
      57
      73
      75
      61
      51
      52
      67
      88
      72
      48
      61
      62
      64
      66
      58
      59
      51
      66
      48
      76
      62
      56
      60
      57
      72
      79
      57
      70
      74
      68
      65
      68
      59
      56
      55
      48
      63
      62
      60
      48
      64
      59
      48
      55
      56
      59
      66
      74
      57
      64
      63
      61
      54
      53
      57
      57
      56
      53
      76
      66
      51
      59
      70
      56
      47
      54
      47
      66
      64
      58
      60
      60
      64
      62
      53
      55
      39
      53
      70
      58
      52
      47
      65
      62
      62
      58
      46
      63
      59
      58
      58
      64
      55
      47
      67
      37
      56
      57
      63
      49
      50
      55
      58
      42
      60
      53
      65
      58
      44
      53
      69
      62
      54
      77
      60
      64
      50
      43
      54
      58
      60
      67
      51
      44
      52
      60
      68
      49
      44
      57
      51
      48
      58
      54
      46
      47
      55
      48
      54
      49
      41
      62
      52
      56
      51
      49
      47
      71
      44
      43
      55
      64
      49
      47
      57
      45
      38
      46
      58
      50
      57
      52
      51
      51
      52
      57
      47
      46
      63
      56
      53
      54
      44
      42
      47
      44
      59
      46
      47
      47
      55
      61
      53
      55
      53
      45
      51
      54
      44
      48
      40
      63
      36
      53
      44
      55
      47
      60
      47
      53
      62
      55
      67
      49
      56
      61
      44
      50
      51
      51
      45
      46
      60
      64
      44
      48
      49
      45
      51
      42
      45
      63
      55
      43
      50
      62
      48
      56
      53
      56
      49
      46
      65
      46
      50
      48
      52
      57
      49
      40
      54
      42
      34
      48
      41
      56
      44
      48
      38
      46
      38
      33
      47
      56
      43
      53
      52
      50
      49
      43
      43
      35
      46
      36
      42
      44
      43
      55
      52
      53
      42
      44
      42
      48
      45
      48
      59
      34
      50
      53
      49
      46
      44
      39
      45
      44
      52
      39
      54
      37
      50
      48
      35
      52
      42
      34
      42
      45
      48
      49
      35
      44
      56
      50
      47
      44
      46
      39
      53
      38
      49
      40
      53
      36
      52
      53
      55
      45
      43
      40
      40
      36
      34
      35
      35
      41
      53
      39
      47
      52
      43
      48
      60
      37
      40
      51
      50
      48
      42
      36
      49
      39
      37
      41
      37
      50
      45
      38
      38
      40
      39
      51
      47
      52
      35
      53
      46
      46
      42
      39
      34
      35
      31
      40
      47
      41
      42
      45
      38
      34
      44
      44
      31
      41
      45
      44
      47
      39
      42
      48
      50
      34
      49
      39
      36
      42
      45
      30
      37
      37
      52
      40
      40
      43
      52
      39
      38
      52
      39
      36
      48
      42
      31
      36
      42
      35
      39
      31
      38
      32
      28
      40
      45
      48
      43
      34
      39
      58
      43
      44
      48
      41
      37
      49
      41
      39
      40
      31
      36
      36
      39
      41
      30
      34
      29
      30
      38
      42
      45
      37
      49
      39
      37
      57
      31
      36
      34
      43
      38
      43
      43
      54
      33
      37
      42
      27
      51
      46
      34
      48
      39
      41
      41
      34
      33
      43
      37
      33
      32
      45
      31
      39
      42
      42
      54
      47
      39
      40
      36
      41
      40
      37
      31
      41
      30
      38
      39
      33
      34
      46
      40
      38
      36
      43
      32
      34
      46
      32
      37
      42
      30
      34
      40
      34
      42
      53
      43
      37
      20
      38
      37
      42
      46
      44
      36
      32
      36
      34
      33
      34
      48
      38
      40
      45
      40
      35
      42
      39
      55
      28
      35
      45
      44
      38
      39
      33
      40
      34
      31
      40
      30
      39
      34
      31
      35
      40
      32
      44
      25
      33
      38
      38
      40
      32
      34
      26
      40
      33
      48
      30
      39
      36
      40
      46
      43
      41
      32
      43
      35
      37
      25
      28
      27
      30
      36
      38
      36
      24
      32
      37
      34
      39
      51
      41
      42
      35
      34
      34
      33
      44
      35
      45
      46
      30
      28
      40
      36
      46
      46
      42
      44
      34
      42
      36
      32
      28
      42
      40
      32
      29
      43
      36
      42
      44
      42
      37
      31
      28
      23
      28
      24
      33
      34
      40
      29
      45
      29
      31
      37
      39
      43
      44
      40
      33
      33
      42
      42
      35
      30
      29
      39
      26
      38
      34
      36
      42
      34
      40
      33
      32
      34
      29
      24
      26
      28
      30
      26
      46
      31
      41
      22
      34
      29
      35
      48
      27
      28
      33
      31
      42
      31
      34
      28
      35
      41
      44
      40
      30
      30
      43
      35
      32
      35
      29
      36
      31
      35
      37
      20
      37
      33
      43
      35
      34
      25
      29
      28
      29
      38
      28
      33
      34
      36
      30
      36
      34
      32
      38
      36
      28
      35
      32
      25
      33
      31
      28
      33
      44
      27
      37
      38
      24
      38
      33
      40
      37
      21
      40
      27
      44
      31
      35
      38
      39
      22
      29
      23
      30
      37
      31
      42
      25
      31
      41
      23
      35
      24
      28
      36
      28
      40
      23
      27
      28
      33
      29
      37
      24
      20
      34
      32
      21
      30
      29
      21
      33
      32
      32
      19
      35
      34
      27
      31
      32
      25
      19
      31
      33
      29
      35
      23
      37
      28
      35
      29
      31
      31
      22
      31
      22
      19
      24
      39
      26
      27
      25
      20
      30
      24
      39
      38
      30
      26
      28
      31
      30
      39
      30
      30
      34
      36
      31
      24
      21
      30
      28
      31
      25
      27
      19
      24
      38
      24
      34
      33
      25
      26
      25
      37
      34
      29
      28
      30
      26
      23
      27
      29
      28
      30
      30
      25
      26
      22
      30
      24
      29
      26
      19
      27
      27
      24
      21
      35
      27
      28
      26
      35
      39
      34
      22
      32
      28
      24
      32
      29
      36
      25
      32
      26
      30
      25
      30
      26
      30
      27
      30
      36
      32
      29
      24
      28
      28
      18
      22
      24
      27
      32
      23
      26
      21
      19
      19
      32
      23
      21
      23
      34
      26
      20
      27
      36
      30
      22
      30
      26
      23
      30
      24
      17
      20
      24
      32
      29
      19
      22
      24
      28
      35
      36
      18
      22
      25
      24
      28
      29
      31
      21
      23
      21
      29
      24
      24
      25
      33
      23
      23
      29
      25
      17
      24
      30
      21
      30
      28
      28
      29
      18
      28
      23
      24
      28
      30
      23
      25
      23
      20
      27
      23
      20
      25
      32
      28
      23
      23
      27
      16
      20
      21
      16
      26
      30
      24
      24
      20
      26
      22
      29
      19
      24
      23
      26
      24
      17
      21
      17
      22
      24
      23
      22
      23
      23
      19
      22
      26
      23
      29
      28
      20
      28
      29
      25
      25
      20
      21
      20
      17
      22
      18
      21
      23
      16
      13
      31
      19
      23
      21
      26
      28
      21
      30
      27
      28
      19
      20
      24
      28
      28
      19
      33
      20
      23
      18
      29
      31
      25
      23
      32
      21
      18
      24
      28
      23
      19
      28
      32
      18
      23
      22
      25
      24
      25
      32
      23
      17
      23
      24
      30
      26
      25
      19
      24
      26
      22
      21
      17
      19
      27
      17
      29
      22
      25
      24
      20
      18
      15
      29
      32
      24
      21
       8
      19
      26
      31
      26
      22
      23
      20
      19
      23
      17
      21
      24
      20
      23
      20
      25
      16
      20
      12
      27
      26
      18
      25
      14
      29
      28
      25
      27
      37
      29
      19
      30
      22
      28
      30
      24
      25
      27
      21
      31
      23
      15
      28
      29
      24
      16
      31
      24
      18
      26
      15
      29
      18
      18
      17
      22
      17
      14
      28
      22
      33
      23
      31
      18
      25
      22
      25
      21
      18
      16
      22
      30
      28
      14
      18
      23
      22
      24
      22
      27
      14
      24
      20
      26
      21
      23
      26
      28
      22
      15
      26
      20
      26
      28
      27
      37
      14
      20
      19
      22
      26
      28
      22
      17
      28
      29
      29
      16
      22
      28
      16
      19
      23
      26
      23
      20
      27
      22
      28
      28
      35
      18
      29
      32
      20
      25
      19
      15
      17
      24
      19
      25
      23
      24
      24
      27
      16
      22
      22
      25
      24
      29
      24
      27
      24
      17
      25
      20
      21
      25
      15
      20
      25
      35
      27
      26
      24
      15
      19
      23
      27
      25
      28
      20
      28
      24
      29
      30
      27
      23
      19
      21
      26
      26
      17
      23
      22
      19
      21
      23
      20
      25
      16
      17
      18
      22
      28
      35
      23
      20
      29
      22
      31
      21
      26
      17
      24
      23
      22
      23
      23
      21
      23
      31
      20
      17
      20
      20
      10
      19
      25
      31
      22
      25
      25
      20
      21
      23
      23
      26
      19
      27
      21
      22
      20
      21
      22
      12
      24
      23
      29
      25
      18
      23
      25
      31
      11
      19
      23
      12
      20
      22
      17
      19
      22
      21
      16
      19
      24
      15
      17
      24
      20
      27
      23
      23
      23
      16
      10
      17
      23
      28
      24
      19
      22
      31
      20
      19
      21
      22
      22
      15
      21
      11
      20
      23
      12
      22
      19
      26
      20
      22
      21
      13
      21
      18
      20
      24
      19
      27
      27
      16
      23
      16
      10
      22
      21
      16
      19
      18
      26
      25
      16
      20
      13
      24
      23
      28
      24
      15
      22
      14
      20
      18
      22
      22
      17
      17
      15
      21
      20
      23
      19
      17
      13
      16
      21
      29
      26
      25
      15
      19
      18
      25
      19
      23
      15
      21
      21
      34
      19
      26
      20
      20
      15
      24
      23
      17
      19
      25
      20
      20
      21
      24
      32
      15
      25
      20
      11
      18
      24
      13
      20
      19
      20
      24
      11
      19
      19
      28
      24
      25
      25
      23
      20
      21
      21
      20
      20
      21
      24
      29
      24
      13
      19
      28
      21
      23
      15
      23
      24
      21
      20
      23
      24
      28
      19
      23
      22
      18
      25
      19
      26
      16
      23
      15
      17
      21
      21
      19
      15
      24
      18
      12
      23
      17
      25
      22
      24
      22
      17
      22
      16
      20
      17
      29
      21
      22
      25
      25
      31
      18
      16
      22
      25
      18
      18
      19
      29
      28
      26
      16
      29
      24
      20
      26
      25
      20
      33
      16
      27
      32
      20
      18
      30
      26
      22
      26
      23
      32
      32
      29
      28
      40
      35
      25
      30
      35
      36
      36
      36
      42
      33
      31
      44
      37
      24
      39
      34
      35
      31
      20
      33
      29
      27
      19
      24
      17
      17
      14
      22
      24
      15
      10
      20
       9
      11
      16
      10
       9
      16
      12
      14
      13
      14
      16
      15
      17
       8
      11
      12
      13
      12
      10
       9
      13
      10
      10
      16
      13
      11
       8
      16
      16
      16
      13
      12
      10
      11
      18
      20
      12
      10
      10
      10
      11
      11
      14
      14
      12
      17
       8
      13
      13
       8
      12
       9
      10
      14
      12
       8
       9
      12
       8
       6
      15
      10
       9
      15
       8
      10
      14
      10
      14
      10
      14
       8
      10
      12
      11
      13
      16
      14
       9
       8
       9
      11
       3
      10
       8
      14
      14
      11
      19
      10
      13
       7
       2
      12
      11
      14
      13
       4
      11
      10
      13
       9
      11
      15
      21
      11
      14
       9
       5
      12
      12
       4
      17
      17
      13
      10
       4
      10
       8
      10
       7
       7
       6
       8
      15
      13
      11
       8
      11
      10
       8
       7
       7
      13
      14
      11
      11
       5
      11
      14
       9
      11
      15
      10
      14
       8
      16
      10
      12
       9
       9
       7
      16
      16
       8
       7
      15
      14
      17
      12
      16
      10
      10
      14
      13
      21
      12
      11
       9
       8
      14
      11
      12
       4
       8
      10
      12
       7
      16
      12
       9
       9
      11
      11
      14
       5
      10
       6
      14
      13
      10
       8
      11
       7
      11
      15
      12
      15
      12
      15
      11
      18
      12
      11
       8
       8
       9
      11
      15
      13
      13
      16
      10
      16
       6
      14
      16
       5
       7
       5
      10
      14
      10
      12
      13
       9
      13
      13
       9
       9
      13
      10
       2
       8
      12
      10
      11
      14
       5
      14
      10
       9
       8
      12
       7
       7
      14
      14
       9
       7
      14
      10
       9
      16
       3
       8
       8
      11
      10
      16
       9
      15
      15
       6
      12
       8
      11
       8
       3
      13
      13
      12
       9
      15
      11
      12
      14
      15
      14
      14
      12
      11
      16
       9
       8
      20
      11
       9
      12
      10
      10
      11
       7
      10
       9
       6
       5
      16
      10
      10
       6
      14
       8
      13
       6
       6
      17
      15
      10
      10
      14
       9
      11
      11
       4
       8
       6
      15
      13
      14
      12
       8
      14
      10
      12
      14
       6
      10
      10
       8
      10
      14
      12
       7
       9
      10
      13
      11
      13
      10
      11
      11
      15
      17
       9
      11
      13
       8
      11
      12
      12
      12
       8
       9
       8
      12
       7
      10
       8
       9
       6
      10
      10
       9
       8
      10
       6
       8
      13
       8
      14
      13
       6
       6
      13
      12
      10
       8
      12
       7
      11
       9
      11
      10
      16
      19
      21
      15
      16
      16
      13
      16
      10
      10
       6
       9
       9
       4
      10
       8
      16
       5
      11
       7
      15
       3
      10
       8
      13
      10
      10
       8
      10
       7
       8
      11
       4
       7
       6
       7
       7
      13
      12
       6
       9
      10
      10
       6
       5
       8
       6
       4
      12
      14
      12
       6
       8
       9
      10
       7
       6
      13
      12
       1
       4
      10
       8
      13
       8
       9
       6
       6
      11
       5
       5
      10
       6
       7
       7
       9
      16
       6
      11
      12
       5
       9
       5
      10
      10
       5
       4
       6
       6
       7
       5
      16
       8
       6
      11
       4
      13
       7
       2
       5
       9
       7
       6
       3
      10
       8
       6
       8
       7
       7
      10
      10
      10
      12
       3
       8
      11
       4
       7
       5
      11
       7
       9
      12
       7
       8
       4
       7
       9
       4
      13
       6
       5
       6
      14
       8
      12
       6
       8
       4
       5
      11
       9
       5
       5
       9
       7
       8
       6
       6
       7
       8
       8
       5
       6
       5
       8
      11
       9
       8
       5
      10
       4
       6
       5
       6
       7
       7
       9
       5
       4
       5
       7
       7
       4
       8
      11
      10
       5
       9
       9
       6
       5
       9
       8
       7
       8
       3
       8
       8
       7
       5
       5
       5
       8
       6
      14
       6
      10
       5
      12
       9
       8
       4
      13
       7
      10
      12
      13
      16
      35
      42
      77
     114
     171
     214
     266
     358
     322
     285
     230
     148
     115
      67
      31
      16
      10
       3
      10
       7
       6
       7
       6
      13
       7
       7
       7
      12
       4
       8
       5
       7
       8
       4
       8
       4
       6
       9
       3
       8
      16
       6
       8
       8
       8
       9
      11
      12
       5
       2
       7
       6
       5
       6
       3
       3
       4
      14
       4
      10
       4
      12
       6
       3
      10
       6
      11
       9
       3
       1
       7
       4
       8
       4
       6
       9
       7
       6
       3
       7
       7
       6
       3
       5
       9
       5
       7
       7
      12
       5
       8
       6
       2
       7
       7
       5
       6
       9
       8
       7
       5
       4
      10
       4
       8
       6
       5
       8
      10
       5
       8
       6
      12
       9
       7
       6
       4
       7
       3
       8
       4
       3
       6
       7
       6
       3
       4
       6
       4
       3
       6
       5
       3
       4
       4
       4
       4
       3
       7
       6
       5
       5
       5
       2
       5
       6
       4
       2
       7
       8
       8
       3
       4
       8
       2
       5
       3
       6
      10
       4
       5
      10
       4
       5
      13
       2
       3
       1
       1
       3
       7
       7
       1
       7
       2
       2
       8
      12
       5
       1
       1
       7
       8
       8
      10
       6
       3
       4
       2
       5
       2
       2
       5
       6
       6
       4
       4
       3
       7
       4
       3
       7
       6
       6
       5
       7
       9
       6
       3
       6
       2
       4
      11
       3
       3
       5
       3
       9
       6
       4
       4
       7
       3
       2
       5
       4
       6
       3
       6
       1
       5
       9
       8
       3
       6
       9
       4
       6
       3
       7
       7
       5
       8
       2
       6
       3
       3
       5
       4
       5
       6
       8
       7
       7
       6
       2
       4
       5
       3
       3
       6
       8
       6
       6
       2
       7
       2
       2
       4
       9
       3
       7
       5
      12
       8
       7
       5
       0
       2
       4
       3
       3
       7
       3
       2
       6
       6
       5
       6
       2
       5
       7
       3
       4
       4
       4
       4
       4
       1
       2
       4
       7
       5
       7
       5
       5
       1
       3
       4
       5
       2
       2
       5
       5
       1
       5
       3
       3
       3
       3
       4
       3
       3
       6
       5
       6
       4
       4
       9
       5
       2
       6
       5
       5
       3
       4
       5
       5
       6
       6
       2
       5
       1
       5
       3
       6
       4
       7
       4
       3
       0
       3
       2
       3
       4
       2
       2
       2
       5
       7
       4
       4
       3
       5
       6
       4
       5
       1
       4
       4
       5
       4
       3
       5
       4
       5
       3
       5
       8
       3
       5
       4
       3
       3
       5
       4
       1
       2
       7
       1
       1
       2
       3
       2
       3
       5
       4
       3
       7
       2
       5
       2
       4
       3
       1
       3
       2
       2
       9
       1
       4
       6
       1
       4
       4
       6
       7
       9
       6
       8
      10
      15
      10
       8
       9
      10
       8
       3
       2
       2
       5
       8
       4
       6
       6
       3
       4
       3
       4
       4
       5
       3
       2
       3
       6
       2
       3
       3
       7
       0
       5
       5
       6
       5
       1
       3
       5
       4
       5
       4
       3
       3
       1
       4
       1
       5
       5
       3
       1
       1
       5
       5
       9
       5
       3
       5
       6
       3
       1
       3
       1
       1
       4
       2
       2
       2
       2
       1
       3
       6
       5
       6
       3
       2
       3
       2
       4
       8
       3
       9
       3
       8
       3
       3
       7
       1
       2
       3
       3
       3
       6
       6
       5
       8
       3
       1
       5
       4
       2
       5
       4
       7
       4
       3
       4
       3
       3
       4
       1
       5
       6
       5
       4
       3
       3
       6
       2
       5
       2
       2
       0
       5
       2
       3
       5
       3
       3
       7
       2
       2
       6
       6
       2
       2
       6
       1
       2
       3
       2
       4
       3
       3
       0
       3
       2
       3
       0
       5
       4
       3
       3
       2
       2
       1
       2
       1
       5
       3
       5
       3
       6
       3
       1
       7
       4
       4
       3
       3
       2
       3
       7
       5
       1
       3
       1
       1
       5
       5
       7
       7
       3
       4
       0
       2
       4
       4
       6
       3
       4
       4
       4
       6
       4
       4
       3
       3
       4
       1
       4
       3
       2
       1
       5
      10
       6
       3
       5
       1
       3
       1
       5
       3
       5
       2
       6
       3
       6
       3
       5
       5
       3
       5
       2
       4
       6
       8
       2
       6
      21
      22
      30
      70
      86
     134
     190
     237
     308
     293
     271
     221
     183
     107
      61
      48
      21
      19
       8
       5
       1
       4
       4
       3
       3
       7
       1
       4
       1
       4
       1
       1
       5
       4
       3
       2
       3
       4
       5
       2
       5
       6
       5
       3
       1
       4
       1
       5
       4
       3
       2
       5
       6
       5
       1
       5
       2
       0
       2
       5
       4
       1
       2
       2
       5
       1
       5
       1
       1
       2
       5
       3
       1
       3
       3
       1
       3
       1
       5
       7
       1
       3
       6
       5
       1
       3
       3
       3
       1
       5
       1
       2
       1
       2
       5
       5
       2
       5
       3
       1
       2
       5
       0
       1
       1
       3
       4
       6
       0
       1
       2
       4
       1
       2
       5
       8
       7
       2
       3
       2
       3
       4
       6
       2
       5
       3
       2
       5
       2
       3
       2
       6
       3
       0
       2
       4
       2
       6
       2
       4
       4
       0
       5
       3
       3
       1
       2
       3
       4
       1
       2
       4
       3
       3
       3
       1
       2
       1
       3
       2
       1
       3
       4
       2
       5
       3
       4
       1
       2
       3
       3
       2
       3
       0
       5
       2
       0
       5
       6
       2
       1
       7
       1
       1
       2
       2
       3
       4
       2
       4
       4
       4
       4
       6
       9
       3
       6
       1
       2
       1
       3
       2
       5
       1
       3
       4
       1
       0
       4
       3
       3
       1
       3
       3
       2
       5
       7
       4
       3
       2
       4
       1
       3
       1
       5
       1
       2
       5
       2
       0
       3
       4
       0
       1
       3
       4
       5
       4
       2
       1
       4
       3
       0
       2
       1
       4
       1
       2
       2
       2
       3
       1
       1
       6
       1
       3
       1
       3
       1
       1
       3
       3
       2
       2
       3
       1
       4
       1
       1
       5
       2
       2
       2
       4
       3
       0
       5
       4
       2
       0
       1
       1
       2
       5
       1
       4
       1
       1
       4
       2
       3
       1
       0
       3
       3
       2
       2
       1
       2
       4
       2
       7
       5
       3
       4
       1
       2
       2
       2
       5
       1
       3
       4
       1
       3
       3
       3
       4
       2
       4
       3
       4
       1
       3
       0
       0
       4
       3
       6
       2
       4
       1
       1
       3
       3
       3
       1
       4
       1
       2
       4
       2
       2
       0
       5
       4
       6
       2
       4
       0
       2
       3
       7
       2
       2
       3
       1
       4
       3
       2
       6
       2
       0
       1
       0
       2
       2
       3
       2
       3
       0
       1
       1
       2
       0
       4
       3
       2
       1
       1
       1
       2
       2
       5
       3
       1
       2
       6
       3
       1
       0
       3
       3
       2
       2
       1
       2
       2
       2
       2
       3
       3
       2
       2
       2
       1
       1
       3
       3
       1
       0
       2
       6
       3
       2
       2
       1
       1
       3
       1
       1
       0
       1
       1
       3
       0
       4
       1
       5
       1
       2
       2
       1
       6
       1
       2
       4
       1
       0
       1
       1
       2
       1
       1
       3
       1
       1
       3
       2
       2
       1
       3
       3
       5
       1
       4
       3
       3
       3
       2
       4
       2
       4
       2
       0
       1
       3
       1
       0
       1
       2
       3
       2
       3
       3
       3
       3
       1
       2
       1
       1
       3
       3
       2
       4
       2
       1
       1
       1
       4
       3
       2
       3
       0
       2
       3
       0
       4
       0
       1
       1
       3
       4
       4
       2
       0
       2
       1
       2
       2
       4
       2
       1
       2
       1
       1
       0
       3
       3
       2
       2
       1
       6
       2
       6
       4
      15
      14
      26
      24
      25
      30
      37
      33
      24
      20
      18
      15
       7
       8
       4
       3
       2
       2
       4
       2
       2
       0
       4
       4
       2
       2
       3
       1
       2
       2
       2
       1
       2
       1
       1
       5
       1
       1
       6
       2
       2
       2
       5
       1
       4
       4
       1
       1
       3
       1
       3
       2
       3
       4
       1
       1
       0
       0
       0
       0
       1
       5
       1
       3
       0
       0
       1
       1
       3
       1
       2
       1
       2
       1
       2
       2
       2
       2
       0
       1
       0
       0
       0
       3
       5
       0
       0
       1
       2
       1
       2
       0
       1
       2
       0
       3
       0
       1
       2
       1
       0
       2
       0
       2
       0
       1
       0
       4
       1
       3
       3
       4
       0
       1
       2
       3
       5
       1
       1
       2
       2
       0
       0
       0
       2
       0
       1
       1
       2
       0
       3
       4
       2
       5
       1
       1
       0
       1
       3
       2
       1
       3
       5
       1
       0
       3
       1
       4
       4
       4
       3
       1
       4
       1
       1
       2
       2
       1
       1
       1
       2
       0
       0
       1
       1
       1
       2
       1
       2
       1
       1
       1
       1
       2
       1
       2
       1
       3
       4
       0
       1
       5
       2
       1
       1
       0
       4
       2
       5
       0
       0
       3
       1
       2
       2
       2
       0
       1
       0
       3
       1
       1
       2
       3
       5
       0
       2
       3
       1
       3
       2
       1
       0
       1
       3
       0
       2
       2
       1
       0
       2
       2
       3
       2
       3
       1
       2
       0
       2
       0
       2
       0
       1
       6
       4
       1
       1
       2
       1
       2
       0
       2
       1
       5
       0
       2
       2
       2
       1
       1
       1
       1
       2
       1
       3
       0
       0
       2
       0
       2
       0
       2
       2
       0
       1
       2
       0
       1
       4
       1
       1
       2
       5
       1
       0
       1
       1
       3
       2
       4
       3
       0
       2
       0
       1
       3
       1
       1
       4
       1
       0
       2
       1
       2
       2
       0
       1
       0
       1
       2
       1
       1
       1
       1
       1
       0
       1
       1
       3
       3
       3
       0
       0
       0
       2
       3
       2
       1
       1
       0
       0
       1
       2
       1
       2
       3
       2
       2
       3
       2
       6
       2
       4
       2
       1
       0
       4
       1
       3
       2
       0
       0
       1
       2
       0
       1
       1
       0
       2
       1
       2
       1
       2
       4
       1
       1
       2
       0
       3
       3
       2
       1
       1
       2
       1
       1
       0
       1
       0
       3
       0
       1
       2
       2
       1
       2
       0
       2
       1
       2
       3
       3
       1
       0
       0
       2
       2
       1
       1
       1
       2
       1
       3
       0
       1
       1
       1
       3
       3
       1
       3
       3
       1
       2
       0
       0
       2
       3
       4
       1
       0
       0
       4
       2
       0
       5
       4
       1
       1
       3
       1
       2
       1
       3
       1
       0
       1
       1
       1
       2
       1
       2
       0
       3
       2
       0
       0
       2
       0
       1
       0
       1
       0
       1
       2
       0
       1
       3
       1
       2
       3
       0
       0
       0
       0
       2
       1
       1
       0
       1
       1
       1
       0
       1
       2
       0
       1
       2
       0
       1
       1
       1
       1
       3
       0
       1
       1
       2
       4
       5
       3
       1
       0
       2
       1
       0
       0
       3
       2
       0
       2
       2
       3
       0
       3
       2
       0
       0
       1
       1
       2
       4
       2
       0
       3
       2
       1
       2
       4
       2
       1
       3
       1
       1
       0
       1
       3
       0
       1
       1
       3
       4
       5
       0
       3
       1
       2
       1
       1
       0
       2
       0
       5
       2
       1
       1
       2
       2
       2
       3
       2
       1
       0
       3
       3
       2
       2
       0
       1
       2
       3
       2
       2
       1
       3
       3
       2
       0
       0
       3
       0
       3
       1
       1
       0
       5
       1
       2
       0
       1
       2
       1
       1
       0
       0
       3
       2
       1
       2
       0
       3
       0
       2
       3
       0
       0
       2
       4
       1
       1
       1
       1
       0
       0
       3
       1
       2
       2
       0
       1
       0
       1
       2
       0
       1
       2
       1
       1
       0
       1
       1
       3
       1
       1
       1
       0
       0
       1
       4
       0
       1
       2
       2
       3
       0
       1
       2
       3
       2
       3
       1
       0
       1
       4
       2
       0
       1
       2
       1
       2
       2
       1
       2
       0
       0
       2
       0
       0
       1
       1
       2
       0
       2
       2
       0
       2
       0
       1
       3
       1
       2
       1
       1
       1
       2
       0
       1
       1
       0
       2
       1
       1
       1
       2
       2
       2
       2
       0
       0
       1
       0
       2
       1
       3
       1
       2
       3
       0
       0
       0
       1
       2
       0
       2
       1
       2
       1
       0
       2
       2
       3
       3
       2
       0
       2
       2
       2
       3
       1
       1
       2
       1
       2
       0
       2
       2
       1
       1
       3
       0
       2
       2
       1
       2
       0
       0
       0
       0
       1
       1
       0
       0
       1
       2
       0
       1
       1
       1
       0
       0
       1
       2
       0
       1
       1
       0
       2
       0
       1
       0
       0
       3
       0
       1
       0
       1
       0
       4
       2
       0
       1
       2
       0
       1
       0
       2
       0
       2
       2
       0
       1
       2
       1
       3
       3
       4
       2
       1
       2
       2
       1
       1
       0
       0
       1
       2
       1
       1
       2
       0
       0
       2
       1
       3
       1
       3
       0
       2
       0
       1
       0
       0
       0
       0
       1
       3
       2
       1
       1
       1
       2
       1
       1
       1
       2
       0
       0
       1
       2
       2
       0
       0
       2
       2
       2
       1
       2
       2
       2
       2
       0
       3
       3
       0
       4
       3
       2
       1
       2
       1
       1
       0
       2
       0
       0
       0
       1
       1
       2
       2
       1
       0
       1
       0
       0
       4
       1
       2
       0
       2
       1
       0
       1
       1
       0
       0
       0
       1
       1
       0
       1
       0
       2
       1
       1
       1
       3
       2
       0
       1
       1
       0
       4
       3
       1
       0
       0
       1
       2
       2
       1
       1
       1
       3
       1
       1
       0
       0
       0
       0
       0
       2
       3
       0
       1
       0
       2
       1
       0
       0
       3
       2
       2
       1
       2
       1
       0
       3
       1
       1
       0
       0
       2
       2
       1
       1
       1
       0
       2
       1
       0
       0
       1
       1
       0
       2
       0
       0
       3
       2
       2
       3
       1
       1
       3
       0
       3
       2
       1
       1
       1
       1
       0
       0
       0
       0
       1
       1
       0
       1
       0
       1
       1
       0
       0
       1
       2
       0
       4
       3
       2
       1
       1
       0
       0
       1
       1
       2
       1
       1
       0
       2
       1
       1
       3
       0
       0
       2
       0
       0
       2
       1
       2
       1
       0
       3
       0
       2
       1
       1
       0
       0
       1
       1
       2
       0
       0
       1
       0
       1
       1
       0
       0
       0
       0
       1
       3
       2
       1
       0
       1
       0
       0
       1
       0
       0
       2
       1
       1
       0
       2
       3
       1
       0
       0
       1
       2
       1
       0
       1
       0
       2
       2
       0
       2
       1
       3
       0
       1
       0
       3
       3
       1
       0
       1
       2
       3
       0
       0
       0
       0
       0
       3
       2
       1
       1
       0
       1
       1
       1
       0
       2
       0
       1
       1
       0
       1
       2
       0
       1
       2
       2
       1
       2
       0
       0
       0
       1
       2
       2
       0
       2
       3
       1
       1
       0
       1
       0
       1
       1
       1
       3
       1
       1
       1
       0
       2
       0
       0
       2
       2
       2
       0
       0
       2
       0
       2
       1
       0
       0
       1
       0
       0
       1
       0
       2
       0
       0
       2
       2
       0
       1
       1
       2
       1
       1
       0
       0
       1
       1
       0
       2
       0
       0
       1
       2
       1
       1
       0
       1
       1
       0
       2
       0
       0
       2
       0
       0
       0
       0
       2
       1
       1
       1
       0
       0
       1
       1
       1
       0
       0
       1
       0
       2
       0
       0
       0
       0
       0
       1
       0
       0
       1
       1
       0
       0
       0
       1
       1
       0
       0
       0
       0
       0
       1
       2
       1
       1
       0
       0
       1
       0
       1
       0
       1
       1
       0
       0
       1
       1
       1
       3
       1
       1
       1
       0
       1
       1
       2
       3
       0
       1
       1
       0
       2
       0
       1
       0
       0
       0
       1
       0
       0
       2
       2
       1
       3
       2
       5
       3
       5
       5
       9
       7
       5
       9
       4
       3
       8
       6
       0
       2
       0
       1
       1
       0
       0
       0
       0
       0
       0
       0
       0
       2
       1
       0
       1
       0
       0
       2
       2
       1
       0
       3
       1
       0
       1
       0
       0
       0
       0
       1
       1
       1
       2
       0
       1
       0
       0
       0
       1
       0
       1
       0
       2
       1
       1
       2
       0
       1
       0
       5
       2
       0
       1
       3
       0
       0
       0
       3
       1
       0
       2
       0
       1
       0
       0
       1
       1
       0
       3
       2
       0
       2
       2
       2
       2
       0
       0
       1
       1
       0
       2
       0
       0
       0
       0
       2
       2
       1
       0
       1
       2
       0
       0
       2
       3
       0
       1
       0
       0
       1
       0
       2
       1
       0
       0
       0
       0
       1
       1
       1
       1
       0
       1
       0
       1
       0
       0
       0
       0
       0
       1
       1
       1
       0
       1
       0
       0
       1
       0
       0
       1
       1
       2
       1
       1
       0
       0
       0
       1
       0
       1
       2
       0
       2
       0
       0
       2
       1
       1
       1
       2
       1
       0
       2
       1
       1
       1
       0
       0
       1
       2
       1
       1
       0
       1
       1
       2
       0
       1
       0
       0
       1
       2
       0
       0
       1
       3
       1
       1
       0
       1
       3
       0
       1
       0
       2
       1
       0
       0
       1
       0
       0
       0
       1
       0
       0
       1
       2
       0
       0
       0
       1
       1
       1
       0
       1
       0
       2
       0
       1
       0
       1
       0
       1
       3
       1
       3
       1
       0
       1
       1
       3
       1
       0
       0
       2
       1
       0
       1
       1
       1
       0
       0
       2
       0
       1
       1
       0
       1
       1
       1
       0
       0
       1
       0
       2
       0
       0
       0
       1
       1
       0
       0
       0
       2
       1
       0
       1
       0
       0
       0
       1
       0
       0
       0
       0
       0
       0
       2
       1
       2
       1
       2
       0
       0
       1
       0
       0
       2
       0
       2
       1
       0
       1
       0
       0
       2
       0
       2
       1
       1
       1
       1
       1
       0
       0
       2
       2
       0
       1
       3
       1
       0
       1
       1
       1
       2
       1
       0
       0
       0
       0
       0
       0
       0
       0
       0
       0
       0
       1
       1
       0
       1
       1
       1
       0
       0
       1
       0
       2
       1
       1
       3
       1
       2
       1
       1
       4
       0
       2
       0
       0
       0
       0
       1
       2
       0
       0
       0
       1
       2
       0
       2
       1
       0
       2
       2
       0
       0
       1
       0
       2
       0
       0
       0
       3
       1
       2
       1
       2
       0
       0
       0
       0
       1
       2
       1
       0
       1
       0
       1
       0
       0
       1
       0
       1
       2
       0
       0
       0
       0
       0
       1
       1
       3
       3
       0
       1
       0
       0
       0
       0
       2
       0
       0
       1
       1
       2
       0
       1
       3
       0
       1
       3
       0
       0
       0
       1
       0
       0
       0
       1
       1
       1
       0
       1
       0
       0
       0
       0
       2
       2
       0
       2
       1
       0
       1
       0
       0
       1
       0
       0
       0
       1
       2
       0
       0
       1
       0
       0
       0
       1
       0
       0
       1
       0
       0
       2
       2
       0
       0
       0
       2
       0
       0
       0
       1
       1
       0
       1
       0
       4
       0
       0
       1
       4
       2
       0
       0
       0
       1
       0
       1
       0
       1
       0
       0
       1
       0
       0
       1
       0
       1
       2
       0
       1
       0
       1
       2
       0
       1
       0
       3
       0
       2
       0
       0
       0
       1
       2
       2
       0
       0
       0
       0
       1
       0
       0
       0
       1
       0
       0
       2
       1
       2
       1
       1
       3
       0
       1
       1
       1
       0
       0
       2
       1
       1
       1
       0
       1
       1
       1
       0
       0
       2
       0
       1
       0
       0
       0
       0
       0
       1
       1
       2
       0
       1
       1
       0
       0
       2
       2
       0
       0
       1
       1
       1
       0
       0
       1
       0
       1
       1
       0
       1
       1
       1
       2
       0
       0
       0
       0
       0
       0
       3
       0
       0
       0
       0
       1
       0
       1
       2
       1
       0
       1
       1
       0
       0
       1
       0
       0
       1
       1
       0
       0
       0
       2
       3
       0
       1
       3
       0
       3
       1
       1
       0
       0
       0
       0
       0
       0
       0
       1
       0
       3
       3
       1
       1
       1
       2
       1
       2
       0
       2
       0
       1
       0
       2
       0
       1
       0
       2
       0
       1
       0
       0
       1
       0
       0
       2
       2
       0
       0
       2
       1
       0
       1
       0
       0
       0
       0
       2
       1
       0
       0
       0
       3
       2
       0
       2
       2
       1
       0
       1
       0
       1
       0
       0
       1
       0
       3
       1
       1
       1
       0
       1
       0
       1
       1
       0
       0
       0
       1
       0
       2
       1
       0
       0
       1
       0
       0
       0
       4
       0
       0
       0
       1
       1
       0
       0
       1
       3
       1
       1
       0
       1
       0
       0
       0
       1
       1
       0
       0
       1
       1
       0
       0
       0
       2
       0
       1
       0
       1
       0
       3
       0
       0
       0
       0
       2
       1
       2
       1
       0
       1
       0
       0
       2
       0
       0
       1
       2
       1
       2
       0
       1
       1
       1
       0
       1
       0
       0
       0
       1
       0
       2
       0
       1
       0
       2
       0
       2
       0
       0
       1
       2
       0
       2
       0
       1
       2
       0
       1
       0
       2
       0
       0
       3
       1
       0
       1
       0
       0
       0
       0
       1
       0
       0
       0
       1
       0
       0
       0
       0
       1
       2
       1
       0
       2
       1
       1
       0
       1
       0
       1
       0
       0
       0
       1
       0
       1
       0
       1
       0
       0
       0
       0
       1
       0
       1
       0
       0
       2
       1
       1
       0
       1
       1
       0
       0
       1
       0
       0
       1
       0
       0
       0
       1
       3
       2
       2
       0
       0
       1
       1
       0
       0
       1
       0
       0
       1
       0
       1
       0
       0
       0
       0
       0
       0
       0
       0
       0
       0
       0
       0
       0
       0
       0
       0
       0
       0
       0
       0
       0
       0
       0
       0
       0
       0
       0
       0
       0
       0
       0
       0
       0
       0
       0
       0
       0
       0
       0
       0
       0
       0
       0
       0
       0
       0
       0
       0
       0
       0
       0
       0
       0
       0
       0
       0
       0
       0
       0
       0
       0
       0
       0
       0
       0
       0
       0
       0
       0
       0
       0
       0
       0
       0
       0
       0
       0
       0
       0
       0
       0
       0
       0
       0
       0
       0
       0
       0
       0
       0
       0
       0
       0
       0
       0
       0
       0
       0
       0
       0
       0
       0
       0
       0
       0
       0
       0
       0
       0
       0
       0
       0
       0
       0
       0
       0
       0
       0
       0
       0
       0
       0
       0
       0
       0
       0
       0
       0
$ROI:
2
1936 2287
5338 5513
$PRESETS:
Integral
500000
0
$ENER_FIT:
0.000000 0.245432
$MCA_CAL:
3
0.000000E+000 2.454316E-001 0.000000E+000 keV
$SHAPE_CAL:
3
7.465718E+000 0.000000E+000 0.000000E+000
