$SPEC_ID:
No sample description was entered.
$SPEC_REM:
DET# 1
DETDESC# BUNCHER Easy-MCA-8k SN 9051292
AP# Maestro Version 6.08
$DATE_MEA:
07/26/2019 10:15:45
$MEAS_TIM:
517 606
$DATA:
0 8191
       0
       0
       0
       0
       0
       0
       0
       0
       0
       0
       0
       0
       0
       0
       0
       0
       0
       0
       0
       3
       5
      70
     429
    1257
    2368
    3610
    4663
   12310
    5659
     375
     197
     153
     443
    1194
    1826
    2092
    2213
    1794
    1623
    1486
    1497
    1438
    1535
    1498
    1439
    1565
    1501
    1457
    1489
    1466
    1491
    1448
    1428
    1390
    1372
    1391
    1410
    1335
    1313
    1343
    1324
    1280
    1312
    1324
    1212
    1243
    1250
    1264
    1294
    1218
    1217
    1191
    1191
    1190
    1159
    1151
    1146
    1106
    1137
    1147
    1073
    1130
    1143
    1113
    1164
    1178
    1124
    1138
    1139
    1043
    1045
    1140
    1095
    1020
    1066
    1107
    1087
    1090
     986
    1061
    1093
     969
    1061
    1039
    1067
    1025
    1019
    1056
    1002
    1041
    1008
    1088
     972
    1001
     954
     961
     969
    1040
    1027
     972
     974
     972
     979
    1001
     994
     976
     968
    1053
     984
     937
     955
     957
     926
     963
     948
     916
     924
     942
     985
     932
     933
     942
     892
     958
     926
     945
     951
     878
     927
     924
     939
     893
     919
     917
     921
     907
     947
     894
     907
     899
     945
     931
     885
     923
     910
     878
     895
     870
     921
     890
     843
     881
     993
     888
     883
     833
     903
     939
     917
     876
     907
     874
     926
     882
     888
     878
     883
     870
     833
     899
     830
     876
     870
     861
     862
     826
     839
     924
     916
     915
     867
     871
     831
     856
     860
     871
     895
     894
     902
     868
     914
     875
     846
     894
     860
     884
     866
     848
     863
     902
     900
     892
     863
     919
     832
     906
     870
     806
     850
     876
     894
     918
     908
     894
     885
     956
     902
     888
     870
     906
     852
     934
     860
     868
     930
     955
     899
     929
     909
     887
     882
     928
     875
     986
     921
     920
     890
     945
     921
     955
     901
     948
     887
     875
     923
     867
     903
     914
     911
     980
     944
     914
     911
     958
     978
     967
     961
     945
     993
     951
     919
     973
     977
     969
     980
     948
     936
    1005
     996
     986
     912
    1050
     990
    1064
    1057
    1078
    1020
    1058
    1035
    1052
    1187
    1200
    1276
    1191
    1124
    1050
     956
    1010
     942
     941
    1054
    1034
    1016
    1001
     997
    1030
    1024
    1000
     997
    1020
    1066
     984
     950
    1014
    1025
    1048
    1046
    1006
    1011
    1041
    1070
    1017
    1037
    1042
    1070
    1043
    1046
    1039
    1151
    1095
    1143
    1234
    1249
    1286
    1253
    1153
    1104
    1079
    1075
    1044
    1096
    1093
    1175
    1128
    1161
    1100
    1108
    1021
    1090
    1114
    1080
    1115
    1083
    1066
    1115
    1125
    1126
    1041
    1051
    1139
    1098
    1081
    1103
    1069
    1091
    1119
    1159
    1082
    1119
    1141
    1114
    1128
    1141
    1108
    1124
    1147
    1088
    1126
    1149
    1106
    1102
    1064
    1106
    1117
    1129
    1124
    1131
    1077
    1171
    1124
    1165
    1154
    1198
    1123
    1122
    1158
    1109
    1166
    1186
    1173
    1184
    1178
    1136
    1158
    1208
    1222
    1192
    1164
    1175
    1147
    1172
    1189
    1215
    1204
    1194
    1160
    1188
    1157
    1217
    1235
    1207
    1235
    1195
    1131
    1180
    1132
    1176
    1203
    1266
    1251
    1197
    1209
    1286
    1264
    1239
    1267
    1224
    1136
    1168
    1217
    1280
    1219
    1205
    1209
    1210
    1277
    1261
    1240
    1222
    1257
    1258
    1249
    1288
    1255
    1252
    1242
    1185
    1268
    1248
    1231
    1290
    1251
    1262
    1188
    1240
    1246
    1249
    1255
    1244
    1186
    1258
    1270
    1268
    1230
    1238
    1288
    1343
    1219
    1166
    1271
    1194
    1283
    1208
    1232
    1243
    1167
    1212
    1272
    1303
    1270
    1230
    1197
    1203
    1191
    1186
    1237
    1178
    1196
    1264
    1221
    1254
    1264
    1214
    1274
    1285
    1225
    1226
    1224
    1234
    1153
    1203
    1203
    1181
    1282
    1190
    1178
    1248
    1156
    1204
    1243
    1230
    1177
    1296
    1191
    1242
    1226
    1199
    1300
    1194
    1172
    1202
    1251
    1201
    1185
    1246
    1198
    1228
    1196
    1185
    1187
    1269
    1218
    1161
    1201
    1205
    1183
    1215
    1291
    1244
    1135
    1192
    1215
    1293
    1260
    1229
    1194
    1215
    1260
    1203
    1186
    1173
    1239
    1203
    1193
    1220
    1192
    1170
    1149
    1153
    1208
    1271
    1217
    1282
    1159
    1243
    1190
    1184
    1227
    1182
    1212
    1130
    1182
    1156
    1162
    1141
    1234
    1228
    1164
    1216
    1175
    1175
    1137
    1179
    1204
    1166
    1220
    1201
    1178
    1221
    1179
    1132
    1181
    1185
    1160
    1216
    1167
    1182
    1134
    1251
    1205
    1160
    1168
    1148
    1237
    1193
    1170
    1125
    1121
    1143
    1127
    1233
    1202
    1207
    1158
    1140
    1169
    1221
    1248
    1132
    1119
    1146
    1146
    1177
    1154
    1185
    1168
    1179
    1175
    1238
    1118
    1192
    1139
    1276
    1097
    1185
    1142
    1160
    1151
    1154
    1161
    1193
    1151
    1119
    1151
    1145
    1155
    1116
    1165
    1130
    1147
    1162
    1139
    1203
    1132
    1167
    1156
    1152
    1173
    1177
    1182
    1183
    1159
    1188
    1164
    1175
    1172
    1204
    1131
    1202
    1161
    1193
    1160
    1212
    1209
    1196
    1221
    1280
    1192
    1222
    1199
    1203
    1264
    1262
    1260
    1233
    1223
    1272
    1227
    1229
    1202
    1213
    1255
    1228
    1281
    1185
    1184
    1170
    1169
    1177
    1152
    1198
    1144
    1154
    1090
    1127
    1209
    1132
    1255
    1131
    1150
    1172
    1116
    1111
    1156
    1149
    1143
    1139
    1081
    1095
    1127
    1155
    1069
    1098
    1138
    1151
    1095
    1096
    1067
    1092
    1080
    1102
    1099
    1114
    1103
    1057
    1136
    1150
    1082
    1054
    1099
     989
    1067
    1116
    1131
    1019
    1075
    1058
     983
    1056
    1006
    1047
    1081
    1070
    1074
    1020
    1033
    1074
    1064
    1082
    1061
    1098
    1023
    1015
    1021
    1055
    1019
    1066
    1027
     986
    1053
    1049
    1052
    1061
    1019
    1002
    1025
    1031
     988
    1034
    1039
    1002
    1009
    1052
    1026
     965
    1060
    1056
     975
    1040
    1012
     993
    1036
     993
    1018
     996
     987
     993
     968
     992
     982
     948
     965
     952
    1005
     971
    1003
    1034
    1039
    1020
     945
    1009
     942
     988
     974
     984
     961
     970
     925
     886
     985
     973
     956
    1010
     947
     935
     925
     910
     955
     963
     965
     989
     925
     923
     937
     972
     961
     935
     972
     945
     962
     932
     983
     943
     955
     952
     921
     957
     952
     970
     906
    1000
     956
     983
     941
     983
     966
     954
     919
     954
     913
     913
     936
     884
     904
     959
     913
     928
     933
     889
     904
     963
     959
     881
     953
     942
     927
     954
     934
     922
     880
     890
     911
     955
     897
     906
     926
     883
     868
     947
     911
     899
     945
     922
     919
     846
     921
     922
     910
     931
     938
     884
     965
     879
     931
     902
     879
     957
     856
     978
     903
     923
     931
     891
     920
     851
     968
     947
     941
     919
     957
     872
     900
     878
     936
     922
     874
     914
     905
     904
     951
     915
     969
     923
     886
     874
     861
     909
     914
     962
     902
     912
     939
     897
     903
     925
     927
     863
     860
     891
     947
     929
     907
     917
     926
     912
     908
     961
     883
     919
     881
     892
     879
     928
     948
     942
     882
     905
     850
     892
     869
     932
     838
     929
     879
     867
     891
     883
     818
     948
     911
     942
     900
     882
     898
     881
     882
     944
     923
     866
     911
     901
     822
     865
     929
     906
     841
     891
     950
     899
     906
     851
     915
     942
     901
     952
     908
     870
     921
     869
     856
     969
     890
     872
     931
     882
     886
     868
     890
     941
     879
     892
     880
     917
     907
     903
     883
     892
     919
     907
     899
     895
     889
     871
     888
     946
     960
     910
     858
     907
     853
     879
     893
     882
     897
     930
     961
     869
     919
     823
     915
     938
     960
     949
     943
     947
     877
     905
     923
     876
     935
     836
     925
     879
     910
     911
     882
     975
     914
     921
     931
     862
     916
     975
     911
     863
     870
     934
     928
     936
     863
     858
     906
     894
     868
     903
     912
     957
     926
     901
     871
     923
     878
     878
     921
     947
     917
     948
     932
     970
     880
     908
     900
     907
     870
     896
     882
     845
     868
     974
     910
     892
     924
     926
     919
     909
     873
     896
     917
     927
     929
     966
     986
     951
     921
     915
     960
     930
     924
     928
     962
     919
     883
     925
     922
     962
     920
     942
     896
     976
     947
     876
     951
     932
     903
     984
     962
     904
     960
     926
     917
     905
     921
     886
     929
     968
     933
    1001
     917
     942
     845
     905
     913
     938
     935
     942
     962
     960
     914
    1002
    1002
     918
     913
     929
     905
     928
     954
     943
     959
    1018
     926
    1014
     955
     976
     911
     952
     934
     968
     900
     893
     942
     996
     942
     992
    1026
     975
     929
     981
    1029
    1040
     994
    1002
     988
    1011
    1000
     970
     966
     950
     973
     952
    1022
     966
     993
     990
     996
     926
     949
     966
     973
     963
     977
     944
     973
    1006
     923
     929
     968
    1025
    1000
     966
     996
     992
    1004
     989
     956
    1001
    1011
    1009
     965
     968
     978
     997
     977
    1079
     977
     963
     974
     962
    1025
    1043
     986
    1047
     988
     978
    1012
     982
    1000
    1005
     999
    1000
    1034
    1009
     956
    1012
    1053
    1038
     965
     970
    1047
     996
    1008
    1031
    1022
    1045
    1086
    1014
     988
    1079
    1008
    1094
    1103
    1029
    1028
    1016
    1117
    1060
    1074
     968
    1092
    1025
    1010
    1018
    1032
    1033
    1063
    1025
     997
    1048
    1025
    1049
    1076
    1006
    1058
    1046
    1064
    1094
    1084
    1079
    1073
    1094
    1061
    1091
    1079
    1035
    1018
    1019
    1047
    1134
    1038
    1086
    1038
    1030
    1061
    1113
    1052
    1077
    1066
    1120
    1019
    1042
    1078
    1111
    1077
    1052
    1068
    1019
    1089
     999
    1024
    1123
    1056
    1040
    1036
    1052
    1117
    1069
    1040
     995
    1037
    1047
    1060
    1019
    1015
     988
     985
     970
     989
     964
    1035
    1006
     952
     979
    1024
     976
     954
     955
     975
     942
     914
     886
     913
     835
     847
     851
     831
     840
     868
     888
     783
     853
     834
     834
     788
     868
     775
     761
     790
     799
     762
     781
     775
     730
     740
     815
     737
     733
     733
     686
     743
     741
     729
     700
     718
     691
     703
     763
     683
     694
     679
     688
     720
     668
     733
     713
     803
     738
     687
     702
     674
     674
     698
     681
     689
     668
     631
     666
     624
     669
     616
     679
     641
     676
     664
     647
     609
     625
     612
     652
     639
     651
     658
     646
     650
     658
     649
     648
     617
     634
     636
     622
     612
     602
     646
     615
     580
     615
     592
     625
     595
     630
     630
     644
     591
     599
     603
     609
     580
     595
     548
     608
     577
     569
     559
     590
     552
     636
     570
     599
     609
     541
     528
     550
     548
     546
     554
     555
     599
     561
     577
     646
     590
     601
     570
     590
     562
     541
     615
     562
     556
     559
     603
     562
     570
     541
     601
     572
     549
     534
     543
     577
     559
     607
     570
     544
     546
     544
     546
     554
     540
     510
     558
     571
     501
     540
     559
     529
     524
     518
     517
     524
     551
     467
     512
     505
     546
     557
     552
     534
     519
     498
     538
     498
     542
     487
     491
     524
     479
     549
     503
     570
     499
     508
     496
     528
     502
     520
     511
     454
     437
     469
     487
     490
     524
     493
     489
     445
     466
     493
     499
     482
     448
     475
     502
     461
     484
     485
     527
     454
     464
     464
     439
     519
     460
     469
     464
     476
     493
     494
     457
     464
     409
     476
     506
     437
     502
     455
     457
     441
     454
     472
     446
     463
     442
     480
     469
     452
     464
     457
     438
     451
     447
     453
     418
     449
     450
     450
     465
     443
     454
     440
     424
     440
     443
     452
     408
     458
     426
     463
     448
     428
     442
     469
     460
     455
     442
     423
     465
     437
     393
     414
     396
     436
     455
     404
     443
     435
     408
     447
     412
     467
     460
     452
     405
     446
     428
     400
     406
     415
     429
     427
     416
     376
     421
     419
     463
     458
     395
     404
     387
     416
     424
     413
     422
     450
     459
     378
     409
     443
     413
     433
     384
     389
     419
     393
     396
     407
     426
     411
     385
     437
     390
     433
     384
     434
     409
     388
     419
     391
     388
     397
     422
     397
     358
     404
     368
     370
     406
     428
     438
     400
     391
     386
     425
     391
     400
     375
     363
     356
     416
     351
     390
     423
     416
     384
     396
     379
     409
     393
     379
     399
     367
     403
     383
     426
     394
     389
     362
     392
     379
     368
     412
     407
     429
     392
     380
     433
     375
     387
     373
     413
     419
     382
     402
     424
     423
     392
     394
     389
     424
     379
     429
     398
     376
     390
     383
     406
     395
     432
     394
     388
     397
     416
     380
     390
     392
     415
     406
     410
     412
     381
     385
     358
     376
     460
     400
     367
     392
     399
     403
     412
     358
     359
     378
     375
     369
     391
     413
     394
     358
     380
     394
     416
     373
     385
     381
     363
     383
     388
     368
     392
     381
     416
     367
     401
     385
     365
     415
     393
     350
     381
     390
     387
     370
     398
     369
     385
     392
     383
     389
     415
     382
     353
     377
     382
     418
     390
     360
     368
     402
     384
     405
     374
     406
     381
     380
     368
     375
     347
     358
     396
     410
     417
     357
     386
     406
     388
     398
     405
     371
     363
     355
     365
     362
     356
     380
     385
     388
     376
     364
     359
     364
     371
     388
     357
     366
     372
     393
     367
     369
     375
     357
     390
     348
     368
     359
     371
     367
     351
     337
     378
     351
     383
     357
     355
     353
     352
     385
     367
     368
     336
     403
     359
     350
     380
     399
     346
     354
     413
     360
     363
     397
     340
     370
     395
     373
     367
     359
     411
     354
     337
     356
     360
     368
     372
     354
     350
     373
     348
     382
     369
     361
     365
     393
     365
     394
     345
     374
     358
     375
     391
     355
     375
     362
     326
     349
     361
     385
     328
     383
     357
     352
     351
     393
     409
     375
     389
     373
     373
     335
     384
     339
     353
     373
     354
     372
     355
     370
     352
     375
     350
     352
     359
     368
     355
     340
     383
     370
     361
     352
     349
     339
     354
     386
     379
     371
     386
     372
     373
     402
     354
     362
     355
     369
     343
     367
     346
     363
     354
     358
     337
     347
     363
     381
     376
     373
     357
     419
     373
     369
     363
     395
     383
     354
     370
     401
     425
     367
     391
     412
     365
     349
     407
     370
     361
     396
     336
     365
     360
     371
     363
     360
     382
     398
     375
     417
     447
     452
     473
     451
     467
     471
     552
     600
     629
     717
     851
     958
    1156
    1581
    1959
    2792
    3706
    5009
    6799
    9054
   12083
   15515
   19233
   23061
   26511
   29390
   31606
   32620
   31984
   30830
   28030
   24744
   20962
   16991
   13308
    9896
    7258
    5265
    3823
    2579
    1842
    1357
    1019
     817
     629
     487
     432
     388
     361
     303
     279
     235
     245
     237
     198
     187
     207
     179
     175
     160
     162
     163
     176
     176
     171
     169
     174
     151
     155
     139
     143
     144
     126
     132
     157
     139
     155
     110
     136
     133
     136
     146
     130
     141
     139
     142
     127
     121
     132
     110
     127
     116
      97
     112
     114
     146
     100
     130
     118
     121
     109
     111
      87
     115
      94
     102
     107
     119
      97
     120
     110
     133
     117
     122
     111
     111
     111
      87
     113
     121
     104
     109
     111
     105
     110
     101
     138
     100
      98
      87
      95
     108
      96
     115
     100
      85
      96
      80
     102
      98
      84
      88
     103
      94
      79
      99
     104
      88
      86
      73
      96
      83
      93
      82
     118
      89
     110
      94
     100
     102
     101
      91
      90
      87
     105
      89
      90
      97
      83
      75
      77
      94
      88
      72
     104
      84
      72
      95
      87
      77
      99
      91
      69
      80
      87
      74
     100
      85
      94
      89
      78
      84
      77
      67
     100
      84
      90
      90
      89
      91
      90
      92
      71
      97
      85
      77
      96
      81
      87
      71
      77
      78
      97
      72
      96
      66
      71
      92
      75
      76
      97
      88
      76
      93
      76
      74
      83
      80
      81
      62
      69
      73
      77
      72
      78
      79
      65
      65
      81
      73
      55
      74
      82
      82
      68
      75
      84
      73
      71
      50
      60
      69
      81
      69
      72
      80
      88
      84
      66
      69
      82
      94
      63
      68
      74
      68
      74
      71
      61
      62
      83
      80
      80
      78
      56
      78
      59
      75
      57
      68
      80
      65
      55
      69
      64
      76
      64
      61
      69
      86
      58
      74
      64
      74
      79
      73
      75
      76
      66
      68
      74
      70
      87
      80
      68
      49
      67
      72
      76
      63
      66
      65
      79
      78
      75
      73
      60
      67
      61
      75
      75
      90
      67
      71
      75
      72
      75
      55
      73
      62
      65
      76
      77
      66
      70
      74
      68
      76
      66
      71
      66
      61
      68
      64
      63
      75
      56
      68
      75
      80
      69
      54
      77
      70
      64
      68
      62
      60
      74
      61
      63
      60
      72
      56
      68
      60
      86
      58
      62
      77
      64
      49
      67
      64
      60
      76
      80
      80
      69
      72
      47
      64
      68
      72
      63
      72
      55
      66
      59
      67
      83
      69
      76
      77
      72
      71
      59
      68
      60
      56
      66
      52
      84
      60
      60
      74
      62
      60
      59
      67
      61
      60
      61
      59
      68
      60
      58
      61
      53
      74
      65
      67
      57
      69
      72
      76
     107
     127
     120
     115
     124
      73
      77
      69
      61
      47
      70
      58
      53
      58
      51
      49
      60
      59
      60
      78
      56
      69
      59
      70
      63
      62
      73
      67
      60
      59
      51
      59
      51
      59
      70
      70
      55
      69
      56
      45
      59
      55
      55
      51
      50
      73
      53
      64
      66
      58
      55
      51
      55
      47
      79
      50
      62
      47
      55
      61
      61
      66
      65
      54
      62
      53
      67
      56
      55
      49
      59
      56
      76
      55
      72
      58
      52
      60
      50
      66
      76
      58
      63
      59
      56
      59
      58
      57
      59
      53
      62
      55
      67
      61
      45
      53
      60
      46
      86
      63
      63
      70
      53
      54
      64
      60
      52
      57
      55
      59
      55
      54
      61
      51
      62
      61
      46
      40
      51
      64
      64
      59
      45
      45
      54
      62
      44
      43
      54
      55
      48
      51
      51
      61
      58
      53
      56
      51
      44
      58
      41
      71
      53
      44
      42
      42
      48
      51
      52
      54
      59
      46
      61
      45
      59
      53
      51
      52
      39
      43
      50
      60
      63
      52
      49
      57
      54
      55
      55
      39
      48
      61
      43
      45
      57
      58
      46
      57
      50
      58
      40
      55
      57
      46
      43
      45
      49
      51
      49
      52
      46
      51
      45
      47
      41
      47
      53
      59
      47
      48
      58
      55
      50
      53
      45
      42
      56
      51
      64
      62
      62
      40
      51
      43
      46
      51
      35
      58
      47
      42
      52
      52
      62
      35
      42
      41
      48
      49
      60
      57
      64
      61
      52
      45
      59
      60
      47
      42
      46
      45
      40
      39
      51
      42
      46
      62
      38
      48
      54
      53
      51
      39
      54
      38
      51
      49
      50
      46
      50
      44
      54
      47
      65
      52
      39
      43
      54
      48
      37
      62
      47
      48
      54
      58
      55
      54
      40
      44
      50
      41
      64
      57
      38
      32
      43
      43
      48
      53
      46
      44
      44
      50
      48
      45
      47
      51
      43
      48
      47
      46
      58
      37
      60
      56
      47
      38
      54
      46
      48
      42
      41
      49
      56
      43
      54
      40
      47
      51
      45
      44
      33
      55
      33
      46
      42
      49
      41
      44
      51
      44
      43
      33
      37
      54
      41
      36
      38
      41
      43
      42
      46
      34
      52
      35
      44
      43
      39
      55
      39
      50
      23
      46
      49
      32
      44
      37
      53
      52
      29
      35
      43
      32
      33
      41
      47
      43
      50
      38
      45
      34
      56
      50
      42
      37
      51
      30
      34
      42
      42
      36
      45
      46
      34
      39
      45
      48
      39
      53
      32
      40
      49
      28
      45
      45
      36
      43
      40
      36
      36
      44
      36
      39
      49
      42
      37
      38
      33
      38
      54
      36
      38
      36
      40
      32
      42
      42
      52
      39
      50
      41
      52
      32
      44
      41
      48
      42
      39
      61
      38
      37
      39
      41
      52
      51
      44
      37
      39
      44
      38
      39
      45
      35
      47
      37
      43
      37
      30
      38
      39
      44
      47
      33
      44
      37
      40
      29
      42
      37
      34
      39
      36
      50
      46
      40
      42
      33
      31
      42
      36
      43
      29
      54
      29
      43
      36
      35
      32
      45
      36
      35
      40
      51
      41
      37
      50
      31
      40
      34
      37
      35
      31
      42
      42
      36
      36
      37
      42
      41
      28
      30
      40
      33
      39
      37
      42
      46
      28
      40
      34
      37
      44
      33
      43
      41
      45
      37
      42
      43
      38
      36
      34
      50
      36
      36
      51
      37
      33
      39
      42
      43
      35
      37
      35
      37
      32
      41
      32
      29
      30
      39
      35
      26
      30
      31
      34
      34
      39
      40
      43
      40
      48
      37
      35
      52
      38
      37
      48
      36
      37
      43
      54
      46
      41
      36
      35
      37
      30
      34
      27
      39
      45
      34
      29
      38
      37
      37
      36
      46
      47
      40
      23
      34
      32
      31
      46
      43
      34
      35
      39
      34
      44
      35
      39
      25
      27
      46
      37
      37
      38
      27
      31
      28
      36
      32
      39
      34
      41
      32
      34
      40
      34
      39
      34
      31
      23
      28
      41
      35
      37
      35
      34
      35
      42
      37
      31
      29
      43
      35
      33
      36
      39
      38
      34
      36
      33
      45
      36
      30
      29
      36
      44
      32
      40
      21
      26
      29
      38
      34
      39
      30
      41
      37
      50
      30
      29
      31
      34
      36
      33
      33
      29
      41
      38
      33
      36
      29
      42
      39
      31
      33
      30
      34
      42
      27
      30
      39
      28
      29
      23
      32
      41
      34
      36
      33
      35
      30
      37
      34
      29
      30
      45
      25
      36
      43
      25
      28
      32
      36
      34
      34
      40
      31
      41
      36
      42
      43
      31
      39
      35
      32
      36
      40
      31
      30
      33
      32
      36
      39
      27
      37
      38
      32
      29
      27
      51
      26
      35
      38
      34
      33
      26
      49
      41
      28
      41
      36
      28
      36
      27
      32
      34
      39
      38
      33
      29
      42
      23
      30
      32
      28
      28
      33
      44
      32
      32
      40
      32
      46
      34
      34
      33
      31
      33
      26
      24
      34
      32
      40
      46
      26
      35
      24
      30
      26
      28
      26
      34
      26
      32
      38
      28
      36
      44
      44
      28
      38
      27
      40
      35
      36
      36
      30
      34
      37
      24
      37
      29
      32
      35
      30
      39
      35
      32
      27
      34
      26
      35
      33
      24
      34
      43
      35
      35
      36
      23
      33
      32
      25
      28
      27
      33
      28
      37
      46
      43
      38
      16
      38
      29
      32
      38
      39
      26
      32
      28
      28
      26
      25
      20
      31
      36
      33
      40
      28
      31
      26
      32
      27
      33
      30
      33
      30
      30
      34
      47
      34
      25
      33
      33
      28
      21
      26
      37
      26
      50
      38
      31
      36
      28
      32
      30
      48
      33
      35
      23
      23
      34
      34
      30
      30
      21
      25
      25
      28
      34
      38
      29
      36
      37
      31
      26
      27
      29
      21
      27
      30
      33
      42
      23
      22
      32
      39
      29
      36
      34
      32
      40
      27
      32
      33
      28
      23
      37
      33
      35
      24
      30
      28
      36
      39
      20
      35
      36
      32
      29
      28
      28
      36
      20
      21
      25
      28
      38
      26
      29
      31
      34
      28
      29
      30
      28
      32
      24
      30
      28
      33
      30
      35
      20
      37
      23
      37
      29
      30
      29
      36
      32
      31
      29
      26
      25
      31
      22
      39
      30
      35
      22
      26
      25
      31
      30
      39
      41
      38
      32
      27
      30
      24
      22
      26
      32
      24
      36
      37
      29
      30
      38
      27
      17
      29
      29
      24
      26
      33
      20
      38
      27
      29
      24
      21
      25
      21
      19
      26
      30
      21
      30
      25
      34
      24
      33
      34
      17
      24
      37
      27
      25
      27
      29
      29
      26
      21
      26
      27
      26
      27
      29
      26
      33
      28
      24
      29
      20
      24
      26
      28
      23
      21
      14
      37
      36
      24
      27
      26
      37
      32
      37
      29
      22
      36
      29
      23
      31
      21
      23
      31
      23
      26
      19
      32
      15
      26
      30
      31
      19
      30
      33
      33
      24
      29
      20
      36
      24
      22
      26
      29
      36
      31
      30
      30
      31
      19
      27
      20
      31
      22
      26
      27
      28
      29
      22
      23
      26
      14
      26
      23
      27
      28
      24
      19
      30
      19
      16
      38
      23
      25
      25
      34
      19
      26
      28
      24
      26
      24
      31
      18
      24
      24
      27
      25
      28
      30
      30
      29
      29
      26
      24
      19
      32
      18
      34
      22
      29
      32
      16
      28
      32
      30
      21
      22
      24
      27
      29
      23
      25
      28
      22
      15
      17
      33
      25
      23
      28
      25
      27
      30
      20
      24
      24
      30
      32
      34
      16
      33
      32
      24
      24
      30
      38
      35
      18
      21
      27
      28
      21
      22
      21
      29
      31
      28
      30
      30
      18
      37
      31
      21
      29
      27
      25
      19
      23
      19
      22
      29
      26
      26
      32
      28
      20
      25
      26
      23
      30
      24
      33
      21
      31
      24
      29
      20
      28
      36
      34
      21
      27
      28
      39
      35
      26
      28
      22
      33
      31
      29
      25
      25
      26
      25
      27
      33
      34
      31
      48
      36
      26
      53
      34
      27
      28
      25
      23
      27
      24
      24
      21
      31
      21
      32
      33
      34
      28
      18
      34
      21
      18
      23
      36
      34
      22
      31
      26
      30
      27
      24
      21
      14
      20
      23
      20
      26
      20
      16
      20
      26
      27
      20
      22
      21
      27
      23
      24
      21
      34
      25
      22
      20
      22
      21
      26
      36
      24
      27
      22
      26
      14
      21
      28
      23
      27
      19
      23
      21
      24
      41
      24
      26
      23
      24
      27
      31
      31
      22
      20
      18
      34
      24
      19
      27
      25
      18
      21
      23
      24
      28
      30
      24
      32
      28
      19
      32
      18
      22
      24
      30
      26
      25
      19
      24
      33
      30
      35
      22
      22
      32
      27
      29
      22
      29
      24
      26
      19
      31
      23
      19
      26
      27
      24
      33
      33
      25
      26
      32
      25
      21
      28
      18
      20
      23
      30
      25
      25
      24
      18
      24
      26
      31
      33
      34
      26
      26
      29
      30
      27
      17
      28
      27
      15
      32
      27
      28
      33
      12
      27
      31
      21
      28
      28
      24
      19
      28
      27
      34
      26
      38
      18
      23
      21
      35
      35
      27
      22
      30
      21
      20
      27
      28
      22
      18
      28
      13
      30
      34
      36
      34
      30
      26
      28
      29
      23
      22
      40
      34
      25
      31
      26
      33
      20
      20
      24
      14
      19
      30
      21
      26
      23
      17
      26
      28
      32
      22
      20
      25
      20
      21
      27
      30
      21
      41
      28
      20
      30
      24
      25
      27
      28
      19
      22
      30
      36
      37
      33
      32
      27
      30
      35
      21
      26
      21
      26
      24
      16
      27
      22
      27
      22
      15
      29
      24
      21
      25
      24
      33
      23
      19
      29
      22
      21
      25
      25
      20
      20
      23
      17
      15
      25
      22
      13
      17
      22
      17
      13
      26
      22
      27
      19
      27
      23
      22
      28
      22
      21
      20
      21
      30
      15
      15
      18
      23
      18
      17
      17
      23
      16
      21
      29
      16
      30
      24
      29
      17
      20
      21
      24
      23
      27
      24
      21
      28
      18
      21
      28
      26
      25
      23
      19
      20
      27
      24
      22
      21
      16
      18
      12
      25
      18
      27
      18
      27
      33
      22
      15
      16
      29
      14
      22
      19
      26
      23
      26
      18
      26
      24
      29
      22
      22
      26
      17
      27
      14
      30
      21
      18
      19
      24
      27
      23
      29
      21
      25
      22
      25
      19
      26
      22
      29
      34
      25
      28
      27
      23
      24
      17
      17
      25
      12
      22
      19
      28
      22
      19
      19
      20
      16
      21
      37
      18
      24
      34
      24
      25
      27
      18
      27
      21
      20
      27
      21
      26
      28
      28
      25
      18
      29
      25
      14
      23
      24
      28
      26
      18
      26
      29
      16
      19
      22
      18
      24
      23
      20
      29
      21
      35
      20
      24
      23
      24
      15
      42
      31
      32
      25
      23
      30
      35
      33
      28
      23
      30
      29
      21
      43
      33
      29
      30
      30
      32
      28
      31
      29
      25
      28
      22
      18
      27
      14
      24
      17
      14
      14
      13
      18
      17
      23
      16
      11
      13
      21
      14
      12
      18
      24
      20
      14
      14
      10
      13
      19
      21
      18
      18
      18
      24
      15
      17
      20
      14
      13
      16
      14
      12
      25
      21
      11
      21
      12
      15
      12
      17
      24
      11
      10
      12
      21
      17
      11
      22
      18
      25
      11
      20
      13
       9
      10
      11
      14
      16
      11
      15
      13
      17
      17
      13
      14
      15
      19
      14
      11
      12
      13
      15
      14
      25
      17
      13
      14
      10
      17
      14
       7
       9
      14
      18
      23
       9
      24
      17
      14
      10
      13
      15
      15
      10
      17
      13
       8
      19
      11
      15
      12
      16
      22
      14
      12
      12
      10
      13
      12
      15
      18
      21
       9
      16
      10
      12
      10
      14
      11
      13
      11
      16
      11
      19
      22
      20
      19
      13
      16
      15
      17
      11
       8
       9
      14
      10
      15
       9
      21
      13
       8
      17
      18
      14
      16
      11
      11
      13
      12
      14
      15
      16
      10
      15
      13
      18
      15
      23
      21
      16
      10
      12
      18
      14
      13
      14
      10
       9
      11
      14
      17
      17
       7
      14
      15
      14
      17
      16
      20
      17
      16
       9
      16
      17
       9
      14
      23
      18
      11
      18
      10
      12
      16
      24
      20
      14
       9
      11
      11
      19
      19
      14
      18
      15
      17
      12
      11
      14
      16
      12
      14
      17
      12
      17
      22
      13
      16
      13
      20
      17
      12
      22
      16
       8
      15
      18
      11
      20
      17
      15
      12
       9
      16
      19
      17
      12
      11
      14
      14
      18
      16
      17
      11
      10
      12
      13
      19
      15
      14
      16
      17
      13
      10
      21
      15
      14
      10
      19
      27
      17
      17
      15
      15
      16
      15
      11
      19
      22
      14
      10
      15
      14
       7
      14
      12
      19
      13
      16
      16
      14
      11
      17
      14
      19
      11
      22
      10
      14
      19
      15
      22
      11
      14
      15
      20
      12
      16
      18
      19
      10
      10
      11
      20
       9
      20
      15
       7
      12
      19
       4
      11
      15
      18
      12
      13
      21
      16
      16
      23
      18
      13
       9
      12
      19
      11
      17
      11
      14
      14
       8
      16
      16
      18
      14
      14
      11
      19
      17
      10
      17
      14
      13
      15
      20
      10
      14
      12
      11
      15
      10
      13
      19
      19
      19
      19
      14
      11
      18
      15
      13
       8
      15
      23
      16
      21
      11
      19
      12
      14
      14
      14
       7
      13
      14
      12
      12
      15
      17
      10
       8
      14
      13
      16
      13
      12
      17
      18
      31
      18
      23
      21
      25
      16
      21
      13
      14
       9
      12
       9
      10
       8
       9
       6
      12
      10
      15
      11
      11
      11
      11
      12
       8
      14
      13
      20
      19
       6
      12
      15
      13
      13
      14
      17
      13
       9
      10
      17
       6
      12
      15
      18
      13
      13
      13
      13
      11
       9
       8
      13
      13
      15
      13
       7
       7
      10
       8
       8
      11
      11
      16
      16
       9
       8
      10
      11
       6
       7
      11
      14
       8
      14
      10
      11
       5
      13
      14
       9
      12
      12
      13
       6
      10
      14
      14
       6
      15
       9
      14
      13
       8
       7
      12
       7
       7
       5
      12
      17
      11
      10
       7
       9
      16
      14
      12
      16
      13
      11
      13
      14
      10
      12
      11
      10
      11
      18
      11
       9
       5
      15
      14
      16
       8
       6
      17
       8
       7
       9
      14
      13
      14
      14
       8
      15
      11
      13
      12
      10
       7
      15
      14
      11
      12
       7
      11
       9
      13
       6
      11
      19
      12
      13
      11
       5
      12
       9
       9
      14
      13
      11
      11
      13
       7
      13
      14
      13
       9
      11
       9
      11
       9
       6
      13
      13
      10
      12
      14
      11
       9
      11
       8
      19
       9
       7
      11
      11
      14
       8
      14
       8
      16
      10
       9
       8
      15
      16
      17
      15
      16
      12
      11
      11
      13
       9
      13
      27
      27
      30
      37
      60
      89
     200
     260
     319
     437
     503
     476
     440
     396
     262
     171
     101
      69
      24
      15
      13
       9
       8
      14
      15
      12
      12
      14
       9
       4
       7
      13
      13
       7
      12
      10
       9
      10
       7
       8
      11
      14
       7
      15
      10
       9
      10
      10
       3
       7
       8
      10
       5
       8
       7
       7
       8
      10
      10
       4
       7
       9
       9
      14
      11
       5
       6
       8
       9
      11
      10
       7
       9
       4
       5
      10
       3
       7
      14
       7
       7
       8
       7
      15
       6
       6
       3
      13
       4
       6
       6
       4
      11
      11
      11
       7
      10
       3
       8
       8
       5
       6
       9
       6
      10
       9
       7
       8
       8
      11
      11
       7
       7
       2
       9
       9
       8
       5
       6
       6
       5
       2
       7
      14
       9
       5
       9
       8
      11
       4
       5
       5
       8
       7
       6
       6
       7
       8
       8
       9
      14
       7
       4
       7
       8
      13
       6
       7
       4
       9
       7
       6
       5
       9
       7
       6
       8
      13
       5
      10
      10
       5
       5
       4
       5
       8
      11
       5
       9
       7
       7
       4
       5
       7
       4
       7
       6
       5
       6
       7
       5
       5
       8
       8
       9
       9
       5
      11
       9
       5
       9
       6
       3
       7
       5
       9
       5
       8
       7
       3
       5
       5
       8
       7
       5
       9
       7
       4
       7
       5
      10
       7
       6
       4
       5
       8
       8
      10
       8
      10
       6
      11
       5
       7
       4
       5
      11
       4
      10
       9
       6
       8
       3
       1
      10
       5
       8
       6
       8
       8
       6
       7
       6
       8
       2
       3
       7
       8
       8
       6
       6
       6
      10
       6
       3
      10
      10
       5
       2
       6
       6
      10
       5
      11
       9
      14
       8
       7
       9
       6
       7
      12
       5
       5
      10
       3
      10
      14
      14
      11
       9
       4
       3
       2
       6
       7
       7
       8
       7
       7
       3
       6
      10
       6
      10
       5
       6
       8
       6
       9
      10
       7
       7
       3
       2
       4
       4
       8
       4
       6
       6
       3
       7
       1
       7
       5
       9
       1
       6
       7
       5
       5
       5
       5
       3
       7
       5
       2
       3
       5
       6
       3
       8
       7
       5
       4
       2
       5
       6
       4
       6
       7
       7
       4
       3
       7
       3
       8
       3
       4
       3
       0
       5
       4
       7
       8
       8
       6
       6
       9
       4
       3
      10
       4
       3
       4
       4
       6
       4
      10
       4
       3
       3
       2
       9
       5
       4
       6
      10
       6
       3
       4
       5
       7
       0
       7
       5
       7
       4
       4
       3
       4
       7
       2
       8
      11
       3
       6
       5
       6
       8
       8
       4
       9
      11
       8
       4
       6
       4
       2
       4
       6
       4
       7
       4
       7
       9
       4
       4
       9
       6
       9
      11
      15
      12
       6
       6
      15
      11
       7
       5
       3
       5
       4
       4
       2
       2
       5
       7
       5
       7
       3
       3
       8
       5
       8
       3
       3
       1
       3
       5
       4
       3
       5
       4
       5
       4
       5
       2
       5
       5
       9
       3
       5
       3
       3
       2
       4
       4
      11
       3
       3
       7
       7
       5
       6
       2
       4
       4
       3
       1
       5
       5
       4
       5
       5
       5
       6
       4
       5
       5
       8
       2
       1
       5
       6
       4
       5
       1
       4
       4
       6
       9
       5
       5
       2
       5
       7
       2
       3
       7
       4
      13
       7
       3
       2
       2
       8
       3
       4
       5
       5
       7
       4
       3
       4
       2
       3
       4
       3
       7
       3
       7
       5
       3
       3
       3
       4
       3
       2
       5
       4
       4
       7
       6
       6
       4
       7
       2
       1
       4
       3
       1
       6
       4
       9
       5
       5
       7
       2
       4
       5
       4
       2
       2
       8
       4
       4
       4
       1
       7
       7
       1
       6
       2
       4
       7
       4
       5
       2
       5
       1
       4
       5
       3
       3
       3
       5
      10
       3
       2
       4
       5
       4
       5
       7
      10
       7
       2
       5
       5
       2
       4
       6
       6
       5
       3
       2
       5
       3
       0
       4
       3
      11
       9
       2
       6
       5
       2
       4
       8
       5
       4
       3
       4
       5
       3
       5
       4
       3
       2
       3
       3
       9
       4
       4
       6
       4
       6
       2
       5
       4
       6
       5
       7
       5
       7
       2
      14
       8
      14
      16
      33
      40
      68
     109
     193
     254
     356
     370
     435
     440
     393
     291
     207
     121
      84
      39
      12
      12
       6
       5
       2
       1
       3
       6
       9
       5
       9
       8
       6
       8
       7
       5
       9
       7
       4
       6
       4
       6
       7
       3
       9
       5
       3
       7
       2
       4
       6
       6
       6
       3
       4
       1
       5
       1
       3
       5
       6
       6
       4
       5
       5
       0
       4
       5
       2
       8
       1
       5
       3
       4
       5
       5
       3
       3
       3
       6
       4
       2
       4
       4
       3
       4
       2
       0
       3
       1
       4
       1
       4
       4
       4
       8
       1
       0
       1
       4
       2
       8
       3
       8
       2
       3
       4
       2
       3
       4
       3
       4
       4
       3
       4
       2
       1
       6
       0
       4
       6
       5
       2
       3
       2
       2
       3
       3
       3
       5
       3
       2
       3
       5
       4
       3
       3
       6
       4
       3
       6
       4
       4
       2
       2
       8
       2
       2
       2
       3
       3
       1
       2
       6
       6
       5
       2
       3
       2
       3
       3
       3
       3
       4
       3
       3
       2
       5
       0
       1
       0
       5
       2
       3
       2
       3
       4
       2
       3
       5
       1
       2
       5
       2
       2
       2
       3
       2
       6
       1
       4
       2
       1
       4
       6
       7
       3
       6
       7
       8
       7
       3
       7
       2
       3
       3
       0
       4
       4
       3
       1
       8
       3
       2
       4
       3
       3
       3
       3
       4
       1
       8
       4
       2
      10
       2
       4
       4
       4
       3
       1
       8
       2
       4
       5
       4
       2
       3
       4
       3
       1
       3
       5
       5
       1
       4
       2
       3
       1
       8
       2
       4
       0
       3
       1
       1
       0
       3
       3
       3
       1
       3
       3
       3
       4
       5
       0
       2
       3
       2
       6
       2
       3
       7
       2
       5
       4
       1
       2
       2
       2
       1
       3
       3
       1
       1
       3
       2
       4
       6
       3
       3
       5
       3
       3
       5
       3
       3
       3
       3
       5
       4
       1
       3
       4
       3
       4
       6
       3
       2
       4
       4
       4
       3
       5
       2
       5
       2
       7
       5
       6
       8
       2
       2
       3
       8
       0
       3
       2
       3
       2
       2
       3
       3
       4
       3
       1
       3
       2
       2
       3
       3
       1
       3
       4
       5
       3
       6
       1
       1
       5
       9
       1
       3
       1
       1
       1
       3
       3
       1
       0
       2
       1
       3
       6
       4
       3
       4
       2
       0
       1
       4
       3
       2
       3
       1
       5
       1
       2
       1
       1
       2
       4
       4
       2
       2
       2
       0
       2
       4
       2
       2
       1
       4
       1
       0
       3
       2
       3
       1
       0
       3
       6
       3
       2
       1
       5
       4
       1
       0
       2
       2
       2
       2
       2
       3
       2
      10
       1
       4
       3
       4
       1
       1
       4
       2
       7
       5
       6
       0
       3
       1
       2
       1
       1
       3
       3
       2
       2
       4
       0
       2
       2
       0
       1
       2
       1
       1
       2
       2
       1
       3
       3
       1
       5
       1
       2
       3
       2
       2
       2
       2
       2
       1
       3
       3
       4
       4
       1
       6
       6
       4
       5
       1
       0
       1
       3
       5
       3
       1
       4
       2
       3
       4
       2
       1
       1
       6
       4
       3
       3
       4
       2
       2
       4
       3
       1
       4
       1
       0
       3
       1
       2
       1
       5
       4
       2
       2
       3
       7
       3
       1
       5
       6
       3
       3
       6
       7
       4
       5
       2
       4
       2
       2
       2
       5
       5
       9
       7
      11
      16
      22
      44
      40
      52
      62
      50
      49
      48
      28
      21
       7
      12
      10
       3
       1
       7
       1
       1
       1
       3
       3
       1
       0
       5
       3
       6
       3
       2
       2
       4
       1
       2
       4
       2
       2
       3
       1
       2
       2
       1
       4
       2
       1
       3
       1
       0
       4
       3
       3
       0
       3
       1
       2
       2
       1
       1
       4
       5
       2
       1
       2
       1
       2
       3
       5
       1
       1
       2
       2
       1
       5
       2
       2
       1
       1
       1
       3
       4
       3
       2
       0
       4
       4
       4
       2
       5
       4
       3
       4
       2
       4
       4
       0
       3
       3
       4
       2
       4
       2
       1
       3
       2
       1
       0
       1
       2
       3
       2
       7
       1
       3
       3
       6
       4
       4
       4
       1
       2
       5
       1
       6
       3
       2
       3
       5
       4
       4
       4
       0
       1
       2
       2
       4
       1
       2
       4
       1
       2
       3
       4
       0
       4
       4
       3
       2
       1
       1
       3
       4
       0
       1
       1
       2
       3
       2
       1
       2
       3
       1
       4
       2
       2
       3
       2
       5
       3
       4
       5
       1
       5
       0
       8
       1
       2
       0
       1
       0
       0
       2
       1
       2
       1
       3
       1
       3
       3
       0
       3
       3
       0
       1
       7
       2
       4
       3
       2
       0
       5
       6
       1
       5
       5
       1
       6
       3
       5
       5
       2
       1
       2
       3
       4
       2
       3
       1
       1
       0
       5
       1
       2
       1
       1
       3
       2
       4
       0
       5
       0
       3
       1
       5
       1
       0
       3
       1
       3
       1
       4
       2
       5
       1
       2
       6
       2
       2
       1
       1
       2
       2
       2
       1
       6
       2
       3
       2
       3
       2
       2
       1
       2
       2
       2
       1
       3
       1
       2
       0
       3
       5
       4
       4
       2
       3
       1
       5
       3
       0
       3
       2
       5
       2
       0
       2
       3
       3
       2
       0
       3
       5
       2
       1
       4
       1
       4
       1
       2
       0
       4
       1
       2
       2
       0
       1
       5
       2
       4
       1
       4
       2
       2
       3
       1
       2
       3
       2
       2
       3
       4
       1
       1
       2
       1
       4
       1
       1
       2
       1
       1
       2
       2
       0
       1
       1
       0
       0
       2
       2
       3
       2
       3
       0
       2
       4
       1
       2
       3
       1
       0
       2
       2
       0
       2
       0
       1
       1
       3
       0
       0
       1
       0
       1
       0
       1
       3
       3
       1
       5
       1
       2
       3
       2
       1
       4
       2
       2
       1
       3
       3
       5
       0
       1
       0
       4
       2
       2
       3
       0
       2
       3
       2
       0
       3
       4
       2
       2
       1
       3
       4
       1
       2
       2
       2
       2
       1
       1
       2
       2
       4
       0
       1
       1
       5
       4
       1
       3
       2
       3
       1
       5
       2
       3
       3
       1
       1
       1
       3
       3
       2
       1
       1
       2
       4
       0
       1
       3
       4
       3
       2
       3
       0
       3
       1
       3
       2
       2
       1
       2
       0
       3
       0
       1
       1
       2
       2
       0
       0
       3
       6
       2
       1
       1
       0
       0
       2
       1
       1
       1
       1
       2
       1
       1
       4
       2
       1
       1
       0
       1
       1
       1
       2
       1
       2
       3
       3
       2
       3
       1
       2
       2
       1
       1
       3
       2
       2
       3
       2
       3
       0
       3
       5
       0
       3
       3
       3
       3
       4
       3
       2
       3
       0
       3
       2
       0
       1
       2
       3
       2
       3
       5
       4
       1
       4
       2
       2
       2
       0
       5
       1
       1
       1
       3
       1
       5
       2
       2
       0
       1
       1
       2
       2
       4
       5
       4
       2
       1
       1
       1
       0
       1
       1
       3
       6
       0
       5
       3
       4
       2
       1
       1
       2
       4
       1
       3
       1
       0
       3
       2
       3
       1
       5
       1
       3
       1
       4
       3
       1
       1
       2
       0
       2
       2
       3
       5
       2
       0
       0
       0
       1
       0
       1
       3
       1
       2
       1
       1
       2
       2
       6
       1
       1
       0
       0
       2
       0
       2
       3
       2
       1
       4
       4
       0
       3
       0
       3
       2
       0
       2
       2
       0
       2
       1
       5
       3
       2
       1
       4
       1
       2
       3
       1
       2
       0
       0
       1
       3
       2
       1
       4
       2
       0
       4
       2
       2
       0
       2
       4
       0
       1
       2
       1
       1
       2
       1
       1
       1
       2
       1
       3
       5
       1
       1
       0
       3
       3
       1
       2
       1
       1
       1
       3
       2
       1
       0
       1
       1
       3
       1
       2
       5
       0
       2
       2
       3
       2
       0
       4
       0
       1
       1
       2
       1
       2
       0
       2
       3
       3
       2
       4
       4
       3
       4
       2
       2
       4
       0
       1
       2
       1
       0
       0
       3
       3
       1
       2
       4
       1
       3
       1
       1
       2
       3
       2
       1
       0
       2
       1
       1
       1
       1
       1
       1
       1
       0
       1
       2
       2
       1
       4
       2
       3
       4
       2
       2
       3
       0
       0
       0
       2
       1
       2
       2
       1
       1
       2
       0
       1
       2
       1
       2
       1
       0
       0
       1
       3
       0
       1
       1
       3
       1
       4
       4
       1
       2
       1
       3
       1
       3
       1
       3
       3
       0
       1
       1
       0
       1
       0
       1
       2
       3
       2
       0
       2
       2
       0
       0
       2
       1
       1
       3
       0
       0
       0
       3
       1
       3
       2
       0
       1
       1
       2
       4
       1
       1
       2
       0
       4
       2
       1
       2
       0
       1
       0
       2
       0
       3
       3
       2
       2
       1
       0
       0
       2
       0
       0
       2
       1
       1
       2
       2
       1
       2
       0
       2
       1
       3
       2
       1
       2
       0
       1
       2
       1
       2
       2
       1
       2
       2
       1
       0
       0
       0
       2
       2
       1
       1
       1
       0
       0
       2
       2
       2
       0
       2
       3
       0
       1
       2
       1
       2
       0
       4
       1
       2
       1
       4
       3
       2
       1
       0
       1
       0
       1
       0
       1
       1
       2
       0
       1
       4
       4
       1
       1
       1
       2
       2
       0
       1
       1
       2
       1
       1
       1
       2
       3
       2
       1
       0
       0
       0
       1
       1
       1
       0
       1
       2
       2
       1
       0
       0
       1
       0
       0
       2
       1
       1
       0
       1
       0
       1
       2
       0
       0
       2
       3
       3
       0
       2
       2
       1
       1
       1
       2
       2
       1
       4
       1
       1
       0
       0
       1
       2
       1
       2
       3
       3
       0
       1
       3
       0
       2
       0
       1
       0
       1
       2
       3
       2
       0
       0
       1
       5
       2
       3
       3
       0
       2
       0
       0
       4
       0
       1
       3
       1
       0
       0
       0
       1
       2
       1
       3
       3
       1
       0
       0
       0
       3
       1
       0
       0
       1
       1
       1
       0
       1
       1
       1
       1
       0
       1
       0
       4
       3
       0
       1
       1
       0
       0
       3
       0
       1
       0
       4
       3
       2
       1
       1
       4
       3
       2
       0
       1
       4
       4
       3
       4
       2
       0
       2
       0
       1
       0
       0
       1
       3
       1
       1
       0
       0
       2
       1
       0
       1
       0
       1
       2
       3
       1
       1
       0
       3
       0
       1
       0
       0
       2
       3
       1
       3
       2
       0
       2
       0
       1
       1
       2
       0
       1
       0
       2
       4
       0
       1
       4
       0
       2
       1
       2
       1
       2
       3
       4
       5
       3
       3
       2
       1
       2
       3
       0
       2
       1
       0
       3
       1
       0
       2
       0
       3
       0
       1
       1
       1
       2
       0
       1
       2
       3
       0
       3
       2
       1
       4
       1
       1
       0
       2
       1
       1
       2
       2
       1
       0
       1
       0
       2
       0
       0
       1
       0
       3
       0
       0
       0
       1
       2
       2
       2
       1
       0
       1
       2
       1
       1
       2
       2
       3
       0
       3
       2
       0
       1
       0
       1
       3
       3
       0
       1
       3
       1
       0
       1
       1
       0
       1
       1
       0
       0
       1
       1
       0
       0
       1
       1
       3
       1
       0
       2
       0
       0
       4
       2
       0
       2
       1
       0
       0
       2
       0
       0
       1
       1
       1
       2
       1
       1
       1
       2
       0
       1
       1
       2
       0
       1
       2
       0
       1
       3
       0
       2
       0
       2
       5
       1
       1
       2
       1
       1
       3
       4
       5
       8
       8
      13
      19
      13
       8
      10
       9
       7
       3
       4
       2
       2
       1
       1
       0
       2
       0
       2
       1
       2
       3
       1
       0
       1
       0
       1
       0
       1
       1
       2
       2
       2
       0
       1
       2
       0
       0
       1
       0
       1
       0
       3
       2
       1
       3
       0
       2
       0
       1
       0
       3
       2
       1
       0
       0
       0
       1
       4
       1
       1
       0
       1
       1
       1
       1
       0
       2
       2
       1
       1
       1
       1
       2
       2
       1
       2
       2
       1
       2
       1
       1
       1
       1
       1
       3
       1
       1
       2
       1
       0
       1
       1
       0
       1
       0
       1
       2
       1
       2
       1
       2
       1
       4
       2
       1
       1
       1
       2
       2
       1
       1
       0
       3
       1
       1
       1
       0
       1
       0
       0
       1
       0
       0
       0
       1
       1
       3
       2
       1
       0
       1
       0
       1
       2
       1
       2
       0
       1
       1
       0
       0
       3
       1
       0
       1
       1
       1
       0
       2
       3
       1
       0
       2
       0
       0
       3
       0
       0
       1
       1
       0
       0
       2
       1
       0
       1
       0
       1
       2
       2
       1
       1
       0
       2
       2
       2
       0
       2
       2
       0
       1
       0
       2
       0
       2
       3
       0
       0
       1
       2
       0
       2
       3
       0
       1
       0
       2
       3
       1
       0
       2
       1
       1
       1
       1
       2
       0
       4
       2
       2
       0
       0
       2
       1
       1
       3
       2
       1
       3
       1
       0
       0
       0
       1
       1
       2
       4
       2
       0
       2
       0
       0
       1
       2
       0
       1
       0
       0
       2
       0
       0
       1
       0
       1
       0
       2
       2
       4
       1
       1
       3
       0
       0
       0
       3
       1
       2
       2
       0
       1
       3
       1
       2
       2
       3
       1
       1
       1
       2
       1
       1
       2
       0
       1
       0
       2
       0
       0
       1
       1
       1
       1
       1
       1
       3
       0
       0
       0
       3
       2
       0
       3
       1
       1
       3
       0
       0
       3
       1
       2
       1
       3
       1
       0
       3
       0
       1
       3
       0
       1
       1
       2
       1
       2
       0
       2
       1
       0
       1
       0
       3
       1
       3
       1
       0
       1
       2
       1
       4
       3
       0
       1
       1
       0
       1
       0
       2
       1
       3
       2
       5
       3
       5
       3
       1
       3
       0
       0
       1
       0
       1
       2
       0
       0
       2
       1
       1
       1
       0
       2
       0
       0
       1
       1
       0
       1
       1
       3
       0
       0
       1
       0
       0
       0
       0
       1
       1
       1
       1
       1
       2
       0
       1
       1
       2
       0
       1
       2
       1
       2
       0
       0
       2
       0
       2
       0
       1
       1
       0
       1
       0
       0
       2
       1
       1
       0
       0
       0
       1
       2
       0
       0
       2
       1
       0
       1
       1
       1
       2
       1
       0
       0
       2
       2
       1
       1
       0
       1
       0
       1
       1
       1
       2
       1
       3
       1
       3
       0
       1
       1
       1
       1
       0
       2
       0
       1
       1
       1
       1
       0
       2
       1
       1
       0
       0
       1
       0
       0
       0
       1
       3
       2
       2
       1
       0
       2
       1
       2
       0
       0
       0
       1
       1
       2
       1
       2
       1
       2
       0
       2
       0
       1
       0
       1
       1
       3
       0
       0
       0
       2
       1
       1
       0
       1
       1
       1
       2
       1
       3
       4
       0
       1
       0
       2
       1
       1
       2
       1
       1
       1
       0
       0
       1
       1
       4
       3
       1
       2
       0
       1
       0
       0
       0
       0
       2
       2
       1
       0
       1
       1
       4
       1
       1
       1
       3
       2
       1
       1
       3
       1
       3
       0
       2
       1
       1
       0
       0
       0
       2
       1
       3
       0
       2
       0
       0
       1
       2
       0
       1
       0
       1
       1
       0
       1
       3
       1
       1
       0
       0
       0
       1
       1
       2
       0
       2
       2
       0
       1
       3
       0
       1
       1
       1
       0
       0
       2
       1
       0
       0
       0
       1
       1
       1
       0
       1
       0
       1
       1
       1
       0
       0
       2
       1
       1
       1
       0
       0
       0
       0
       0
       3
       1
       0
       0
       1
       2
       1
       1
       0
       2
       2
       0
       0
       1
       0
       0
       1
       3
       0
       2
       0
       1
       1
       0
       1
       1
       0
       1
       1
       1
       2
       1
       0
       3
       2
       4
       1
       1
       0
       2
       2
       1
       1
       2
       2
       0
       1
       0
       0
       0
       1
       1
       0
       0
       2
       3
       1
       1
       1
       2
       0
       0
       2
       1
       0
       3
       1
       0
       0
       0
       0
       1
       1
       0
       1
       0
       0
       1
       1
       1
       0
       2
       3
       1
       1
       1
       1
       3
       0
       0
       0
       0
       0
       2
       0
       0
       2
       2
       0
       1
       2
       1
       0
       1
       2
       0
       0
       2
       0
       0
       2
       1
       0
       1
       1
       1
       0
       1
       0
       0
       2
       1
       2
       3
       1
       0
       2
       1
       2
       2
       0
       0
       0
       0
       0
       1
       2
       2
       0
       2
       1
       2
       2
       3
       2
       0
       0
       1
       1
       1
       0
       1
       2
       1
       3
       1
       3
       1
       1
       0
       0
       0
       0
       2
       1
       1
       0
       0
       2
       1
       2
       0
       0
       0
       2
       2
       0
       0
       1
       1
       1
       1
       1
       4
       1
       2
       0
       1
       1
       3
       0
       0
       2
       0
       1
       2
       1
       0
       1
       0
       1
       1
       2
       1
       1
       0
       0
       0
       1
       0
       1
       3
       1
       2
       1
       0
       0
       4
       1
       0
       4
       1
       1
       1
       2
       2
       1
       0
       1
       0
       0
       2
       0
       0
       0
       1
       1
       0
       0
       1
       1
       2
       2
       2
       1
       0
       2
       3
       2
       0
       1
       0
       1
       0
       0
       1
       1
       3
       1
       1
       0
       0
       0
       0
       0
       0
       0
       0
       0
       0
       0
       0
       0
       0
       0
       0
       0
       0
       0
       0
       0
       0
       0
       0
       0
       0
       0
       0
       0
       0
       0
       0
       0
       0
       0
       0
       0
       0
       0
       0
       0
       0
       0
       0
       0
       0
       0
       0
       0
       0
       0
       0
       0
       0
       0
       0
       0
       0
       0
       0
       0
       0
       0
       0
       0
       0
       0
       0
       0
       0
       0
       0
       0
       0
       0
       0
       0
       0
       0
       0
       0
       0
       0
       0
       0
       0
       0
       0
       0
       0
       0
       0
       0
       0
       0
       0
       0
       0
       0
       0
       0
       0
       0
       0
       0
       0
       0
       0
       0
       0
       0
       0
       0
       0
       0
       0
       0
       0
       0
       0
       0
       0
       0
       0
       0
       0
       0
       0
       0
       0
$ROI:
2
1936 2287
5338 5513
$PRESETS:
Integral
500000
0
$ENER_FIT:
0.000000 0.245432
$MCA_CAL:
3
0.000000E+000 2.454316E-001 0.000000E+000 keV
$SHAPE_CAL:
3
7.465718E+000 0.000000E+000 0.000000E+000
