$SPEC_ID:
No sample description was entered.
$SPEC_REM:
DET# 1
DETDESC# BUNCHER Easy-MCA-8k SN 9051292
AP# Maestro Version 6.08
$DATE_MEA:
07/26/2019 15:32:47
$MEAS_TIM:
332 422
$DATA:
0 8191
       0
       0
       0
       0
       0
       0
       0
       0
       0
       0
       0
       0
       0
       0
       0
       0
       0
       0
       0
       2
      19
      66
     503
    1491
    2952
    4533
    5346
   12398
    6403
     532
     263
     115
     253
     772
    1645
    1984
    1957
    1712
    1549
    1463
    1373
    1316
    1409
    1302
    1387
    1437
    1384
    1362
    1422
    1463
    1333
    1335
    1343
    1231
    1352
    1308
    1292
    1288
    1250
    1232
    1196
    1232
    1208
    1258
    1169
    1160
    1234
    1164
    1190
    1125
    1136
    1185
    1064
    1076
    1116
    1140
    1097
    1049
    1083
    1132
    1097
    1084
    1038
    1061
    1048
    1011
    1007
    1062
    1061
    1014
    1062
    1021
    1068
    1033
    1108
    1023
     982
    1025
    1027
    1046
     993
    1059
     966
    1046
     977
    1015
     950
     980
    1007
     951
     996
     965
    1029
     997
     951
     985
     964
     926
     947
     957
     902
     948
     963
     897
     998
     932
     971
     932
     925
     870
     916
     936
     920
     897
     924
     943
     848
     945
     888
     854
     882
     897
     926
     865
     888
     856
     890
     898
     843
     892
     858
     836
     890
     880
     864
     869
     875
     850
     864
     846
     878
     904
     917
     867
     861
     862
     918
     899
     862
     832
     846
     854
     888
     889
     923
     867
     799
     797
     848
     876
     894
     891
     862
     848
     840
     874
     915
     858
     838
     867
     832
     826
     873
     826
     876
     917
     828
     845
     826
     867
     820
     905
     854
     867
     848
     859
     874
     881
     857
     902
     839
     863
     872
     806
     857
     866
     899
     865
     836
     845
     835
     834
     876
     793
     875
     831
     868
     830
     875
     852
     914
     850
     889
     876
     814
     864
     891
     873
     841
     942
     881
     844
     845
     885
     815
     827
     852
     858
     920
     868
     897
     872
     895
     898
     911
     925
     898
     874
     918
     920
     882
     926
     840
     845
     850
     874
     908
     924
     897
     926
     897
     919
     888
     895
     904
     964
     912
     966
     966
     937
     939
     917
     944
     941
     966
     916
     939
     968
     960
     977
     976
     987
     967
    1110
    1088
    1056
    1011
     999
    1008
    1008
    1028
    1188
    1242
    1242
    1193
    1067
    1051
     936
     948
     982
     995
     950
     959
     972
    1002
     982
     915
     974
    1030
    1012
     983
    1028
    1004
     991
     957
    1028
    1003
    1014
     983
     959
    1060
    1002
    1089
     999
    1049
    1024
    1028
    1008
    1028
    1033
    1148
    1101
    1292
    1224
    1205
    1134
    1119
    1056
    1066
    1046
    1085
    1106
    1046
    1126
    1064
    1127
    1076
    1091
     988
    1051
    1055
    1073
    1071
    1110
    1030
    1062
    1068
    1045
    1082
    1041
    1154
    1102
    1104
    1100
    1099
    1129
    1053
    1107
    1123
    1136
    1067
    1139
    1102
    1100
    1070
    1066
    1090
    1121
    1115
    1137
    1110
    1078
    1146
    1051
    1105
    1084
    1162
    1045
    1220
    1160
    1117
    1122
    1125
    1101
    1142
    1117
    1147
    1145
    1184
    1140
    1169
    1148
    1183
    1102
    1214
    1146
    1159
    1148
    1127
    1176
    1189
    1141
    1134
    1146
    1164
    1116
    1199
    1244
    1104
    1164
    1202
    1178
    1192
    1200
    1209
    1204
    1252
    1225
    1197
    1233
    1180
    1199
    1257
    1184
    1217
    1223
    1215
    1303
    1186
    1208
    1216
    1241
    1237
    1151
    1174
    1202
    1240
    1251
    1162
    1164
    1240
    1274
    1234
    1199
    1239
    1234
    1184
    1205
    1151
    1238
    1204
    1252
    1224
    1297
    1230
    1210
    1192
    1227
    1210
    1177
    1185
    1180
    1211
    1211
    1184
    1232
    1198
    1237
    1217
    1139
    1201
    1203
    1240
    1213
    1164
    1180
    1225
    1273
    1175
    1244
    1174
    1266
    1175
    1225
    1262
    1167
    1229
    1217
    1237
    1201
    1171
    1237
    1234
    1218
    1268
    1287
    1228
    1227
    1233
    1162
    1267
    1216
    1200
    1204
    1185
    1173
    1206
    1195
    1219
    1144
    1252
    1162
    1176
    1150
    1217
    1198
    1174
    1192
    1162
    1196
    1156
    1221
    1137
    1129
    1116
    1207
    1202
    1185
    1208
    1158
    1134
    1210
    1165
    1177
    1200
    1113
    1176
    1176
    1225
    1190
    1193
    1208
    1152
    1122
    1147
    1236
    1146
    1175
    1167
    1185
    1228
    1132
    1184
    1171
    1179
    1184
    1113
    1183
    1212
    1132
    1187
    1117
    1106
    1172
    1112
    1123
    1142
    1121
    1177
    1132
    1105
    1124
    1156
    1203
    1151
    1184
    1191
    1140
    1151
    1168
    1177
    1152
    1193
    1104
    1131
    1153
    1116
    1127
    1114
    1148
    1139
    1103
    1156
    1165
    1143
    1089
    1140
    1151
    1172
    1170
    1104
    1110
    1137
    1116
    1115
    1108
    1129
    1128
    1171
    1095
    1122
    1132
    1146
    1108
    1089
    1117
    1166
    1185
    1134
    1166
    1089
    1103
    1106
    1144
    1108
    1129
    1136
    1143
    1162
    1112
    1114
    1128
    1170
    1179
    1154
    1158
    1074
    1134
    1214
    1102
    1197
    1142
    1112
    1090
    1143
    1080
    1110
    1118
    1085
    1074
    1086
    1125
    1172
    1144
    1157
    1161
    1159
    1154
    1084
    1100
    1129
    1123
    1125
    1139
    1185
    1134
    1124
    1194
    1123
    1188
    1234
    1116
    1182
    1170
    1225
    1161
    1266
    1248
    1246
    1190
    1249
    1217
    1179
    1209
    1202
    1251
    1193
    1227
    1192
    1205
    1194
    1150
    1201
    1214
    1225
    1189
    1183
    1182
    1200
    1183
    1179
    1216
    1177
    1149
    1168
    1091
    1119
    1074
    1075
    1139
    1168
    1161
    1109
    1110
    1166
    1138
    1097
    1096
    1087
    1141
    1169
    1123
    1135
    1072
    1060
    1102
    1063
    1098
    1078
    1077
    1064
    1012
    1089
    1101
    1108
    1089
    1076
    1094
    1004
    1074
    1062
    1105
    1113
    1091
    1036
    1035
    1121
    1056
     999
    1017
    1049
    1040
    1000
    1013
    1035
    1010
    1068
     996
    1034
    1038
     996
    1058
     986
    1025
    1017
     994
     999
    1012
     993
     966
     942
     989
     937
    1018
    1035
     985
     984
     938
    1042
    1009
     971
     979
    1007
    1003
     968
     975
    1015
     965
    1006
     983
     962
    1003
     925
    1009
     995
    1010
     996
     993
    1007
     931
     970
     992
     959
    1006
     969
     951
    1028
     945
     960
     980
     989
     944
     877
     951
     947
     958
     922
     993
     949
     955
     906
     928
     953
     959
     873
     892
     936
     926
     967
     884
     967
     930
     947
     873
     910
     911
     879
     945
     879
     901
     945
     930
     876
     924
     905
     864
     897
     885
     920
     899
     960
     963
     928
     898
     913
     860
     915
     866
     863
     916
     955
     897
     861
     921
     916
     849
     936
     891
     905
     889
     838
     910
     867
     939
     963
     886
     945
     866
     890
     878
     896
     941
     893
     909
     885
     915
     845
     882
     891
     930
     887
     888
     969
     897
     851
     928
     917
     915
     858
     871
     927
     884
     938
     881
     842
     848
     936
     878
     893
     862
     817
     872
     916
     851
     906
     893
     901
     851
     886
     904
     889
     885
     931
     866
     833
     917
     842
     847
     909
     894
     932
     857
     833
     902
     872
     957
     913
     868
     891
     887
     897
     858
     878
     843
     893
     875
     872
     887
     868
     842
     881
     939
     836
     894
     895
     852
     923
     873
     895
     903
     880
     873
     900
     907
     869
     916
     868
     903
     901
     853
     885
     849
     887
     912
     850
     827
     887
     869
     846
     844
     838
     817
     847
     896
     913
     891
     922
     912
     922
     863
     944
     850
     863
     876
     820
     868
     867
     886
     862
     899
     897
     867
     882
     871
     893
     909
     832
     847
     872
     854
     849
     867
     891
     872
     861
     848
     911
     885
     885
     881
     873
     945
     906
     879
     896
     849
     895
     873
     906
     925
     915
     917
     890
     849
     896
     901
     904
     862
     917
     848
     898
     841
     866
     902
     906
     912
     865
     850
     882
     918
     887
     905
     944
     896
     887
     821
     915
     843
     912
     873
     889
     882
     912
     867
     894
     907
     905
     881
     895
     893
     855
     885
     884
     861
     882
     914
     906
     903
     896
     906
     884
     905
     898
     844
     847
     925
     849
     867
     911
     871
     870
     887
     891
     892
     888
     891
     820
     873
     861
     896
     895
     831
     874
     909
     922
     906
     898
     974
     898
     878
     922
     894
     945
     866
     884
     907
     904
     930
     945
     924
     895
     887
     870
     927
     918
     904
     956
     893
     891
     943
     922
     903
     920
     940
     893
     907
     909
     920
     926
     934
     963
     896
     875
     911
     887
     908
     921
     945
     889
     939
     954
     888
     929
     991
     945
    1003
     879
     979
     937
     871
     919
     950
     901
     890
     940
     994
     880
     983
     917
     956
     950
     958
     948
     960
     887
     908
     914
     974
     880
     942
     944
     963
     955
     946
     978
     934
     935
     947
     942
     912
     947
     987
    1018
     936
     932
     920
     966
     990
     974
     896
     935
     931
     930
     980
     981
     971
     934
     951
     916
    1000
    1003
     967
     965
     899
     911
     986
     950
     959
     937
     972
    1018
    1020
     991
     969
     929
    1038
     979
     984
     982
    1002
     946
     950
     949
     984
     964
    1038
    1010
     968
     931
     933
     949
    1055
    1015
    1013
    1041
     935
     963
    1007
     952
    1001
     956
    1007
    1048
     985
     992
     971
    1008
     999
     965
     995
    1029
    1005
     977
     963
     990
     981
    1007
    1058
     991
    1010
     995
    1005
     973
    1039
    1060
     989
     994
    1029
     977
    1021
     999
    1018
    1087
    1040
    1017
     992
    1080
    1036
    1062
     979
    1016
     988
     996
    1067
    1039
    1024
    1054
    1038
     993
    1068
    1062
    1001
    1085
    1061
    1045
    1010
    1037
    1038
    1067
    1038
    1052
    1065
    1041
    1092
    1048
    1082
    1078
    1061
    1047
    1054
    1072
    1004
    1093
    1024
    1030
    1096
    1069
    1133
    1116
    1061
    1001
    1011
    1008
    1039
    1052
    1042
    1126
    1002
    1055
    1093
    1048
    1062
     996
    1080
    1014
     989
    1097
    1066
     995
     964
     971
    1027
    1025
    1015
    1036
     998
     977
     955
     995
     957
    1031
     983
     950
    1020
     969
     930
     925
     894
     913
     889
     905
     910
     896
     826
     858
     876
     862
     843
     805
     807
     784
     820
     808
     805
     759
     787
     766
     754
     764
     738
     730
     779
     757
     730
     778
     720
     729
     778
     759
     702
     713
     727
     752
     685
     701
     695
     746
     710
     684
     751
     704
     726
     707
     791
     769
     713
     694
     670
     652
     690
     709
     653
     702
     735
     665
     669
     638
     645
     666
     638
     654
     674
     693
     677
     638
     678
     642
     628
     683
     652
     701
     653
     610
     639
     647
     617
     556
     617
     634
     608
     676
     635
     654
     572
     640
     632
     653
     601
     610
     589
     641
     645
     607
     606
     631
     606
     606
     620
     588
     593
     605
     594
     628
     605
     580
     563
     574
     574
     566
     611
     583
     548
     614
     607
     575
     606
     545
     576
     548
     563
     578
     601
     551
     582
     562
     588
     575
     541
     543
     512
     515
     545
     513
     548
     584
     552
     568
     522
     580
     570
     524
     593
     536
     524
     552
     524
     516
     523
     526
     577
     487
     580
     556
     515
     550
     520
     513
     580
     516
     575
     559
     534
     542
     490
     525
     468
     477
     548
     495
     537
     514
     497
     494
     555
     515
     515
     544
     499
     504
     512
     520
     510
     522
     496
     506
     524
     463
     480
     527
     540
     507
     485
     467
     487
     522
     476
     508
     479
     486
     471
     470
     486
     486
     460
     481
     492
     498
     469
     493
     501
     479
     469
     488
     478
     471
     475
     484
     498
     440
     445
     463
     443
     476
     470
     509
     474
     475
     481
     454
     441
     455
     473
     485
     477
     489
     409
     451
     416
     488
     477
     439
     427
     488
     472
     459
     423
     463
     456
     444
     490
     471
     434
     459
     465
     448
     410
     447
     436
     452
     467
     444
     482
     471
     400
     467
     438
     427
     433
     456
     430
     454
     440
     408
     419
     437
     456
     444
     459
     437
     405
     425
     424
     443
     420
     479
     399
     452
     439
     406
     448
     429
     454
     430
     421
     433
     427
     427
     429
     418
     421
     437
     416
     409
     421
     418
     399
     441
     435
     427
     416
     388
     409
     382
     415
     430
     421
     425
     414
     412
     386
     363
     430
     443
     420
     426
     411
     419
     444
     404
     432
     421
     401
     386
     419
     428
     429
     442
     400
     401
     360
     419
     415
     419
     414
     378
     437
     415
     400
     413
     432
     369
     406
     395
     412
     379
     412
     421
     415
     444
     397
     383
     416
     389
     376
     383
     417
     422
     395
     411
     401
     403
     403
     380
     412
     428
     397
     403
     398
     427
     443
     420
     403
     421
     426
     348
     429
     378
     421
     380
     387
     373
     370
     435
     389
     397
     379
     420
     431
     415
     383
     426
     410
     430
     387
     385
     445
     404
     422
     400
     421
     436
     377
     419
     395
     415
     400
     366
     424
     387
     386
     406
     408
     426
     395
     386
     411
     382
     413
     378
     427
     418
     408
     391
     437
     389
     403
     389
     412
     400
     403
     379
     372
     423
     376
     369
     407
     412
     394
     374
     370
     412
     416
     412
     411
     390
     383
     423
     406
     453
     403
     408
     348
     397
     419
     399
     404
     386
     358
     383
     386
     412
     396
     398
     382
     405
     383
     413
     408
     380
     411
     386
     395
     400
     419
     382
     399
     393
     395
     396
     347
     390
     403
     408
     391
     371
     411
     384
     366
     336
     408
     414
     366
     357
     380
     412
     378
     348
     372
     354
     404
     378
     391
     406
     396
     423
     419
     386
     369
     352
     376
     319
     407
     410
     376
     399
     386
     373
     384
     370
     405
     376
     394
     373
     355
     377
     386
     379
     381
     380
     385
     368
     369
     411
     351
     391
     361
     398
     393
     330
     356
     346
     352
     339
     401
     386
     337
     360
     380
     409
     374
     352
     386
     427
     379
     379
     335
     377
     365
     345
     359
     393
     380
     376
     376
     342
     370
     370
     380
     387
     392
     380
     353
     391
     350
     406
     386
     402
     380
     388
     337
     368
     327
     384
     349
     402
     372
     404
     393
     357
     366
     378
     342
     362
     339
     364
     378
     407
     347
     394
     350
     375
     400
     386
     353
     395
     372
     344
     382
     353
     360
     376
     358
     366
     362
     374
     442
     349
     383
     383
     381
     351
     383
     411
     363
     368
     367
     390
     361
     391
     400
     371
     355
     377
     381
     407
     409
     395
     335
     387
     387
     402
     365
     349
     387
     428
     408
     394
     419
     378
     407
     405
     394
     437
     418
     472
     505
     546
     522
     603
     593
     678
     738
     873
     973
    1209
    1522
    1791
    2291
    2925
    3626
    4735
    5925
    7588
    9938
   12360
   15376
   18473
   22023
   25214
   27480
   29090
   29948
   29833
   28144
   25792
   22700
   19462
   15981
   12662
   10158
    7715
    5967
    4637
    3569
    2753
    2105
    1672
    1348
    1083
     845
     690
     637
     520
     478
     420
     353
     376
     344
     299
     298
     281
     290
     262
     270
     219
     206
     222
     225
     219
     218
     229
     207
     195
     187
     185
     199
     202
     184
     186
     193
     211
     184
     162
     182
     169
     165
     181
     200
     176
     150
     163
     181
     154
     175
     158
     183
     147
     173
     129
     165
     156
     153
     185
     153
     166
     153
     148
     168
     133
     157
     162
     141
     136
     121
     122
     132
     139
     128
     145
     138
     132
     127
     121
     133
     135
     128
     145
     130
     138
     121
     121
     121
     128
     116
     143
     122
      96
     126
     113
     127
     134
     118
     127
     109
     127
     135
     117
     109
      96
     103
     116
     109
     103
     125
     135
     116
     119
     104
     106
     118
     110
     115
     132
     132
     114
     111
      99
     124
     107
      99
     126
     116
     108
     116
     112
     125
     119
      98
     124
     115
     104
      87
     112
     110
     105
      99
     100
      94
      83
     121
     116
      97
     107
     107
      95
     113
     110
     104
     102
     102
     107
     114
     107
      89
     109
     116
     104
     111
     111
      86
     114
     109
     100
     105
     107
     105
      98
     108
      92
      99
     112
     100
      87
     101
     112
     105
     120
      95
      95
      90
      83
     106
      81
      84
     101
     103
      93
      73
     101
      98
     102
      92
      97
      84
      98
      99
      89
      84
      88
      98
      88
      90
     102
      91
      86
      90
      92
     106
      90
     100
      98
      77
      82
     103
      94
     108
      81
      86
      98
      88
      80
      88
     103
      96
      83
     104
     100
      96
      78
     105
      83
      91
      76
      79
      82
      88
      77
     105
      89
      95
      85
      80
      81
      91
      88
      84
      74
     101
      86
      84
      85
      86
      86
      91
      82
      77
      91
      89
      96
      88
      72
      72
      80
      86
      79
      84
      84
      87
      93
      83
      90
      85
      71
     102
      79
      87
      74
      78
      82
      84
      85
      86
      96
      77
      80
      96
      81
      73
      75
      92
      67
     100
     106
      84
      76
      88
      92
      80
      86
      94
      85
      73
      90
      81
      83
      78
      97
      80
     103
      87
      73
      76
      75
      81
      80
      75
      75
      85
      72
      77
      87
      62
      77
      90
      94
      81
      89
      94
      73
      71
      81
      78
      58
      84
      87
      78
      86
      79
      79
      88
      80
      74
      94
      82
      74
      82
      89
      81
      83
      71
      84
      80
      73
      74
      79
      92
      65
      78
      78
      80
      79
      65
      73
      74
      81
      71
      77
      57
      87
      68
      76
      85
      86
      66
      66
      87
      74
      83
      93
      82
      96
      95
     132
     121
     108
     101
      93
      71
      74
      92
      82
      64
      72
      79
      70
      78
      90
      71
      75
      80
      59
      80
      70
      76
      64
      64
      73
      79
      78
      87
      68
      68
      81
      77
      64
      55
      76
      63
      81
      79
      71
      85
      62
      71
      61
      63
      78
      62
      74
      81
      85
      81
      62
      64
      68
      63
      80
      78
      71
      66
      48
      65
      67
      77
      92
      71
      73
      71
      68
      74
      79
      91
      83
      64
      78
      70
      73
      73
      61
      71
      65
      64
      74
      63
      68
      72
      79
      66
      68
      72
      78
      66
      61
      57
      63
      56
      67
      68
      73
      60
      65
      76
      73
      55
      64
      67
      66
      68
      68
      74
      66
      59
      71
      67
      70
      53
      49
      69
      66
      66
      72
      58
      74
      73
      52
      67
      66
      59
      51
      58
      58
      49
      51
      67
      64
      56
      60
      58
      68
      48
      62
      73
      64
      66
      49
      57
      54
      61
      51
      63
      67
      67
      70
      65
      66
      61
      66
      64
      61
      56
      70
      60
      68
      52
      70
      66
      76
      63
      80
      48
      70
      63
      51
      55
      54
      57
      52
      57
      59
      54
      78
      59
      54
      58
      61
      57
      57
      63
      67
      78
      57
      67
      59
      68
      57
      53
      74
      75
      52
      50
      54
      55
      58
      67
      48
      72
      59
      65
      61
      62
      59
      59
      63
      61
      62
      50
      78
      66
      49
      43
      53
      42
      66
      63
      60
      64
      56
      50
      63
      64
      68
      65
      67
      52
      51
      49
      67
      58
      48
      53
      63
      66
      49
      58
      65
      60
      62
      53
      47
      54
      52
      59
      50
      57
      55
      61
      54
      47
      46
      64
      51
      63
      47
      45
      56
      46
      57
      51
      57
      58
      60
      54
      59
      64
      53
      55
      55
      53
      53
      57
      59
      53
      54
      50
      56
      58
      45
      47
      45
      47
      47
      47
      64
      51
      50
      54
      45
      63
      44
      63
      57
      50
      52
      57
      47
      45
      54
      52
      64
      40
      56
      56
      54
      38
      57
      48
      45
      60
      59
      44
      45
      41
      45
      64
      49
      46
      59
      63
      45
      52
      43
      53
      54
      57
      47
      40
      53
      47
      38
      55
      50
      54
      52
      51
      49
      52
      51
      38
      49
      49
      63
      48
      41
      54
      42
      48
      43
      46
      42
      54
      45
      51
      47
      49
      62
      53
      42
      55
      56
      49
      52
      45
      61
      55
      55
      54
      51
      51
      57
      35
      46
      55
      45
      57
      52
      61
      60
      48
      51
      32
      43
      44
      45
      39
      52
      53
      45
      51
      42
      43
      38
      42
      48
      40
      45
      43
      45
      54
      52
      49
      56
      60
      48
      47
      55
      41
      39
      43
      53
      49
      38
      38
      47
      43
      45
      48
      41
      54
      46
      48
      44
      52
      45
      48
      42
      46
      40
      44
      45
      45
      50
      40
      47
      64
      38
      48
      44
      52
      54
      43
      45
      41
      47
      47
      44
      57
      54
      46
      39
      50
      42
      51
      53
      46
      56
      40
      45
      43
      42
      44
      49
      45
      51
      44
      36
      55
      38
      48
      47
      38
      48
      53
      40
      42
      42
      43
      49
      38
      35
      47
      46
      44
      35
      41
      44
      48
      42
      43
      46
      41
      54
      29
      47
      36
      31
      38
      50
      39
      54
      44
      36
      37
      44
      34
      40
      43
      57
      54
      37
      41
      47
      30
      53
      35
      44
      40
      31
      33
      34
      36
      51
      43
      35
      32
      35
      42
      34
      41
      35
      36
      42
      53
      41
      45
      47
      46
      32
      30
      36
      39
      51
      48
      54
      38
      46
      27
      35
      46
      35
      36
      33
      46
      31
      38
      38
      42
      44
      41
      39
      40
      44
      49
      37
      30
      28
      40
      45
      34
      37
      38
      38
      31
      39
      42
      29
      36
      34
      43
      45
      52
      42
      41
      39
      35
      41
      40
      37
      34
      34
      24
      34
      37
      35
      39
      35
      34
      27
      40
      40
      51
      30
      35
      38
      32
      33
      47
      34
      37
      28
      27
      40
      37
      42
      44
      43
      31
      33
      42
      40
      30
      38
      44
      38
      38
      39
      45
      31
      41
      35
      29
      45
      39
      40
      40
      37
      29
      37
      49
      36
      45
      44
      52
      35
      32
      52
      34
      41
      31
      37
      38
      40
      45
      41
      50
      34
      34
      45
      35
      21
      26
      33
      21
      37
      32
      43
      36
      34
      39
      31
      26
      41
      35
      36
      29
      23
      29
      49
      32
      34
      37
      34
      39
      40
      34
      32
      28
      38
      37
      35
      39
      36
      38
      34
      32
      46
      32
      30
      37
      32
      46
      48
      40
      30
      28
      35
      36
      40
      38
      37
      33
      41
      30
      42
      27
      32
      42
      44
      30
      33
      36
      37
      28
      30
      34
      40
      30
      35
      32
      43
      29
      29
      34
      25
      43
      31
      35
      30
      36
      37
      37
      31
      39
      34
      20
      43
      32
      36
      23
      30
      24
      36
      21
      33
      27
      31
      31
      39
      37
      33
      29
      43
      24
      31
      32
      41
      35
      31
      32
      33
      24
      41
      33
      31
      33
      26
      32
      32
      43
      39
      35
      42
      35
      37
      30
      38
      43
      28
      36
      23
      37
      30
      24
      28
      28
      38
      36
      39
      26
      30
      30
      25
      44
      38
      41
      29
      33
      24
      38
      38
      21
      39
      31
      31
      26
      33
      37
      24
      39
      36
      34
      29
      39
      42
      34
      32
      35
      26
      41
      24
      23
      25
      42
      32
      29
      27
      37
      37
      34
      32
      34
      38
      33
      41
      29
      27
      41
      34
      30
      22
      37
      30
      32
      20
      28
      29
      43
      31
      23
      23
      33
      35
      33
      30
      30
      30
      26
      31
      28
      32
      22
      36
      26
      23
      30
      37
      27
      31
      37
      30
      25
      34
      31
      26
      30
      33
      34
      40
      14
      33
      28
      35
      32
      32
      21
      30
      29
      21
      36
      28
      23
      33
      33
      27
      27
      31
      34
      37
      19
      29
      27
      21
      27
      36
      32
      37
      23
      23
      35
      36
      36
      25
      26
      24
      26
      41
      35
      22
      36
      20
      25
      18
      32
      35
      31
      32
      35
      27
      23
      39
      32
      33
      32
      31
      31
      36
      29
      40
      35
      33
      31
      22
      25
      25
      16
      25
      28
      25
      26
      29
      33
      35
      25
      39
      28
      23
      24
      20
      23
      26
      23
      29
      26
      43
      25
      34
      23
      30
      25
      29
      20
      29
      29
      22
      27
      26
      21
      28
      31
      20
      19
      28
      28
      18
      23
      26
      33
      25
      36
      34
      18
      30
      29
      31
      16
      18
      27
      23
      25
      35
      30
      27
      32
      27
      19
      21
      29
      26
      28
      22
      26
      29
      22
      28
      29
      33
      30
      28
      29
      23
      22
      23
      27
      21
      26
      26
      29
      23
      23
      27
      28
      21
      23
      23
      23
      22
      28
      30
      23
      26
      26
      31
      25
      23
      20
      30
      34
      25
      16
      28
      25
      21
      17
      24
      32
      22
      24
      36
      29
      24
      30
      24
      22
      20
      31
      23
      14
      31
      29
      26
      20
      20
      29
      20
      21
      23
      20
      23
      18
      17
      20
      35
      23
      21
      25
      26
      21
      27
      23
      26
      26
      32
      22
      31
      26
      26
      16
      27
      27
      23
      37
      22
      31
      19
      27
      22
      22
      23
      20
      32
      23
      25
      26
      21
      21
      26
      23
      24
      18
      25
      22
      23
      29
      24
      19
      32
      24
      24
      22
      32
      23
      27
      25
      28
      29
      23
      22
      26
      21
      31
      22
      30
      24
      27
      20
      22
      19
      25
      17
      12
      23
      23
      19
      27
      26
      18
      24
      15
      26
      24
      28
      30
      26
      14
      28
      23
      26
      23
      22
      22
      23
      11
      25
      28
      19
      21
      19
      15
      22
      22
      20
      18
      24
      17
      31
      22
      28
      28
      18
      27
      25
      14
      20
      24
      20
      19
      23
      28
      34
      30
      24
      21
      27
      25
      22
      23
      27
      25
      26
      29
      20
      33
      23
      28
      41
      23
      25
      25
      23
      17
      27
      23
      36
      30
      31
      10
      19
      25
      25
      28
      18
      22
      21
      25
      20
      31
      27
      21
      25
      27
      19
      22
      20
      18
      24
      15
      26
      21
      20
      26
      20
      21
      20
      25
      23
      26
      27
      21
      23
      23
      26
      14
      14
      26
      19
      21
      27
      16
      28
      14
      18
      15
      18
      23
      15
      19
      24
      20
      16
      27
      24
      23
      30
      20
      36
      21
      29
      24
      20
      17
      29
      20
      25
      28
      17
      24
      34
      24
      28
      26
      20
      24
      17
      24
      17
      25
      35
      29
      23
      21
      29
      22
      22
      28
      14
      24
      36
      24
      28
      26
      27
      30
      30
      26
      21
      22
      22
      14
      36
      24
      26
      21
      26
      15
      23
      20
      22
      25
      19
      25
      16
      31
      21
      18
      17
      19
      17
      20
      26
      21
      25
      20
      24
      20
      22
      18
      22
      25
      19
      30
      22
      23
      24
      22
      30
      23
      25
      19
      23
      19
      21
      20
      24
      21
      33
      20
      29
      24
      22
      20
      24
      25
      29
      27
      18
      21
      24
      28
      22
      22
      21
      15
      30
      30
      19
      22
      19
      25
      22
      13
      29
      29
      22
      22
      19
      28
      23
      22
      26
      20
      27
      18
      25
      22
      21
      26
      24
      22
      25
      25
      22
      25
      22
      34
      17
      27
      24
      19
      26
      26
      20
      22
      21
      22
      30
      21
      22
      24
      24
      22
      18
      14
      21
      25
      32
      18
      22
      15
      28
      19
      23
      24
      21
      16
      17
      20
      25
      26
      20
      23
      26
      23
      19
      15
      32
      19
      21
      24
      25
      16
      14
      16
      19
      17
      23
      17
      17
      18
      13
      21
      26
      25
      18
      10
      16
      21
      14
      19
      23
      16
      26
      16
      17
      15
      23
      18
      20
      17
      26
      21
      19
      29
      16
      16
      18
      24
      27
      28
      23
      16
      19
      22
      19
      13
      15
      15
      27
      21
      20
      20
      19
      19
      15
      24
      19
      13
      23
      25
      25
      22
      25
      22
      23
      23
      24
      20
      33
      17
      26
      21
      23
      20
      25
      21
      20
      28
      26
      15
      23
      21
      18
       9
      24
      17
      25
      23
      20
      16
      20
      17
      18
      16
      29
      26
      20
      20
      18
      21
      23
      15
      16
      24
      14
      23
      18
      19
      16
      16
      20
      21
      20
      16
      26
      24
      15
      30
      20
      21
      21
      23
      19
      14
      22
      20
      19
      14
      27
      17
      21
      24
      22
      28
      30
      16
      23
      18
      31
      27
      12
      12
      18
      12
      27
      23
      22
      15
      16
      19
      32
      15
      23
      30
      22
      21
      18
      21
      19
      21
      29
      21
      34
      22
      21
      27
      34
      22
      30
      39
      20
      29
      36
      31
      27
      23
      33
      26
      25
      35
      27
      34
      32
      25
      40
      26
      30
      42
      29
      40
      39
      37
      31
      30
      27
      26
      21
      29
      36
      24
      29
      20
      28
      25
      27
      14
      17
      20
      14
      15
      10
       9
      11
      12
      14
      11
      13
       9
      14
      11
      11
      14
      16
      11
      12
      12
       7
      12
       7
      13
       7
      13
      19
       9
       7
      13
      12
      16
      10
      11
      14
      13
      13
      11
      14
       8
      14
       9
       9
      17
      13
      13
      14
       8
      16
      13
      10
      11
       8
      20
       9
      14
      15
      11
      12
      12
      10
      10
      15
      11
      12
      11
      18
      15
      14
      10
       6
      15
      10
       8
      12
      12
      10
      12
      11
      10
      19
      12
       8
       9
       9
      17
      10
      12
      14
      15
      14
      12
      11
      14
       9
      10
       7
      13
      17
      18
      12
       9
      13
      13
      10
      15
      10
      12
      10
      13
       7
      14
      12
      11
       9
      14
       8
      14
      14
       9
      14
      12
      19
      11
       8
       8
      14
      19
       9
      11
      14
      17
      15
      12
      11
      12
      14
       9
       3
      13
       9
       8
       6
       7
       5
      11
      17
      13
      12
      12
      12
      10
      14
      19
      13
       4
       9
      13
      12
      12
       8
       9
      15
      10
      15
       8
      13
       9
      14
       9
      11
      11
       8
      16
      10
       8
      19
      13
       7
       8
      14
       8
      12
       9
       7
      11
       8
      10
       9
       9
       6
       9
       9
       6
       6
       8
       9
       9
       9
       5
      12
      10
       8
      13
      12
       9
      14
       5
      10
       9
      14
      11
       7
       9
      13
      17
       8
      13
      10
      12
      16
       7
       8
      14
      14
      16
      10
      10
      14
      13
      12
      10
      12
      10
      12
       8
       8
      16
      10
       8
      13
       9
      11
      10
      13
      12
      12
       6
      12
      10
      10
       7
       9
      17
       7
      16
       8
       8
      12
      13
      10
      11
      12
       9
       7
      11
       9
       9
      16
      11
      12
      14
      10
       8
      12
      10
       7
       8
       6
      10
      11
      10
      10
      13
      12
       8
       9
      13
       8
      18
       6
      17
      13
      10
      15
      13
      18
      12
       8
       9
      13
      15
      12
       7
      13
       9
      20
      11
      10
      14
      17
      15
       8
       8
       9
      11
       8
       9
      11
      10
       9
       9
       8
       5
      14
      11
       7
       9
       9
       6
       7
      15
      12
       6
       8
       9
      14
      15
      12
       9
      14
      14
      13
      11
      14
      10
      12
      14
       5
       7
       7
      12
      13
      11
       7
      10
      10
       4
       7
       8
      10
      10
      12
      11
       8
      10
      14
       6
      10
       8
       8
       6
      10
      12
       9
      10
      11
      14
       8
      11
       8
      10
      18
      12
       7
      13
      10
       8
      11
       9
      12
      13
      19
      16
      22
      17
      13
      10
      16
       8
       9
       7
       8
       8
      11
       8
       5
      11
      10
       7
      13
       8
       8
       5
      10
       8
      14
      10
       7
      16
       4
      12
       6
       4
       7
       8
      16
      10
       5
      13
       4
       8
       9
       5
      10
       8
      11
      11
       3
      13
       7
       6
      11
       4
       6
      10
      12
       3
      10
      11
       6
       6
       9
      11
      12
       6
       4
       7
      11
      10
       6
       5
       6
       9
      12
      10
       4
       9
       9
       7
      11
       9
      11
       6
       5
      13
       7
       9
       5
       6
       8
       8
      10
      10
       7
      10
      11
       7
       1
       5
       8
       7
       6
       8
       8
      15
       9
       7
      14
       7
       7
       7
      10
      12
       7
       8
       8
      10
       3
      10
       5
      10
       6
       8
       6
       5
       6
       5
       3
       6
      10
       8
       7
       7
       3
      10
       4
       8
      10
      11
       6
      13
       7
       7
       8
       4
      12
       5
       9
       7
       6
       5
      11
       7
       5
       6
       7
      10
       6
       3
       5
      11
       7
       6
       6
       3
      11
       7
      10
       4
       7
       5
       7
       8
       9
       6
       7
       5
       8
       5
      10
       5
       5
       5
       5
       9
       7
       5
       7
       9
      10
       7
       6
       9
       3
      12
       5
       8
       9
      13
       8
      16
       8
      10
       9
       6
      10
      10
      13
      14
      22
      25
      42
      65
     114
     168
     226
     275
     318
     296
     298
     241
     146
      86
      60
      30
      24
      14
       8
       6
       4
      12
      13
      13
       8
       4
      10
       5
      12
      13
       4
       5
       4
       6
       7
       4
       3
       5
       8
       5
       7
       8
       7
       0
       5
       7
       9
       7
      11
       4
       9
       9
       3
       2
       9
       5
      14
      11
       5
       5
       5
       5
       4
      11
       5
       8
       2
       8
       6
       7
       4
       6
       6
       6
       1
       9
       6
       2
       8
       4
       6
       8
       5
       8
       6
       8
       5
      12
       8
       7
       4
       5
       7
       3
       9
       9
       1
       6
       7
       7
       6
       4
       9
       3
       5
       3
       6
      10
       5
      10
       1
       8
       7
       5
      11
       6
       6
       8
       3
       7
       6
       9
       7
      12
       6
       7
       2
       7
       3
       2
       9
       4
       8
       7
       4
       6
       4
       1
       7
       6
       6
       4
       2
       8
       3
      10
       7
       6
       5
       7
       8
       6
       3
       6
       4
       6
       5
       9
       2
       9
       5
       7
       8
       7
       1
      12
       2
       4
       5
       6
       4
       8
       4
       7
       8
       4
       9
       7
       7
       7
       2
       2
       3
       4
       1
       3
       4
       5
       3
       4
       7
       4
       8
       9
       6
       6
       9
       3
       2
       7
       1
       3
       4
       5
       2
       4
       7
       6
       5
       7
       5
       5
       4
       4
       3
       6
       4
       5
       6
       5
      10
       6
       4
       3
       2
       7
       3
       2
       2
       6
       3
       5
       2
       4
       3
       9
       6
       6
       2
       7
       5
       7
       4
       7
       5
      11
       5
       7
       5
       2
       3
       3
       7
       9
       4
       2
       2
       2
       6
       3
       4
       6
       9
       4
       6
       6
       3
       6
       5
       5
       9
       6
       9
       4
       5
       7
      10
       5
       8
      10
       4
       2
       5
       1
       4
       5
       4
       5
       2
       3
       5
       2
       3
       1
       4
       4
       2
       3
       8
       3
       5
       5
       8
       5
       4
       5
       4
       4
       7
       6
       3
       3
       3
       6
       2
       6
       1
       8
       4
       6
       5
       6
       2
       8
       5
       1
       3
       4
       3
       7
       6
       3
       5
       5
       2
       8
       7
       4
       2
       3
       2
       4
       5
       8
       3
       2
       2
       4
       3
       4
       1
       5
       2
       5
       7
       5
       3
       5
      11
       5
       5
       6
       9
       6
       3
       4
       6
       3
       3
       3
       5
       2
       3
       1
       2
      11
       3
       5
       2
       3
       3
       1
       4
       7
       1
       2
       2
       4
       2
       3
       6
       2
       5
       6
       0
       5
       3
       4
       4
       2
       7
       5
       4
       2
       7
       1
       4
       2
       4
       6
       2
       8
       1
       7
       5
       8
       5
       5
       4
       6
       8
      10
      15
       8
      11
       6
       6
       3
       3
       2
       2
       3
       4
       0
       5
       8
       8
       6
       6
       6
       3
       4
       4
       4
       3
       7
       3
       3
       1
       3
       7
       3
       4
       6
       4
       3
       4
       5
       4
       2
       5
       3
       0
       2
       2
       3
       4
       2
       3
       5
       6
       4
       4
       3
       3
       4
       6
       3
       8
       2
       5
       3
       5
       5
       0
       0
       0
       6
       1
       2
       5
       5
       4
       4
       2
       1
       4
       5
       6
       4
       4
       2
       9
       6
       3
       3
       1
       7
       3
       4
       1
       5
       7
       1
       6
       2
       5
       3
       4
       4
       8
       2
       3
       5
       2
       4
       2
       3
       2
       0
       5
       1
       3
       1
       5
       1
       4
       6
       8
       3
       3
       5
       1
       7
       3
       3
       2
       1
       3
       5
       5
       1
       4
       3
       2
       4
       3
       0
       0
       5
       3
       3
       5
       1
       5
       7
       5
       3
       3
       6
       3
       4
       5
       2
       3
       5
       1
       3
       2
       2
       0
       2
       3
       5
       1
       3
       6
       3
       2
       2
       4
       6
       6
       2
       3
       3
       2
       2
       3
       4
       5
       5
       1
       2
       4
       3
       6
       5
       3
       4
       6
       2
       4
       5
       5
       3
       4
       1
       3
       5
       2
       3
       3
       2
       1
       5
       6
       5
       6
       4
       3
       4
       2
       2
       3
       6
       2
       2
       3
       4
       9
       7
       7
       7
       4
      12
       6
       7
       8
      20
      20
      34
      71
      92
     128
     167
     235
     263
     276
     270
     228
     179
     146
      77
      54
      28
      13
       9
       7
       1
       4
       4
       4
       5
       3
       6
       4
       4
       3
       4
       8
       9
       6
       0
       6
       0
       3
       5
       0
       2
       6
       2
       4
       1
       3
       1
       4
       6
       2
       5
       6
       6
       4
       4
       7
       1
       4
       7
       4
       1
       1
       7
       8
       6
       0
       2
       3
       3
       3
       3
       5
       1
       5
       1
       4
       3
       8
       3
       4
       4
       6
       3
       2
       1
       1
       4
       0
       4
       2
       2
       5
       3
       4
       3
       1
       3
       3
       3
       3
       1
       4
       5
       6
       3
       1
       5
       2
       2
       7
       5
       3
       3
       3
       3
       1
       0
       2
       2
       3
       3
       3
       1
       1
       4
       0
       5
       5
       6
       4
       2
       2
       4
       3
       2
       3
       5
       6
       1
       1
       3
       2
       3
       1
       0
       5
       5
       4
       3
       4
       1
       4
       4
       7
       0
       1
       1
       4
       6
       4
       3
       4
       2
       3
       1
       0
       0
       3
       2
       3
       1
       0
       6
       2
       2
       3
       2
       4
       2
       4
       4
       2
       4
       3
       2
       4
       0
       2
       3
       5
       2
       2
       4
       1
       5
       6
       5
       4
       4
       3
       1
       1
       2
       1
       4
       4
       1
       5
       2
       5
       1
       3
       2
       2
       0
       4
       4
       3
       1
       1
       7
       0
       3
       2
       5
       5
       2
       3
       7
       2
       0
       4
       3
       4
       1
       5
       8
       1
       2
       0
       3
       1
       2
       2
       3
       3
       3
       6
       3
       0
       4
       6
       3
       1
       0
       1
       1
       6
       4
       2
       2
       3
       0
       2
       2
       2
       2
       1
       3
       2
       1
       4
       2
       1
       1
       0
       4
       1
       1
       3
       2
       1
       0
       1
       3
       1
       0
       4
       4
       6
       3
       1
       0
       2
       1
       3
       3
       3
       2
       4
       3
       3
       3
       3
       2
       2
       4
       0
       5
       1
       1
       3
       2
       4
       1
       1
       1
       3
       4
       3
       5
       2
       1
       1
       1
       4
       0
       4
       2
       1
       6
       2
       3
       1
       0
       4
       0
       6
       1
       3
       6
       1
       1
       2
       2
       0
       2
       1
       4
       1
       1
       1
       3
       0
       2
       3
       1
       4
       1
       3
       0
       3
       4
       2
       1
       2
       1
       1
       3
       2
       1
       3
       2
       1
       3
       3
       4
       2
       2
       2
       2
       0
       3
       3
       2
       2
       2
       1
       1
       6
       3
       5
       0
       2
       8
       2
       1
       1
       1
       3
       2
       5
       0
       2
       1
       2
       2
       6
       2
       0
       1
       0
       1
       3
       3
       1
       5
       0
       2
       0
       1
       4
       0
       0
       1
       2
       3
       1
       2
       2
       0
       5
       4
       0
       2
       1
       3
       2
       2
       5
       1
       2
       3
       0
       2
       3
       1
       3
       2
       0
       1
       2
       3
       4
       4
       1
       0
       4
       2
       1
       1
       4
       2
       2
       1
       1
       1
       2
       4
       3
       3
       1
       2
       4
       1
       0
       2
       1
       2
       5
       9
       1
       2
       1
       2
       1
       1
       3
       1
       1
       1
       4
       1
       2
       5
       6
       4
       0
       2
       2
       1
       3
       3
       2
       1
       2
       2
       1
       0
       0
       2
       2
       0
       1
       1
       2
       1
       2
       0
       3
       2
       2
       5
       4
       5
       3
       6
      11
      10
      21
      29
      35
      30
      32
      40
      34
      15
      13
       8
       7
       3
       1
       3
       8
       3
       2
       1
       2
       2
       2
       3
       5
       1
       1
       2
       3
       0
       5
       3
       4
       0
       3
       3
       5
       0
       2
       1
       0
       1
       0
       3
       0
       0
       2
       6
       1
       2
       1
       2
       1
       0
       2
       3
       4
       0
       2
       1
       1
       6
       3
       1
       4
       1
       2
       1
       1
       1
       3
       0
       2
       1
       4
       4
       3
       1
       1
       2
       0
       3
       1
       0
       3
       1
       3
       1
       3
       1
       3
       1
       2
       0
       3
       4
       3
       1
       2
       1
       3
       3
       6
       1
       1
       1
       1
       2
       2
       1
       1
       1
       3
       0
       0
       1
       0
       2
       0
       2
       0
       0
       0
       0
       3
       2
       1
       2
       2
       1
       3
       1
       2
       1
       2
       1
       3
       2
       3
       1
       0
       3
       0
       1
       1
       0
       2
       2
       1
       4
       2
       3
       2
       4
       0
       1
       3
       1
       2
       4
       1
       2
       0
       3
       1
       1
       6
       3
       2
       5
       4
       2
       3
       3
       4
       2
       3
       2
       2
       2
       2
       0
       4
       2
       0
       5
       2
       3
       1
       1
       3
       0
       2
       2
       3
       0
       1
       2
       3
       3
       6
       3
       1
       6
       3
       1
       2
       5
       4
       0
       2
       1
       2
       1
       4
       2
       2
       1
       2
       1
       3
       1
       0
       1
       0
       2
       1
       3
       1
       1
       0
       1
       0
       2
       3
       4
       2
       1
       2
       3
       1
       2
       4
       3
       3
       0
       1
       3
       4
       4
       2
       3
       0
       1
       2
       2
       2
       3
       1
       1
       1
       1
       3
       3
       2
       1
       1
       2
       1
       1
       2
       2
       0
       2
       1
       3
       3
       0
       2
       0
       1
       0
       0
       2
       1
       2
       1
       0
       3
       1
       0
       2
       0
       1
       4
       3
       1
       0
       1
       3
       3
       2
       0
       2
       1
       1
       1
       2
       4
       3
       1
       2
       3
       1
       2
       1
       1
       0
       1
       0
       3
       0
       0
       3
       1
       0
       1
       0
       3
       3
       0
       1
       2
       0
       1
       1
       0
       2
       2
       1
       3
       2
       2
       4
       2
       1
       2
       3
       1
       3
       1
       1
       4
       0
       1
       1
       1
       0
       1
       0
       3
       1
       2
       1
       2
       1
       2
       0
       2
       1
       2
       2
       2
       4
       1
       1
       0
       0
       4
       1
       3
       2
       3
       2
       0
       0
       0
       1
       1
       4
       3
       1
       3
       6
       3
       2
       1
       2
       3
       1
       0
       1
       5
       2
       1
       2
       1
       0
       1
       2
       1
       2
       2
       1
       1
       2
       2
       2
       1
       0
       2
       2
       2
       2
       1
       2
       0
       2
       2
       2
       2
       2
       0
       3
       2
       1
       0
       2
       0
       0
       3
       2
       1
       2
       0
       2
       2
       3
       2
       3
       1
       0
       1
       0
       0
       2
       1
       1
       0
       3
       2
       1
       4
       1
       0
       4
       0
       0
       3
       4
       0
       4
       0
       0
       2
       0
       2
       0
       0
       1
       1
       1
       0
       0
       0
       1
       1
       0
       2
       2
       1
       2
       2
       2
       1
       0
       0
       4
       0
       2
       0
       0
       0
       4
       1
       3
       1
       1
       2
       2
       2
       1
       1
       1
       2
       2
       1
       0
       2
       1
       2
       1
       2
       3
       3
       3
       1
       2
       1
       3
       2
       1
       0
       2
       0
       3
       4
       1
       3
       2
       1
       2
       0
       1
       1
       1
       1
       1
       0
       2
       0
       1
       3
       1
       1
       1
       0
       3
       0
       1
       3
       2
       0
       0
       2
       1
       2
       2
       0
       1
       0
       1
       2
       2
       1
       2
       1
       2
       1
       1
       2
       2
       2
       1
       1
       0
       2
       3
       1
       0
       1
       1
       0
       0
       1
       0
       3
       4
       1
       0
       0
       0
       2
       2
       1
       0
       1
       0
       1
       1
       0
       0
       0
       2
       3
       0
       1
       0
       3
       1
       2
       1
       3
       1
       2
       0
       1
       1
       3
       2
       2
       3
       1
       2
       1
       4
       1
       4
       3
       0
       2
       0
       2
       0
       2
       2
       2
       1
       3
       1
       2
       1
       1
       2
       0
       1
       2
       1
       1
       1
       0
       1
       4
       2
       1
       1
       3
       1
       0
       2
       2
       0
       1
       1
       1
       3
       2
       1
       2
       1
       4
       0
       0
       0
       1
       1
       3
       2
       0
       1
       0
       2
       1
       1
       0
       0
       2
       3
       0
       0
       0
       2
       1
       1
       2
       0
       2
       1
       1
       1
       0
       0
       4
       1
       2
       1
       2
       1
       1
       2
       0
       1
       1
       0
       1
       1
       1
       1
       1
       0
       2
       1
       3
       0
       0
       0
       2
       0
       0
       1
       3
       2
       3
       2
       1
       0
       0
       1
       1
       1
       1
       1
       2
       1
       0
       1
       3
       1
       0
       1
       0
       0
       1
       2
       1
       0
       1
       0
       1
       0
       1
       1
       2
       1
       0
       0
       0
       0
       2
       3
       2
       1
       0
       3
       2
       2
       2
       3
       1
       1
       1
       1
       0
       0
       1
       0
       0
       1
       1
       2
       0
       3
       2
       1
       3
       5
       1
       0
       3
       2
       1
       0
       0
       0
       1
       0
       1
       1
       2
       0
       3
       2
       2
       3
       3
       4
       0
       1
       1
       0
       2
       0
       1
       2
       1
       3
       0
       1
       1
       1
       1
       0
       1
       0
       0
       0
       1
       0
       1
       1
       1
       0
       0
       0
       0
       1
       1
       0
       0
       1
       0
       1
       0
       1
       1
       0
       1
       2
       0
       3
       1
       1
       1
       0
       0
       0
       3
       3
       0
       1
       0
       0
       0
       2
       1
       1
       0
       2
       0
       2
       1
       2
       1
       0
       1
       3
       1
       1
       0
       1
       1
       3
       0
       0
       1
       3
       3
       2
       1
       0
       0
       0
       1
       0
       2
       2
       2
       0
       1
       0
       2
       1
       0
       0
       0
       1
       2
       0
       0
       3
       3
       1
       1
       0
       1
       0
       1
       1
       1
       3
       1
       0
       0
       1
       0
       1
       2
       3
       1
       1
       2
       1
       3
       3
       0
       4
       1
       0
       0
       2
       1
       2
       1
       0
       1
       2
       1
       0
       2
       1
       1
       0
       1
       1
       1
       0
       1
       2
       0
       2
       0
       3
       1
       2
       1
       1
       0
       0
       0
       0
       1
       0
       0
       0
       0
       0
       2
       3
       0
       0
       1
       1
       0
       1
       2
       1
       0
       1
       0
       1
       2
       1
       1
       3
       1
       0
       0
       2
       0
       0
       0
       0
       0
       2
       0
       1
       0
       1
       1
       0
       0
       0
       0
       1
       0
       2
       1
       0
       1
       0
       0
       0
       0
       1
       1
       1
       0
       0
       2
       0
       0
       1
       1
       1
       0
       0
       2
       2
       0
       0
       1
       2
       1
       4
       2
       0
       0
       0
       1
       0
       0
       1
       1
       0
       1
       1
       0
       1
       0
       3
       0
       1
       0
       2
       1
       2
       0
       0
       1
       0
       0
       2
       1
       2
       1
       1
       3
       3
       2
       2
       4
       1
       0
       1
       0
       0
       0
       1
       3
       2
       0
       1
       1
       1
       0
       1
       2
       1
       0
       0
       2
       0
       4
       0
       0
       1
       2
       0
       1
       0
       1
       1
       1
       1
       1
       2
       0
       0
       0
       3
       0
       0
       2
       1
       0
       2
       1
       1
       1
       1
       0
       1
       0
       2
       1
       0
       0
       1
       3
       2
       0
       1
       0
       0
       0
       0
       0
       1
       0
       0
       0
       1
       2
       0
       0
       0
       1
       0
       1
       2
       1
       1
       1
       2
       1
       1
       0
       2
       0
       1
       0
       0
       1
       0
       0
       1
       0
       0
       1
       2
       2
       0
       1
       1
       0
       0
       2
       0
       1
       2
       2
       2
       2
       1
       0
       0
       0
       0
       1
       1
       2
       2
       1
       0
       0
       1
       0
       1
       0
       2
       2
       1
       1
       3
       3
       2
       2
       3
       0
       6
       6
       5
       6
       8
      12
       6
       8
       7
       6
       5
       2
       2
       0
       1
       0
       1
       4
       1
       1
       1
       1
       2
       3
       1
       2
       0
       2
       0
       1
       1
       0
       0
       0
       0
       0
       0
       0
       1
       3
       2
       2
       0
       0
       0
       2
       0
       0
       1
       0
       0
       2
       0
       1
       1
       3
       1
       1
       0
       1
       1
       3
       2
       2
       1
       1
       0
       4
       2
       1
       1
       0
       1
       2
       0
       0
       1
       1
       2
       2
       1
       1
       3
       0
       0
       0
       2
       1
       1
       2
       0
       0
       0
       1
       1
       0
       1
       0
       0
       0
       0
       2
       3
       1
       1
       1
       0
       1
       3
       0
       1
       0
       0
       1
       4
       1
       0
       1
       2
       2
       1
       0
       1
       0
       2
       2
       3
       1
       0
       1
       2
       0
       2
       0
       1
       1
       2
       0
       0
       1
       2
       1
       0
       2
       1
       0
       4
       0
       0
       0
       0
       2
       0
       1
       0
       1
       3
       1
       3
       1
       0
       1
       0
       0
       1
       1
       1
       0
       0
       1
       3
       1
       0
       1
       0
       1
       1
       0
       0
       1
       1
       0
       1
       2
       1
       2
       0
       1
       0
       0
       3
       1
       0
       0
       1
       0
       0
       2
       0
       1
       1
       1
       1
       1
       0
       1
       1
       0
       1
       0
       0
       0
       1
       0
       1
       0
       0
       1
       1
       0
       1
       1
       1
       0
       0
       1
       0
       1
       1
       1
       1
       0
       1
       0
       0
       1
       2
       3
       1
       0
       1
       0
       0
       0
       0
       1
       1
       0
       0
       0
       1
       4
       1
       4
       0
       1
       0
       0
       2
       0
       0
       1
       1
       0
       0
       0
       2
       3
       0
       0
       2
       0
       2
       1
       2
       0
       0
       1
       0
       1
       0
       2
       1
       0
       1
       1
       1
       0
       2
       1
       1
       0
       1
       1
       0
       0
       1
       0
       1
       0
       1
       2
       3
       0
       0
       0
       1
       1
       0
       2
       2
       2
       0
       1
       0
       1
       1
       1
       0
       2
       0
       1
       2
       5
       1
       0
       3
       0
       1
       2
       0
       1
       0
       1
       1
       3
       0
       2
       1
       3
       1
       1
       2
       1
       3
       1
       1
       3
       1
       0
       0
       1
       0
       1
       1
       3
       1
       0
       0
       1
       1
       1
       0
       0
       0
       0
       0
       1
       2
       0
       0
       3
       0
       0
       1
       0
       3
       0
       2
       1
       1
       1
       0
       2
       1
       2
       1
       1
       1
       1
       1
       0
       0
       1
       0
       2
       1
       0
       1
       2
       1
       1
       1
       1
       0
       3
       1
       2
       2
       1
       0
       0
       1
       0
       0
       1
       0
       0
       0
       1
       1
       0
       0
       1
       1
       1
       0
       0
       1
       2
       1
       1
       0
       0
       1
       0
       2
       0
       2
       0
       1
       1
       0
       0
       0
       0
       0
       1
       0
       1
       3
       2
       0
       0
       1
       0
       2
       0
       1
       2
       0
       0
       0
       0
       0
       0
       0
       2
       0
       0
       2
       1
       1
       1
       1
       1
       0
       2
       1
       2
       2
       0
       0
       3
       0
       2
       0
       0
       0
       0
       0
       4
       0
       0
       1
       1
       0
       2
       1
       0
       0
       2
       0
       1
       0
       0
       0
       3
       0
       2
       0
       2
       0
       0
       1
       1
       1
       2
       0
       2
       0
       0
       1
       1
       0
       1
       1
       1
       0
       0
       1
       1
       0
       0
       1
       1
       4
       1
       1
       1
       2
       2
       1
       2
       0
       1
       1
       0
       1
       1
       2
       1
       4
       1
       0
       0
       1
       2
       0
       2
       1
       0
       1
       0
       0
       0
       0
       0
       0
       0
       1
       0
       0
       0
       0
       3
       1
       1
       1
       0
       1
       0
       1
       2
       0
       3
       2
       1
       0
       0
       1
       0
       0
       1
       2
       1
       1
       0
       1
       1
       0
       0
       1
       2
       0
       0
       0
       0
       0
       1
       0
       1
       0
       2
       4
       0
       2
       1
       1
       0
       0
       1
       1
       0
       0
       0
       0
       1
       0
       1
       0
       0
       2
       1
       0
       3
       1
       0
       1
       1
       2
       0
       1
       0
       2
       1
       0
       1
       0
       1
       3
       0
       1
       0
       0
       0
       2
       0
       0
       0
       0
       1
       0
       1
       0
       1
       1
       2
       1
       0
       0
       0
       1
       0
       0
       1
       0
       1
       0
       0
       2
       0
       1
       2
       2
       1
       1
       1
       0
       0
       0
       1
       1
       1
       0
       1
       2
       0
       0
       1
       0
       0
       0
       1
       1
       2
       0
       0
       1
       0
       0
       1
       0
       0
       0
       0
       1
       1
       0
       1
       3
       0
       1
       1
       2
       1
       0
       1
       0
       1
       0
       0
       3
       0
       2
       1
       0
       0
       0
       1
       1
       2
       0
       1
       0
       0
       1
       0
       3
       0
       1
       0
       0
       0
       1
       0
       2
       0
       0
       1
       0
       1
       1
       1
       3
       1
       1
       1
       4
       1
       1
       1
       0
       0
       1
       0
       2
       0
       0
       1
       0
       2
       3
       0
       1
       0
       0
       0
       1
       1
       0
       0
       0
       0
       2
       0
       1
       0
       1
       1
       1
       1
       0
       1
       1
       1
       0
       1
       0
       0
       1
       0
       0
       1
       2
       0
       1
       0
       0
       2
       0
       1
       0
       0
       0
       0
       0
       2
       0
       2
       1
       1
       1
       0
       1
       1
       1
       0
       1
       0
       0
       0
       0
       2
       0
       1
       1
       2
       0
       0
       0
       1
       1
       1
       1
       1
       2
       0
       0
       0
       0
       0
       2
       0
       1
       1
       1
       0
       1
       0
       0
       1
       0
       0
       1
       1
       0
       0
       0
       0
       0
       0
       0
       0
       0
       0
       0
       0
       0
       0
       0
       0
       0
       0
       0
       0
       0
       0
       0
       0
       0
       0
       0
       0
       0
       0
       0
       0
       0
       0
       0
       0
       0
       0
       0
       0
       0
       0
       0
       0
       0
       0
       0
       0
       0
       0
       0
       0
       0
       0
       0
       0
       0
       0
       0
       0
       0
       0
       0
       0
       0
       0
       0
       0
       0
       0
       0
       0
       0
       0
       0
       0
       0
       0
       0
       0
       0
       0
       0
       0
       0
       0
       0
       0
       0
       0
       0
       0
       0
       0
       0
       0
       0
       0
       0
       0
       0
       0
       0
       0
       0
       0
       0
       0
       0
       0
       0
       0
       0
       0
       0
       0
       0
       0
       0
       0
       0
       0
       0
       0
       0
       0
       0
       0
$ROI:
2
1936 2287
5338 5513
$PRESETS:
Integral
500000
0
$ENER_FIT:
0.000000 0.245432
$MCA_CAL:
3
0.000000E+000 2.454316E-001 0.000000E+000 keV
$SHAPE_CAL:
3
7.465718E+000 0.000000E+000 0.000000E+000
