$SPEC_ID:
No sample description was entered.
$SPEC_REM:
DET# 1
DETDESC# BUNCHER Easy-MCA-8k SN 9051292
AP# Maestro Version 6.08
$DATE_MEA:
07/26/2019 10:26:25
$MEAS_TIM:
537 626
$DATA:
0 8191
       0
       0
       0
       0
       0
       0
       0
       0
       0
       0
       0
       0
       0
       0
       0
       0
       0
       0
       0
       1
      11
      50
     432
    1294
    2457
    3751
    4674
   12615
    5808
     312
     187
     181
     397
    1146
    1883
    2071
    2098
    1811
    1622
    1639
    1463
    1473
    1466
    1489
    1514
    1530
    1504
    1539
    1526
    1559
    1482
    1542
    1368
    1467
    1452
    1355
    1342
    1317
    1371
    1357
    1317
    1419
    1304
    1279
    1313
    1353
    1302
    1321
    1339
    1239
    1210
    1255
    1220
    1243
    1204
    1215
    1140
    1204
    1163
    1209
    1131
    1211
    1207
    1144
    1100
    1184
    1151
    1073
    1068
    1109
    1100
    1104
    1121
    1133
    1108
    1076
    1020
    1070
    1123
    1090
    1058
    1063
    1018
    1077
    1079
    1061
    1034
    1064
     962
     991
     998
    1051
    1007
    1076
    1037
    1010
    1022
    1002
    1033
    1029
    1039
     959
     939
    1014
    1006
    1004
     985
     981
     961
     947
     941
     990
    1020
     941
     947
     955
     922
     939
     942
     959
     917
     938
     920
     967
     927
     954
     953
     913
     934
     925
     929
     906
     962
     922
     884
     907
     945
     931
     934
     864
     915
     899
     905
     930
     936
     874
     945
     991
     885
     920
     908
     840
     892
     915
     861
     932
     857
     897
     906
     924
     910
     934
     912
     872
     875
     900
     941
     904
     866
     902
     934
     904
     875
     907
     874
     901
     917
     950
     911
     877
     862
     894
     916
     915
     913
     903
     865
     914
     864
     859
     895
     883
     880
     917
     985
     929
     818
     957
     859
     898
     931
     940
     933
     906
     832
     900
     850
     948
     900
     904
     878
     907
     929
     923
     879
     867
     931
     936
     925
     919
     928
     950
     917
     915
     873
     958
     915
     900
     922
     909
     910
     908
     990
     915
     906
     950
     953
     948
     904
     914
     898
     956
     977
     998
     949
     915
     923
     951
     942
     955
     897
     926
     920
     952
     942
     935
     974
     993
     991
     964
     993
     986
    1009
    1021
     919
     982
    1050
    1003
     978
     948
     997
    1058
    1110
    1075
    1098
    1106
    1005
    1046
    1047
    1032
    1103
    1244
    1272
    1223
    1086
     983
    1012
    1027
    1025
    1046
    1040
    1035
    1023
    1055
    1029
    1030
     999
    1034
    1018
    1009
    1051
    1053
    1015
    1077
    1072
    1074
    1035
    1100
    1059
    1068
    1042
    1098
    1045
    1047
    1054
    1150
    1092
    1003
    1050
    1121
    1189
    1231
    1281
    1299
    1204
    1142
    1138
    1035
    1115
    1101
    1087
    1114
    1099
    1178
    1149
    1073
    1107
    1110
    1111
    1073
    1064
    1082
    1062
    1220
    1068
    1085
    1189
    1177
    1127
    1170
    1069
    1152
    1063
    1081
    1132
    1086
    1129
    1177
    1143
    1162
    1189
    1153
    1171
    1121
    1122
    1147
    1110
    1104
    1125
    1124
    1108
    1141
    1161
    1144
    1116
    1173
    1173
    1208
    1174
    1175
    1149
    1156
    1206
    1194
    1210
    1165
    1196
    1239
    1248
    1207
    1133
    1260
    1204
    1246
    1232
    1183
    1188
    1267
    1210
    1217
    1218
    1185
    1174
    1166
    1259
    1193
    1252
    1200
    1215
    1244
    1175
    1231
    1215
    1240
    1227
    1229
    1212
    1274
    1184
    1225
    1249
    1325
    1248
    1278
    1237
    1266
    1251
    1274
    1219
    1285
    1206
    1235
    1211
    1276
    1289
    1327
    1231
    1275
    1305
    1318
    1247
    1295
    1271
    1287
    1257
    1303
    1230
    1286
    1296
    1198
    1336
    1287
    1275
    1269
    1287
    1202
    1304
    1302
    1227
    1270
    1265
    1270
    1270
    1294
    1250
    1238
    1176
    1249
    1284
    1255
    1294
    1288
    1235
    1204
    1213
    1330
    1268
    1293
    1205
    1211
    1258
    1222
    1151
    1166
    1257
    1249
    1217
    1227
    1247
    1193
    1249
    1248
    1230
    1244
    1223
    1237
    1242
    1186
    1203
    1234
    1205
    1252
    1253
    1229
    1245
    1211
    1209
    1223
    1243
    1255
    1263
    1262
    1253
    1243
    1186
    1228
    1264
    1257
    1241
    1225
    1259
    1221
    1251
    1253
    1329
    1206
    1224
    1227
    1299
    1197
    1249
    1240
    1274
    1186
    1253
    1235
    1248
    1248
    1232
    1202
    1192
    1158
    1144
    1123
    1277
    1225
    1234
    1284
    1128
    1137
    1219
    1167
    1199
    1211
    1159
    1314
    1179
    1262
    1126
    1223
    1219
    1208
    1240
    1189
    1169
    1232
    1248
    1267
    1222
    1208
    1183
    1251
    1251
    1219
    1225
    1180
    1183
    1196
    1250
    1176
    1173
    1230
    1170
    1233
    1169
    1194
    1190
    1176
    1162
    1222
    1251
    1233
    1237
    1128
    1182
    1180
    1302
    1213
    1188
    1137
    1178
    1205
    1226
    1188
    1203
    1178
    1146
    1206
    1247
    1142
    1249
    1182
    1186
    1164
    1172
    1162
    1208
    1179
    1195
    1211
    1235
    1164
    1251
    1111
    1209
    1166
    1206
    1139
    1212
    1206
    1154
    1160
    1125
    1132
    1157
    1224
    1149
    1111
    1175
    1158
    1188
    1201
    1145
    1251
    1179
    1125
    1189
    1175
    1174
    1179
    1109
    1178
    1165
    1239
    1122
    1161
    1180
    1203
    1183
    1225
    1247
    1234
    1166
    1179
    1192
    1205
    1153
    1233
    1201
    1219
    1203
    1258
    1239
    1243
    1189
    1291
    1252
    1283
    1242
    1222
    1271
    1273
    1179
    1240
    1270
    1253
    1281
    1216
    1240
    1237
    1207
    1287
    1242
    1206
    1199
    1213
    1283
    1223
    1181
    1212
    1204
    1197
    1170
    1212
    1146
    1213
    1168
    1221
    1226
    1200
    1194
    1179
    1163
    1158
    1125
    1184
    1134
    1206
    1146
    1179
    1138
    1190
    1204
    1164
    1143
    1112
    1156
    1138
    1091
    1128
    1120
    1160
    1098
    1129
    1112
    1101
    1114
    1134
    1050
    1110
    1092
    1077
    1046
    1086
    1098
    1148
    1112
    1068
    1138
    1043
    1115
    1099
    1093
    1083
    1047
    1100
    1031
    1022
    1035
    1082
    1087
    1054
    1028
     998
    1038
    1021
    1092
     996
    1037
    1025
     999
    1061
    1097
    1054
    1021
     955
    1019
    1031
    1075
    1009
    1059
    1019
    1030
    1000
    1006
     988
    1038
    1082
    1008
    1007
    1037
     989
    1024
     967
    1026
    1027
    1016
    1008
     976
     996
    1017
    1036
    1018
    1013
    1037
     967
    1019
     963
     932
     960
     994
     956
     999
     975
     992
     972
     984
     974
    1005
    1012
     975
     975
     925
    1011
     972
     993
     944
     951
     968
    1022
     944
     948
     967
     988
     933
     973
     948
     900
    1024
     879
     954
     946
     955
     926
     918
     968
     988
     923
     905
     966
     920
     932
     964
     951
     943
     960
     933
     935
     852
     948
     946
     962
     930
     921
     929
     942
     914
     958
     946
     941
     940
     982
     924
     922
     991
     911
     904
     949
     969
     967
     953
     949
     933
     947
     922
     933
     966
     926
     901
     950
     934
     912
    1000
     958
     904
     895
     942
     930
     915
     897
     902
     992
     877
     888
     992
     945
     888
     923
     901
     932
     906
     930
     929
     888
     935
     895
     943
     910
     925
     940
     918
     939
     878
     927
     919
     890
     912
     919
     850
     936
     866
     905
     900
     906
     936
     917
     884
     923
     941
     915
     902
     892
     905
     939
     896
     921
     917
     938
     913
     953
     911
     917
     881
     919
     864
     879
     927
     860
     913
     901
     816
     888
     902
     900
     879
     891
     917
     913
     923
     957
     907
     910
     917
     898
     880
     927
     881
     921
     898
     923
     932
     899
     954
     907
     925
     882
     881
     949
    1002
     887
     881
     901
     888
     893
     879
     894
     882
     859
     904
     881
     938
     903
     961
     883
     965
     894
     879
     887
     984
     894
     913
     871
     966
     946
     925
     900
     872
     917
     927
     913
     891
     933
     947
     906
     865
     968
     943
     960
     895
     907
     903
     854
     880
     940
     894
     917
     887
     896
     862
     875
     913
     896
     922
     891
     883
     934
     950
     906
     842
     903
     943
     909
     864
     866
     877
     899
     842
     900
     909
     899
     903
     940
     912
     920
     945
     880
     883
     967
     926
     913
     908
     912
     875
     906
     867
     876
     914
     975
     923
     932
     932
     930
     942
     944
     897
     928
     971
     892
     942
     937
     886
     914
     981
     925
     960
    1008
     911
     889
     897
     891
     901
     838
     897
     922
     869
     952
     903
     931
     855
     942
     919
     930
     932
     919
     882
     887
    1008
     992
     928
     934
     929
     967
     958
     864
    1001
     972
     984
     930
     942
     883
     917
     939
     875
     950
     915
     942
     885
     893
     884
     903
     918
     900
     919
     920
     939
     938
     936
     880
     942
     918
     920
     913
     973
     957
     913
     894
     928
     915
     973
     957
     943
     986
     949
     889
     977
     943
     943
     970
     985
     952
     963
     969
     953
     958
     935
     987
     932
     960
     958
     978
    1039
    1036
     957
     978
     986
     978
     900
     973
     949
     964
     949
     925
     975
     969
    1000
     967
     920
     969
     970
     956
     933
     992
     961
     957
     957
     969
    1040
     889
    1003
     967
    1022
     991
     919
     991
    1022
     951
     935
    1017
     943
     910
     935
     945
     987
    1007
     922
    1038
    1005
    1003
     969
     929
     962
    1045
     998
     968
     985
     998
     975
     950
     999
     977
     983
     970
     970
    1068
     966
    1037
    1017
    1052
    1029
     957
     996
    1012
     985
     998
     988
    1053
     941
    1009
    1013
    1065
    1031
    1038
     942
    1007
    1074
    1014
    1031
    1031
    1047
    1020
    1033
    1089
    1033
    1004
    1005
     989
    1034
    1054
     992
    1050
    1065
    1058
    1005
    1016
    1117
    1046
    1021
    1015
    1045
    1025
    1022
    1072
    1098
    1029
    1042
    1047
    1077
    1033
    1045
    1103
     970
    1033
     990
    1088
    1067
    1046
    1049
    1046
    1094
    1113
    1012
    1069
    1053
    1080
    1106
    1027
    1038
    1036
    1059
    1061
    1116
     997
    1032
    1098
    1073
    1031
    1040
    1074
    1063
    1045
    1046
    1019
    1083
    1033
    1031
    1043
    1016
    1071
    1050
    1046
    1115
    1064
    1076
    1058
    1051
    1005
    1062
    1040
    1043
    1030
    1034
    1042
     982
    1075
     950
     967
    1045
     986
    1018
    1034
     962
     980
    1016
     929
     952
     861
     955
     920
     969
     880
     898
     874
     856
     879
     841
     793
     810
     828
     866
     825
     817
     789
     779
     809
     774
     769
     779
     754
     764
     740
     734
     739
     737
     755
     716
     816
     713
     764
     755
     726
     713
     710
     712
     713
     697
     670
     678
     731
     730
     723
     731
     742
     727
     753
     739
     685
     665
     695
     636
     698
     673
     678
     676
     688
     655
     646
     725
     657
     633
     662
     648
     720
     645
     621
     645
     674
     630
     647
     624
     633
     689
     668
     609
     636
     604
     654
     590
     654
     621
     649
     638
     626
     607
     617
     678
     607
     633
     633
     646
     662
     604
     620
     603
     612
     590
     604
     596
     590
     618
     575
     599
     670
     589
     615
     553
     542
     640
     570
     599
     584
     576
     581
     577
     584
     545
     580
     603
     549
     570
     576
     548
     581
     554
     571
     600
     579
     535
     537
     570
     573
     564
     598
     546
     547
     559
     570
     574
     608
     508
     541
     532
     582
     556
     559
     531
     533
     602
     568
     560
     579
     538
     566
     517
     542
     533
     546
     517
     494
     522
     503
     497
     483
     502
     493
     557
     547
     525
     501
     492
     538
     491
     514
     519
     503
     543
     501
     510
     551
     547
     508
     500
     481
     500
     524
     537
     462
     511
     476
     494
     516
     512
     526
     497
     485
     501
     530
     495
     497
     508
     477
     460
     449
     485
     486
     462
     486
     438
     471
     470
     478
     463
     452
     479
     502
     498
     485
     460
     449
     454
     441
     460
     482
     479
     446
     465
     439
     470
     462
     472
     507
     444
     480
     466
     411
     447
     446
     456
     423
     464
     470
     424
     448
     446
     416
     442
     420
     489
     483
     499
     458
     439
     442
     485
     464
     479
     433
     455
     432
     446
     461
     401
     437
     407
     444
     423
     430
     418
     456
     447
     410
     449
     432
     395
     430
     402
     430
     423
     434
     437
     433
     431
     418
     414
     438
     427
     412
     418
     428
     427
     409
     452
     459
     435
     452
     440
     418
     447
     424
     475
     418
     410
     418
     461
     412
     424
     407
     396
     406
     423
     447
     429
     413
     396
     428
     396
     411
     391
     411
     423
     425
     430
     429
     419
     412
     399
     409
     426
     376
     405
     432
     385
     426
     429
     402
     387
     385
     425
     397
     399
     382
     417
     366
     406
     433
     404
     378
     415
     417
     368
     401
     421
     427
     424
     407
     367
     408
     434
     414
     385
     395
     385
     397
     371
     379
     415
     410
     390
     377
     373
     397
     402
     419
     406
     428
     414
     357
     424
     406
     404
     378
     377
     377
     419
     419
     396
     357
     391
     403
     390
     405
     381
     399
     397
     410
     406
     382
     428
     398
     400
     394
     423
     394
     394
     398
     379
     390
     395
     393
     415
     373
     394
     379
     389
     400
     419
     400
     364
     433
     363
     401
     367
     405
     370
     361
     406
     360
     390
     357
     394
     399
     366
     372
     397
     391
     415
     413
     423
     378
     388
     386
     388
     396
     355
     414
     400
     410
     418
     353
     394
     390
     392
     361
     418
     380
     379
     364
     381
     396
     399
     418
     368
     399
     385
     384
     374
     394
     365
     374
     341
     399
     379
     357
     394
     387
     369
     357
     385
     378
     372
     381
     376
     386
     432
     364
     393
     357
     376
     374
     364
     365
     382
     398
     365
     381
     376
     380
     352
     386
     399
     373
     361
     424
     367
     371
     377
     364
     337
     374
     362
     366
     386
     359
     386
     361
     395
     346
     392
     357
     359
     377
     372
     384
     375
     372
     356
     351
     392
     381
     352
     363
     385
     383
     358
     339
     389
     370
     366
     367
     395
     369
     352
     359
     371
     383
     386
     366
     389
     371
     378
     378
     364
     398
     410
     386
     363
     382
     367
     373
     367
     343
     357
     394
     357
     368
     375
     366
     313
     390
     383
     381
     389
     358
     354
     339
     405
     382
     317
     340
     386
     361
     349
     393
     361
     379
     364
     396
     374
     360
     376
     393
     368
     377
     345
     332
     336
     360
     409
     359
     406
     349
     389
     392
     365
     369
     377
     357
     382
     373
     374
     378
     357
     419
     341
     357
     367
     372
     353
     362
     372
     382
     357
     354
     356
     374
     365
     384
     353
     361
     356
     408
     378
     357
     367
     381
     348
     400
     386
     385
     390
     357
     366
     376
     381
     380
     388
     420
     400
     388
     352
     349
     355
     414
     399
     379
     390
     403
     410
     410
     376
     406
     403
     359
     442
     442
     421
     457
     438
     480
     484
     532
     603
     642
     709
     787
     964
    1215
    1439
    1723
    2293
    2981
    3983
    5241
    7087
    9292
   12030
   15162
   19206
   22601
   26273
   29205
   31185
   31758
   31624
   29963
   27394
   24226
   20431
   16835
   12917
   10040
    7408
    5614
    4059
    2952
    2087
    1611
    1278
     947
     741
     645
     469
     439
     398
     343
     308
     261
     255
     229
     223
     224
     218
     198
     196
     174
     164
     170
     195
     149
     169
     172
     148
     154
     157
     141
     152
     137
     156
     139
     121
     142
     148
     133
     116
     133
     146
     127
     134
     140
     127
     140
     123
     148
     122
     121
     127
     128
     121
     126
     131
     121
     113
     117
     107
     123
     122
     119
     124
     102
     100
     109
     116
     115
     108
     116
     106
     107
      96
     119
      88
     102
      90
      99
     108
     110
     100
      99
     103
     103
      81
      92
     107
      91
      86
      87
     106
     105
     110
      87
      84
     109
     104
     107
     120
     110
     113
      91
      92
     103
     107
      76
      89
      86
     102
     102
      85
      87
     102
      71
      92
      81
      76
      95
      92
      93
      75
      88
      92
      81
     102
      82
      89
      72
     107
      74
      84
      73
      82
     112
      87
      86
      83
      90
      80
      93
      80
      99
      95
      79
      87
      76
      87
      83
      81
      97
      68
      99
      94
      64
      72
      79
      80
      82
      82
      83
      92
      72
      93
      82
      93
      86
      66
      76
      81
      71
      78
      81
      83
      87
      89
      63
      76
      92
      77
      75
      82
      87
      81
      84
      85
      93
      69
      80
      71
      84
      82
      78
      86
      65
      74
      79
      64
      79
      78
      64
      89
      68
      65
      76
      72
      73
      81
      71
      74
      73
      68
      67
      72
      87
      85
      84
      72
      58
      73
      80
      67
      80
      71
      78
      63
      72
      57
      90
      84
      62
      75
      78
      65
      74
      62
      83
      73
      70
      61
      72
      81
      63
      73
      72
      68
      84
      69
      75
      68
      72
      60
      68
      69
      77
      62
      82
      70
      67
      85
      79
      76
      62
      64
      49
      56
      53
      61
      73
      69
      78
      71
      72
      57
      64
      70
      65
      70
      67
      70
      90
      85
      80
      79
      87
      71
      90
      62
      76
      63
      48
      56
      68
      64
      70
      61
      82
      70
      60
      59
      62
      70
      72
      65
      68
      71
      60
      66
      91
      69
      56
      67
      66
      69
      68
      67
      82
      76
      67
      63
      56
      64
      65
      75
      74
      66
      59
      72
      61
      63
      71
      72
      78
      65
      81
      68
      61
      65
      68
      80
      66
      71
      63
      63
      67
      49
      64
      67
      49
      54
      72
      67
      62
      60
      68
      63
      83
      53
      77
      55
      52
      59
      58
      73
      67
      66
      59
      52
      69
      67
      65
      58
      61
      52
      70
      54
      76
      67
      53
      63
      65
      60
      60
      53
      64
      67
      73
     117
     103
     115
     115
     124
     112
      83
      69
      49
      68
      73
      64
      67
      71
      57
      46
      56
      55
      65
      59
      63
      45
      61
      59
      61
      62
      62
      68
      72
      61
      73
      59
      64
      68
      76
      59
      66
      48
      58
      51
      57
      65
      60
      51
      42
      54
      53
      54
      48
      63
      60
      52
      58
      58
      66
      68
      73
      58
      59
      75
      53
      53
      56
      75
      54
      55
      57
      63
      51
      61
      43
      44
      66
      54
      65
      72
      68
      46
      52
      43
      73
      57
      63
      56
      63
      61
      58
      60
      51
      65
      44
      50
      46
      64
      59
      39
      53
      44
      57
      53
      57
      67
      62
      54
      59
      53
      72
      57
      49
      51
      46
      62
      66
      52
      55
      53
      49
      45
      49
      50
      66
      60
      52
      60
      48
      59
      49
      54
      56
      44
      57
      50
      55
      46
      56
      56
      50
      47
      54
      45
      49
      39
      41
      50
      44
      50
      73
      54
      49
      59
      52
      54
      48
      45
      37
      42
      47
      54
      46
      54
      59
      44
      57
      54
      50
      43
      61
      51
      50
      47
      55
      46
      40
      55
      54
      62
      46
      42
      45
      51
      59
      35
      54
      46
      50
      60
      41
      48
      46
      42
      52
      48
      55
      51
      35
      56
      46
      57
      45
      64
      52
      50
      61
      60
      54
      48
      46
      47
      48
      55
      63
      50
      55
      44
      57
      54
      51
      41
      40
      43
      53
      46
      53
      55
      45
      48
      56
      48
      50
      51
      54
      52
      52
      35
      48
      53
      51
      59
      36
      48
      47
      56
      43
      37
      51
      45
      49
      34
      34
      49
      58
      49
      51
      45
      36
      52
      37
      47
      41
      38
      35
      42
      48
      47
      54
      44
      39
      46
      38
      57
      50
      65
      53
      48
      53
      58
      38
      38
      45
      55
      40
      53
      39
      48
      51
      56
      49
      44
      47
      39
      51
      55
      38
      38
      35
      62
      44
      36
      57
      35
      51
      50
      56
      60
      47
      46
      47
      49
      54
      48
      34
      63
      47
      42
      44
      45
      37
      42
      60
      42
      60
      46
      29
      46
      36
      42
      42
      39
      55
      42
      31
      51
      39
      42
      33
      35
      37
      48
      44
      47
      38
      52
      50
      36
      50
      39
      42
      51
      53
      35
      50
      43
      31
      54
      52
      31
      41
      36
      55
      51
      47
      32
      45
      34
      43
      30
      38
      42
      36
      50
      42
      44
      46
      29
      49
      32
      31
      35
      40
      38
      42
      49
      40
      46
      44
      46
      35
      38
      51
      49
      48
      36
      43
      43
      35
      31
      44
      31
      40
      41
      31
      47
      46
      39
      27
      41
      31
      46
      48
      43
      38
      41
      45
      41
      44
      41
      62
      48
      37
      41
      38
      43
      47
      51
      42
      38
      36
      32
      43
      45
      36
      40
      42
      50
      33
      48
      38
      32
      36
      36
      32
      32
      42
      34
      34
      41
      37
      35
      40
      37
      32
      43
      43
      25
      31
      33
      30
      30
      35
      37
      35
      37
      45
      39
      32
      32
      38
      33
      38
      31
      40
      43
      41
      45
      36
      38
      32
      42
      33
      32
      38
      34
      51
      44
      47
      34
      41
      41
      44
      36
      33
      30
      52
      34
      41
      33
      32
      40
      26
      40
      39
      42
      42
      32
      32
      36
      36
      47
      34
      34
      29
      36
      39
      30
      38
      38
      45
      25
      32
      41
      34
      30
      31
      37
      45
      28
      42
      39
      36
      42
      46
      32
      35
      31
      42
      56
      37
      32
      32
      30
      43
      28
      40
      38
      24
      35
      44
      32
      34
      45
      31
      30
      40
      41
      35
      39
      42
      37
      39
      28
      39
      42
      39
      40
      28
      51
      36
      44
      46
      29
      40
      37
      40
      42
      41
      39
      38
      40
      37
      44
      40
      33
      33
      33
      33
      41
      40
      30
      30
      37
      44
      30
      37
      25
      42
      30
      42
      34
      27
      41
      33
      30
      36
      29
      33
      45
      32
      32
      34
      34
      36
      38
      20
      38
      41
      35
      34
      41
      40
      47
      44
      35
      41
      27
      41
      42
      35
      43
      43
      47
      18
      35
      30
      41
      34
      43
      26
      33
      32
      31
      20
      33
      39
      38
      45
      43
      32
      20
      45
      42
      32
      33
      37
      50
      40
      36
      28
      36
      34
      37
      42
      31
      43
      30
      30
      18
      43
      28
      44
      42
      33
      31
      37
      36
      37
      35
      25
      40
      43
      27
      29
      35
      33
      26
      28
      34
      34
      34
      46
      28
      31
      39
      38
      29
      42
      41
      28
      31
      40
      30
      37
      31
      33
      25
      39
      35
      27
      37
      28
      33
      29
      23
      32
      39
      32
      46
      27
      39
      38
      35
      36
      42
      35
      43
      33
      35
      29
      24
      36
      38
      22
      34
      28
      24
      40
      44
      28
      26
      26
      35
      34
      34
      28
      37
      28
      38
      31
      39
      24
      31
      35
      35
      28
      29
      31
      29
      28
      37
      42
      40
      37
      33
      32
      29
      33
      33
      35
      35
      39
      34
      33
      30
      37
      38
      36
      28
      28
      38
      29
      41
      29
      29
      29
      32
      36
      30
      30
      25
      40
      34
      45
      34
      30
      36
      38
      36
      35
      36
      35
      28
      34
      38
      34
      37
      29
      42
      38
      30
      44
      31
      28
      41
      29
      35
      34
      39
      27
      35
      24
      30
      30
      29
      38
      35
      26
      31
      32
      28
      26
      46
      35
      29
      36
      26
      25
      22
      25
      32
      33
      29
      28
      34
      25
      29
      38
      26
      39
      34
      33
      28
      32
      31
      23
      33
      26
      35
      36
      24
      28
      27
      44
      33
      36
      26
      26
      27
      23
      36
      41
      29
      27
      33
      43
      20
      15
      40
      36
      28
      36
      30
      28
      31
      19
      37
      34
      19
      42
      27
      28
      25
      29
      33
      29
      24
      39
      28
      27
      28
      29
      23
      33
      34
      24
      31
      29
      23
      30
      31
      23
      37
      41
      38
      29
      36
      28
      35
      23
      25
      34
      29
      28
      35
      44
      33
      32
      34
      27
      39
      33
      20
      27
      27
      29
      24
      17
      18
      27
      31
      32
      25
      29
      28
      34
      29
      29
      31
      30
      26
      36
      25
      31
      32
      22
      25
      30
      24
      30
      25
      23
      31
      35
      28
      33
      38
      26
      28
      30
      29
      36
      34
      18
      37
      35
      34
      21
      24
      25
      28
      34
      33
      27
      21
      23
      31
      21
      30
      31
      23
      24
      28
      30
      27
      29
      21
      25
      32
      25
      22
      29
      23
      23
      24
      25
      24
      28
      21
      30
      17
      26
      32
      36
      28
      20
      30
      25
      25
      33
      27
      27
      23
      34
      26
      25
      27
      35
      23
      33
      30
      22
      30
      31
      28
      23
      37
      23
      23
      34
      31
      35
      19
      26
      35
      21
      23
      20
      18
      34
      30
      24
      23
      25
      17
      21
      35
      26
      31
      34
      24
      25
      29
      31
      20
      44
      15
      29
      23
      28
      25
      27
      25
      28
      29
      17
      32
      25
      25
      29
      25
      20
      30
      16
      37
      23
      18
      24
      43
      25
      28
      28
      25
      30
      23
      19
      26
      31
      32
      22
      25
      23
      28
      27
      34
      29
      19
      30
      25
      25
      29
      29
      22
      30
      35
      25
      31
      24
      35
      26
      28
      31
      19
      22
      23
      23
      26
      31
      35
      20
      18
      26
      27
      29
      24
      26
      21
      27
      20
      26
      29
      21
      17
      23
      30
      25
      30
      33
      24
      38
      21
      29
      23
      23
      33
      30
      22
      24
      25
      27
      21
      20
      18
      25
      34
      23
      28
      32
      28
      30
      20
      19
      34
      17
      28
      25
      19
      26
      31
      16
      23
      33
      31
      16
      25
      23
      36
      30
      23
      29
      30
      26
      26
      26
      30
      36
      26
      38
      16
      27
      21
      25
      25
      28
      29
      32
      22
      16
      20
      32
      28
      25
      28
      25
      31
      27
      23
      26
      29
      25
      19
      22
      29
      23
      18
      25
      21
      20
      27
      31
      28
      27
      36
      32
      33
      37
      33
      29
      32
      41
      25
      37
      27
      22
      25
      28
      31
      33
      22
      29
      22
      23
      20
      17
      33
      32
      33
      26
      35
      33
      25
      28
      25
      18
      19
      31
      22
      31
      31
      27
      29
      28
      19
      26
      26
      32
      27
      28
      26
      22
      34
      27
      21
      18
      22
      28
      29
      21
      15
      17
      32
      29
      25
      26
      26
      27
      29
      20
      21
      27
      38
      38
      30
      23
      21
      29
      18
      30
      28
      23
      27
      26
      22
      21
      35
      33
      29
      27
      22
      26
      27
      29
      30
      24
      28
      24
      32
      27
      32
      28
      41
      31
      25
      22
      22
      30
      30
      38
      28
      32
      26
      36
      30
      27
      30
      20
      24
      24
      21
      32
      23
      30
      31
      28
      32
      31
      39
      27
      35
      36
      19
      15
      26
      16
      29
      26
      32
      33
      22
      26
      36
      30
      31
      28
      32
      19
      26
      19
      19
      37
      24
      26
      36
      27
      28
      26
      29
      32
      32
      17
      31
      36
      23
      27
      25
      31
      21
      27
      32
      13
      26
      28
      31
      29
      27
      19
      37
      34
      29
      18
      18
      40
      33
      21
      26
      26
      29
      34
      27
      25
      27
      27
      28
      21
      21
      24
      23
      24
      29
      26
      27
      30
      23
      25
      31
      21
      34
      26
      24
      26
      15
      24
      29
      24
      32
      18
      29
      26
      22
      23
      33
      18
      22
      31
      27
      48
      34
      25
      25
      26
      31
      26
      18
      24
      21
      21
      24
      24
      28
      28
      31
      13
      25
      27
      25
      26
      26
      20
      19
      31
      17
      20
      19
      18
      22
      23
      24
      23
      35
      23
      23
      25
      22
      24
      19
      34
      28
      33
      25
      34
      21
      20
      27
      20
      40
      22
      32
      31
      32
      23
      18
      21
      26
      19
      21
      24
      21
      19
      27
      20
      23
      24
      16
      17
      25
      24
      30
      15
      23
      21
      15
      16
      25
      16
      24
      19
      31
      27
      15
      28
      22
      22
      24
      25
      20
      26
      12
      21
      29
      20
      35
      16
      16
      25
      24
      25
      22
      27
      18
      16
      26
      22
      29
      26
      23
      17
      25
      24
      28
      24
      35
      18
      21
      27
      31
      25
      21
      19
      24
      28
      19
      21
      13
      13
      24
      31
      21
      24
      16
      23
      21
      21
      23
      28
      21
      17
      31
      15
      24
      22
      23
      22
      29
      27
      17
      25
      27
      20
      22
      22
      19
      14
      16
      25
      23
      25
      29
      23
      25
      22
      27
      28
      30
      19
      19
      22
      31
      22
      14
      18
      17
      26
      24
      24
      19
      25
      17
      25
      31
      31
      22
      20
      24
      19
      26
      20
      25
      26
      17
      25
      24
      29
      26
      37
      26
      23
      30
      30
      13
      27
      27
      29
      31
      23
      31
      35
      28
      21
      25
      30
      34
      19
      36
      25
      30
      38
      40
      37
      29
      33
      25
      34
      38
      31
      22
      40
      27
      41
      37
      31
      28
      17
      29
      29
      27
      28
      20
      17
      19
      15
      20
      17
      12
      14
      14
      18
      23
      18
      15
      13
      26
      10
      11
      25
      16
      11
      15
      19
      20
      17
      14
      11
      14
      10
      17
      18
      16
      19
      21
      11
      17
      15
      16
      13
      16
      12
       9
      20
      20
      19
      17
      20
      14
      17
      13
       8
      18
      17
      14
      17
      19
      15
      23
      15
      11
      13
      16
      21
      16
      20
      15
      22
      16
      16
      18
      18
      17
      12
      14
      14
      21
      15
      11
      15
       8
      16
      15
      24
      21
       8
      22
      11
      13
      16
      12
      14
      18
      16
      15
      21
       8
      12
      19
      20
      15
      19
      14
      11
      18
      11
      14
      14
      17
      11
      15
      17
      11
      21
      16
      11
      19
      14
      12
      18
      19
      14
      21
      15
      16
      14
      20
      14
      23
      16
      19
      14
      19
      13
      15
      15
      19
      14
      16
      14
      19
      14
      10
      13
      16
      25
      17
      19
      14
      14
      13
      13
      10
      19
      11
      13
      15
      16
      19
      10
      19
      12
      17
      11
      21
       8
      13
      12
      12
      12
      11
      15
       7
      15
      17
      28
      20
      20
      17
      16
      12
      21
      17
      13
      15
      10
      17
      19
      21
      14
      15
      14
      25
      13
      16
      12
      12
      16
      16
      12
      15
      13
      13
      13
      20
      14
      12
      11
      14
      17
      10
      22
      19
      11
      20
      17
      16
      15
      18
      10
      12
      10
      22
      12
      16
      20
      16
      17
      16
      15
      22
      11
      10
      14
      12
      12
      11
      17
      14
      16
      13
      23
      17
      13
      11
      18
      19
      12
      19
       6
      17
      13
      24
       7
      15
      12
      17
      13
      13
      13
      21
      11
      14
      16
      13
      10
      14
      16
      17
       9
      12
      13
      10
      14
      10
      14
      17
      19
      14
      13
      15
      20
      11
      10
      13
      16
      17
      26
      23
      20
      14
      16
      17
      13
      21
      10
      13
      15
      20
      11
       8
      12
      13
      24
      14
      19
      11
      15
      13
      12
      12
      17
      27
      17
      14
      17
      15
      15
      14
      16
      10
       8
      17
      15
      19
      17
      16
      22
      21
      19
      13
      21
      19
      17
      16
      14
      15
      16
      15
      15
      18
      13
      11
      11
      19
      18
      20
      14
      12
      17
      12
      15
      14
      15
      10
      24
      16
      12
      12
      13
      18
      14
      13
       8
      15
      12
      12
      21
      11
       8
      15
      14
      12
      10
      14
      17
      15
      15
       9
      15
      21
      10
      15
      13
      11
      11
      14
      15
      11
      11
      17
      16
      31
      29
      30
      33
      23
      24
      11
      25
      16
      16
      17
      15
      17
      12
      11
       8
      11
      13
      16
      19
      11
      12
      13
       8
      11
      14
       7
      13
      10
      15
       7
      18
      17
      11
      11
       6
      10
       6
      11
      14
      16
       9
      11
      12
       9
      13
      17
       9
       7
      11
      11
      12
       7
      12
      14
       8
       7
      12
      15
      15
      12
      14
      11
       6
      11
      13
      12
       8
      12
       8
      12
       9
      14
       9
       6
      10
      21
      13
      19
      17
      11
      10
       8
      13
      13
      16
      16
      13
      11
       8
       8
       7
      13
      11
      11
      13
       8
      14
       5
      11
       6
      15
      11
      11
      14
      10
      15
       8
      17
      12
      10
      17
      12
       8
      12
      11
       9
       9
      20
       7
      11
      10
      16
       4
       7
       3
      11
       6
      12
       8
      10
      14
       8
       7
       7
       7
       7
       9
       9
       9
      10
      10
      13
      15
      10
      16
      13
      22
       8
      12
      13
      13
      12
       6
       8
      10
       9
      16
      14
       9
       8
      15
      11
       9
       8
      10
      16
      12
      16
      11
       7
      11
      11
      14
       5
       8
      10
       9
      17
      13
      12
       6
      16
       9
      14
       9
      11
      12
       9
      13
      12
      11
      12
      17
      18
       9
      13
      15
      16
       8
       6
      10
      15
       9
       8
       6
      14
       9
      12
      16
      22
      36
      44
      78
     110
     188
     246
     344
     472
     496
     511
     454
     388
     244
     172
      97
      49
      24
      18
      12
       7
       6
      11
       9
       8
      12
      11
       8
      13
      13
      15
       9
      10
       9
      13
      14
       4
       6
      11
      15
       9
      11
      13
      10
      10
      10
      10
       8
       5
       6
       8
       8
       7
       6
      11
      12
       8
      11
       7
       6
      13
      14
      11
      11
       9
       7
       7
       7
       9
       4
      14
       4
       6
       8
      11
       7
       6
       7
      11
       9
       7
       8
       5
      11
       9
       8
      10
      12
       8
      12
      10
       7
      10
       7
       6
       7
       5
       9
      12
       9
       4
       9
      10
      10
      12
       3
       7
       9
       9
       8
       9
       5
       8
       8
      10
       2
       9
       7
       6
       8
      11
       8
       7
       4
       7
       6
      15
       8
       8
      10
      12
       9
      14
      10
      11
      10
       8
       9
       5
       8
       8
       9
      11
       9
       5
       4
       5
      13
       6
       8
       9
      10
      16
       7
       8
       9
       5
       6
      12
       8
       9
       9
       6
       4
       5
      10
       7
       7
       4
       5
       4
      12
       2
       7
       7
       6
       4
       8
       5
       4
       4
       6
       9
       5
       9
       4
       8
       4
       5
       7
      10
       5
       3
       1
       9
       7
       9
       6
       7
      10
      11
       5
       5
      13
      11
       6
      13
       2
      12
       5
       5
      11
       7
       9
       4
       7
       8
       6
       4
       6
      10
       6
      10
      12
      10
       4
       6
       8
       8
       9
       7
       8
       5
       7
       7
       7
       9
       6
       8
       5
      12
       7
       5
       3
       5
       1
      13
       8
      10
       9
       8
       4
      10
       5
       5
       8
       5
       7
       7
       6
       8
       5
       7
      10
      11
       6
       4
      10
       5
       5
       9
       8
      11
      14
      11
      14
      11
      14
      13
       9
       5
       7
       5
       6
       3
       4
       5
       2
       5
       1
       8
       9
       1
       5
       6
       7
       4
       5
       5
       2
       1
      10
       6
       7
       8
       3
       4
       3
      13
      12
       2
       6
       9
       6
       7
       4
       4
       1
       6
       8
       2
       3
       8
       6
       8
       8
       6
      13
       6
       3
       5
       1
       2
       4
       7
       2
       6
       5
       6
       4
       3
       9
      10
       6
       5
       4
       1
       5
       3
       1
       3
       6
       6
       3
       5
       8
       6
       6
       3
       4
       8
       1
       7
       8
       5
       7
       9
       8
       3
       8
       4
       5
       6
       5
       3
       4
       4
       5
       4
       5
       5
       5
       5
       4
       1
       3
       7
       5
       4
       5
       2
       6
       6
       9
       3
      12
       7
       3
       4
      10
       5
       5
       9
       3
       2
       5
       5
       4
       5
       1
       5
       3
      10
       5
       2
       8
       4
       7
      10
      12
      10
      15
      13
      14
      16
      16
       8
       9
      12
       9
       4
       2
       5
       9
       3
       7
       7
       3
       4
       3
       8
       3
       5
       2
       3
      10
       8
       8
       6
       7
       5
       4
       5
       4
       6
       6
       5
       4
       7
       5
       4
       4
       4
       4
       6
       1
       6
       1
       4
       6
       5
       4
       3
       5
       5
       2
       6
       3
       9
       4
       5
       5
       7
       8
       3
       6
       4
       3
       4
       8
       4
       6
       3
       3
       5
       6
       5
       6
       5
       4
       6
       8
       5
       8
       4
       5
       7
       2
       2
       5
       5
       5
       6
       5
       4
       6
       7
       5
       5
       8
       6
       5
       2
       6
       1
       1
       3
       7
       8
       3
       6
       8
       7
       2
       2
       2
       4
       3
       3
       4
       1
       4
       2
       4
       8
       6
       8
       1
       3
       6
       4
       1
       4
       3
       7
       7
       6
       5
       3
       9
       7
       3
       5
       4
       4
       5
       3
       8
       3
       3
       4
       7
       3
       4
       2
       7
       7
       5
       6
       3
       4
       3
       7
       4
       2
       4
       5
       3
       9
       7
       3
       8
       4
       4
       5
       4
       4
       6
       4
       4
       8
       6
       6
       2
       6
       4
       2
       2
       4
       4
       4
       6
       4
       4
       7
       3
       9
       6
       4
       4
       2
       6
       6
       5
       4
       7
       2
       5
       5
       3
      10
       3
       1
       6
       5
       7
       4
       3
       7
       3
       6
       7
       3
       7
       2
       7
       9
       9
      15
      14
      12
      29
      44
      86
     139
     203
     252
     360
     417
     434
     431
     376
     280
     205
     119
      67
      31
      20
      15
       8
       5
      12
       8
       2
       4
       6
       4
       2
       1
       6
       6
       3
       2
       7
       6
       1
       3
       7
       1
       4
       2
       4
       5
       5
       7
       7
       3
       3
       4
       0
       8
       1
       2
       3
       5
       4
       5
       3
       6
       2
       5
       3
       3
       1
       5
       7
       6
       3
       4
       3
       5
       3
       3
       2
       5
       2
       3
       2
       3
       2
       1
       6
       5
       3
       3
       4
       2
       2
       2
       0
       3
       2
       2
       1
       2
       4
       4
       4
       5
       3
       5
       1
       3
       7
       2
       2
       3
       4
       3
       5
       4
       3
       4
       4
       4
       5
       5
       5
       7
       4
       6
       4
       5
       4
       2
       2
       6
       2
       5
       4
       5
       0
       8
       4
       4
       7
       2
       4
       3
       1
       3
       3
       3
       6
       3
       7
       5
       6
       2
       3
       2
       2
       3
       4
       0
       3
       6
       5
       5
       1
       4
       1
       2
       2
       6
       1
       2
       6
       3
       2
       0
       1
       3
       2
       1
       3
       3
       2
       2
       4
       3
       3
       3
       1
       3
       3
       3
       2
       2
       4
       6
       6
      11
       6
       7
       7
       3
       4
       6
       3
       3
       2
       0
       1
       8
       2
       4
       5
       2
       1
       2
       4
       4
       2
      10
       3
       4
       2
       1
       2
       1
       3
       3
       7
       4
       3
       8
       5
       2
       6
       2
       4
       2
       0
       2
       2
       1
       3
       3
       2
       4
       1
       4
       5
       3
       2
       1
       5
       1
       2
       2
       4
       1
       2
       4
       3
       2
       3
       3
       1
       5
       2
       6
       5
       2
       5
       4
       1
       3
       2
       1
       1
       2
       5
       3
       2
       3
       0
       3
       1
       5
       2
       3
       6
       2
       3
       5
       4
       2
       1
       5
       3
       2
       5
       2
       1
       6
       2
       7
       6
       6
       1
       1
       3
       9
       2
       1
       8
       5
       4
       4
       3
       4
       7
       1
       4
       6
       2
       6
       5
       5
       7
       2
       1
       3
       6
       5
       2
       2
       2
       1
       5
       4
       2
       1
       0
       2
       2
       6
       0
       1
       2
       1
       5
       5
       0
       8
       3
       1
       2
       1
       2
       4
       2
       1
       2
       0
       2
       3
       3
       3
       4
       1
       3
       2
       3
       1
       3
       3
       1
       2
       2
       4
       3
       3
       2
       3
       5
       0
       3
       4
       5
       1
       5
       3
       3
       4
       2
       5
       2
       2
       6
       0
       4
       3
       3
       2
       5
       1
       2
       0
       5
       3
       4
       1
       1
       8
       3
       3
       1
       7
       2
       0
       4
       2
       4
       2
       1
       6
       3
       3
       2
       1
       3
       4
       4
       4
       7
       1
       1
       4
       3
       2
       0
       0
       2
       2
       6
       4
       2
       0
       3
       2
       1
       2
       2
       3
       4
       5
       5
       9
       5
       1
       1
       3
       2
       6
       3
       0
       3
       2
       1
       5
       6
       3
       4
       0
       3
       0
       1
       5
       5
       4
       4
       1
       2
       1
       3
       2
       3
       3
       2
       2
       4
       4
       2
       2
       3
       4
       4
       2
       2
       3
       4
       2
       5
       4
       6
       1
       2
       6
       2
       2
       4
       1
       3
       1
       4
       3
       2
       2
       0
       0
       1
       2
       3
       3
       1
       2
       1
       4
       9
       5
       4
       7
      11
      15
      16
      23
      40
      46
      50
      67
      44
      46
      39
      36
      24
      24
       7
       7
       7
       3
       5
       2
       4
       3
       7
       4
       1
       2
       5
       4
       0
       2
       2
       2
       3
       2
       3
       4
       1
       2
       3
       2
       5
       1
       3
       5
       4
       0
       3
       3
       4
       4
       2
       8
       0
       3
       3
       0
       3
       2
       1
       2
       1
       3
       2
       4
       4
       1
       1
       5
       3
       1
       2
       3
       1
       3
       1
       0
       1
       2
       3
       2
       4
       1
       5
       5
       4
       3
       9
       3
       2
       2
       3
       5
       3
       4
       6
       2
       3
       1
       0
       1
       3
       1
       1
       0
       4
       0
       2
       2
       2
       1
       2
       2
       2
       2
       1
       3
       4
       4
       3
       1
       0
       0
       2
       2
       0
       1
       2
       1
       2
       3
       2
       3
       2
       3
       1
       3
       4
       3
       1
       2
       2
       2
       4
       1
       2
       0
       2
       1
       3
       1
       4
       2
       2
       2
       0
       4
       1
       6
       2
       1
       1
       1
       4
       1
       3
       0
       3
       3
       4
       5
       1
       1
       2
       0
       5
       3
       3
       2
       0
       7
       5
       2
       2
       0
       3
       3
       1
       0
       0
       1
       6
       2
       7
       4
       3
       2
       1
       4
       1
       3
       2
       2
       6
       3
       7
       3
       6
       2
       7
       1
       3
       2
       3
       2
       1
       3
       3
       3
       1
       2
       1
       4
       1
       0
       5
       1
       1
       3
       1
       1
       4
       3
       3
       1
       1
       4
       2
       3
       2
       2
       4
       4
       2
       2
       2
       4
       5
       6
       0
       3
       2
       1
       2
       3
       2
       3
       0
       1
       5
       0
       1
       0
       0
       3
       0
       3
       2
       6
       2
       3
       4
       1
       0
       5
       1
       1
       2
       3
       3
       1
       1
       0
       3
       3
       0
       3
       0
       0
       1
       4
       4
       4
       1
       0
       2
       2
       0
       0
       4
       1
       1
       2
       3
       3
       4
       1
       1
       1
       3
       0
       0
       1
       3
       1
       1
       2
       3
       3
       3
       3
       0
       5
       3
       5
       0
       6
       3
       3
       1
       0
       2
       3
       1
       3
       2
       4
       2
       5
       3
       1
       4
       3
       1
       2
       4
       0
       3
       0
       0
       4
       1
       2
       1
       0
       2
       6
       3
       1
       2
       2
       5
       2
       2
       0
       2
       4
       1
       2
       4
       2
       3
       1
       1
       1
       0
       2
       0
       3
       1
       2
       0
       1
       3
       1
       2
       3
       3
       3
       2
       1
       0
       2
       0
       2
       2
       4
       6
       2
       1
       3
       3
       2
       0
       1
       0
       2
       0
       1
       2
       3
       3
       3
       3
       3
       2
       1
       3
       4
       2
       1
       2
       5
       1
       4
       2
       0
       4
       2
       2
       1
       2
       4
       1
       3
       1
       4
       0
       2
       5
       2
       2
       0
       2
       1
       0
       2
       0
       1
       1
       3
       3
       3
       4
       4
       2
       1
       1
       2
       3
       2
       3
       2
       1
       4
       2
       2
       2
       1
       0
       0
       2
       0
       1
       2
       2
       2
       0
       0
       1
       4
       0
       0
       1
       3
       3
       1
       1
       2
       1
       2
       4
       2
       3
       3
       3
       1
       3
       1
       4
       1
       0
       2
       2
       5
       2
       0
       1
       1
       2
       2
       1
       3
       0
       5
       3
       3
       2
       2
       1
       0
       1
       2
       2
       4
       7
       0
       4
       3
       0
       2
       0
       6
       3
       3
       2
       1
       0
       3
       3
       0
       1
       3
       3
       3
       2
       3
       7
       2
       2
       3
       6
       1
       0
       1
       3
       1
       2
       1
       0
       1
       0
       0
       1
       5
       4
       3
       1
       1
       2
       0
       3
       2
       1
       4
       3
       2
       1
       0
       2
       1
       0
       1
       1
       2
       1
       3
       1
       2
       1
       1
       4
       2
       1
       0
       0
       0
       2
       1
       4
       1
       0
       0
       3
       1
       2
       1
       2
       0
       1
       1
       1
       2
       1
       3
       2
       2
       2
       1
       2
       1
       2
       2
       1
       0
       0
       4
       2
       3
       2
       1
       2
       0
       2
       2
       1
       1
       1
       2
       0
       1
       2
       2
       3
       2
       1
       1
       4
       3
       3
       4
       3
       2
       1
       0
       2
       3
       3
       2
       3
       1
       1
       0
       2
       4
       3
       3
       3
       2
       1
       0
       2
       6
       0
       1
       0
       2
       4
       0
       2
       3
       0
       5
       1
       2
       0
       3
       2
       1
       2
       1
       0
       4
       2
       2
       1
       0
       3
       3
       5
       2
       4
       3
       2
       3
       1
       0
       1
       0
       2
       3
       3
       0
       2
       1
       4
       3
       2
       3
       0
       6
       1
       1
       2
       3
       2
       3
       7
       1
       0
       0
       1
       3
       1
       0
       2
       1
       1
       2
       1
       1
       1
       1
       1
       2
       3
       1
       2
       0
       2
       1
       1
       2
       3
       0
       0
       1
       0
       0
       0
       2
       1
       3
       3
       1
       1
       1
       0
       4
       3
       0
       2
       3
       2
       0
       3
       1
       2
       2
       3
       1
       1
       0
       2
       1
       1
       1
       0
       2
       2
       0
       2
       0
       0
       0
       1
       2
       3
       0
       2
       1
       1
       1
       0
       0
       3
       4
       1
       2
       2
       0
       2
       4
       1
       2
       3
       1
       1
       2
       2
       1
       3
       1
       1
       2
       2
       3
       3
       2
       0
       2
       2
       2
       1
       2
       6
       1
       1
       1
       0
       3
       2
       1
       1
       1
       1
       1
       1
       3
       1
       1
       2
       1
       2
       1
       1
       2
       1
       0
       2
       1
       2
       1
       1
       4
       5
       1
       2
       2
       2
       2
       0
       4
       2
       0
       5
       0
       1
       1
       1
       1
       1
       4
       3
       4
       1
       1
       3
       2
       1
       0
       1
       0
       1
       3
       0
       1
       2
       3
       1
       3
       3
       0
       2
       0
       0
       2
       1
       1
       2
       2
       2
       1
       0
       1
       3
       3
       2
       4
       2
       0
       1
       2
       1
       1
       1
       1
       4
       0
       0
       3
       2
       3
       2
       0
       2
       0
       2
       1
       1
       2
       1
       2
       1
       1
       0
       1
       1
       2
       2
       1
       2
       2
       0
       0
       1
       0
       0
       3
       2
       1
       4
       0
       1
       2
       0
       4
       0
       1
       1
       1
       1
       1
       3
       2
       0
       0
       3
       0
       0
       0
       1
       1
       0
       3
       0
       1
       0
       2
       2
       0
       3
       1
       0
       1
       4
       2
       2
       0
       1
       2
       1
       1
       1
       1
       1
       5
       3
       3
       3
       0
       1
       1
       3
       1
       2
       0
       3
       2
       1
       0
       1
       1
       3
       2
       1
       1
       1
       1
       0
       4
       0
       2
       2
       0
       0
       2
       1
       2
       2
       0
       1
       2
       0
       1
       1
       1
       1
       1
       1
       0
       0
       0
       1
       0
       1
       2
       0
       3
       2
       3
       2
       1
       3
       2
       0
       1
       1
       1
       4
       3
       3
       2
       1
       1
       3
       1
       0
       1
       4
       1
       1
       0
       3
       0
       3
       0
       2
       3
       1
       1
       3
       1
       0
       2
       0
       2
       2
       0
       2
       3
       1
       3
       4
       5
       1
       3
       3
       4
       3
       2
       3
       1
       2
       3
       2
       1
       1
       0
       0
       2
       4
       3
       4
       1
       1
       1
       0
       1
       1
       1
       0
       1
       2
       0
       1
       0
       0
       1
       1
       1
       0
       1
       0
       1
       3
       0
       2
       0
       2
       1
       1
       1
       2
       0
       1
       3
       0
       0
       2
       3
       2
       1
       0
       0
       0
       1
       1
       0
       1
       1
       0
       2
       0
       1
       0
       5
       1
       1
       1
       0
       1
       0
       3
       2
       2
       0
       0
       2
       4
       1
       1
       1
       0
       2
       1
       1
       1
       1
       1
       0
       1
       3
       0
       2
       1
       1
       2
       0
       1
       2
       0
       0
       0
       0
       1
       1
       1
       1
       2
       2
       1
       2
       3
       1
       0
       0
       1
       1
       5
       0
       0
       4
       1
       0
       1
       3
       0
       1
       2
       1
       8
       7
       6
      15
      13
      14
      11
      12
       9
      10
      12
       8
       8
       1
       1
       4
       1
       0
       0
       1
       1
       2
       2
       2
       0
       0
       0
       2
       0
       1
       2
       0
       0
       1
       1
       0
       2
       0
       0
       0
       3
       1
       3
       1
       1
       3
       0
       1
       1
       3
       1
       3
       2
       1
       2
       1
       3
       4
       0
       3
       0
       0
       3
       3
       5
       1
       2
       2
       2
       0
       5
       2
       1
       2
       1
       4
       0
       1
       4
       0
       1
       1
       1
       0
       1
       0
       0
       1
       1
       2
       0
       3
       1
       0
       3
       2
       0
       1
       1
       3
       3
       3
       0
       1
       2
       2
       0
       3
       2
       1
       1
       4
       2
       5
       1
       0
       2
       3
       4
       1
       0
       0
       0
       1
       1
       1
       1
       2
       0
       0
       1
       2
       0
       3
       1
       1
       1
       3
       0
       0
       0
       0
       0
       2
       2
       0
       0
       1
       1
       0
       2
       3
       2
       1
       3
       0
       1
       1
       0
       0
       1
       0
       2
       1
       2
       0
       1
       2
       1
       1
       1
       2
       2
       1
       1
       3
       0
       2
       2
       1
       0
       3
       1
       0
       1
       1
       0
       1
       1
       0
       2
       2
       1
       2
       2
       0
       2
       1
       1
       2
       0
       0
       1
       0
       2
       0
       0
       1
       1
       0
       1
       1
       1
       2
       0
       0
       0
       1
       0
       1
       1
       2
       0
       0
       0
       0
       0
       0
       0
       3
       2
       2
       0
       3
       0
       1
       1
       1
       1
       0
       0
       1
       1
       0
       0
       1
       4
       1
       2
       2
       3
       1
       7
       2
       0
       0
       2
       0
       0
       2
       1
       2
       2
       1
       0
       1
       1
       1
       1
       0
       2
       0
       1
       1
       0
       0
       0
       2
       0
       0
       1
       1
       0
       3
       0
       0
       0
       0
       0
       1
       4
       0
       4
       0
       3
       3
       1
       0
       0
       1
       2
       0
       2
       3
       0
       1
       1
       2
       3
       1
       0
       1
       0
       3
       1
       0
       2
       0
       1
       2
       0
       3
       1
       0
       0
       1
       2
       2
       0
       2
       1
       1
       0
       1
       0
       1
       0
       0
       4
       0
       1
       3
       3
       4
       2
       1
       2
       3
       2
       1
       2
       1
       0
       2
       0
       1
       1
       2
       0
       0
       1
       0
       1
       0
       1
       2
       2
       2
       1
       1
       2
       1
       4
       1
       2
       3
       1
       2
       1
       0
       1
       0
       0
       4
       1
       1
       3
       1
       0
       4
       1
       3
       0
       2
       2
       1
       2
       1
       3
       1
       1
       1
       0
       0
       2
       0
       2
       0
       4
       0
       1
       1
       2
       1
       2
       0
       1
       1
       0
       2
       0
       3
       1
       0
       0
       1
       1
       0
       0
       0
       1
       1
       1
       0
       3
       1
       2
       2
       0
       0
       1
       0
       0
       3
       1
       0
       0
       2
       1
       0
       1
       0
       1
       1
       0
       1
       0
       0
       1
       3
       1
       0
       0
       0
       3
       2
       1
       1
       0
       0
       0
       1
       1
       0
       4
       0
       0
       2
       2
       0
       1
       0
       1
       3
       0
       3
       1
       1
       0
       2
       0
       0
       2
       1
       1
       1
       1
       0
       0
       1
       0
       2
       1
       3
       1
       0
       2
       0
       2
       0
       1
       2
       2
       2
       2
       0
       2
       2
       1
       1
       4
       1
       1
       0
       1
       0
       0
       4
       1
       1
       1
       1
       4
       3
       1
       1
       0
       3
       0
       0
       0
       1
       4
       2
       0
       1
       2
       0
       0
       1
       1
       0
       0
       0
       1
       1
       3
       1
       1
       0
       1
       1
       1
       0
       2
       0
       0
       1
       2
       2
       1
       0
       0
       2
       1
       0
       0
       1
       0
       0
       1
       2
       0
       1
       1
       2
       0
       0
       1
       1
       1
       1
       2
       1
       0
       3
       2
       2
       1
       1
       0
       1
       0
       1
       0
       2
       1
       1
       2
       2
       2
       0
       0
       1
       2
       0
       2
       2
       0
       0
       0
       1
       1
       2
       2
       1
       1
       2
       0
       1
       1
       2
       0
       1
       1
       3
       1
       2
       1
       0
       1
       1
       0
       0
       0
       0
       0
       1
       0
       2
       2
       1
       2
       0
       1
       0
       1
       2
       2
       3
       1
       0
       0
       0
       1
       0
       0
       2
       1
       2
       1
       2
       0
       1
       2
       2
       0
       0
       0
       1
       1
       0
       1
       0
       1
       0
       0
       0
       0
       1
       0
       0
       0
       0
       2
       2
       2
       1
       0
       3
       1
       1
       0
       1
       1
       3
       2
       0
       0
       1
       1
       1
       1
       1
       2
       1
       0
       2
       1
       4
       2
       1
       0
       1
       0
       0
       2
       3
       2
       0
       2
       0
       1
       0
       2
       1
       2
       1
       1
       2
       2
       1
       2
       2
       1
       1
       0
       1
       0
       3
       1
       1
       0
       0
       2
       0
       0
       1
       0
       2
       0
       4
       0
       0
       0
       0
       3
       3
       1
       1
       2
       1
       1
       1
       0
       1
       0
       0
       3
       0
       2
       0
       1
       1
       1
       0
       0
       1
       2
       1
       2
       0
       1
       1
       3
       0
       0
       2
       2
       1
       0
       2
       3
       1
       1
       2
       1
       1
       1
       0
       1
       0
       1
       1
       1
       1
       1
       0
       2
       0
       1
       1
       3
       1
       0
       2
       0
       0
       0
       1
       3
       1
       0
       1
       4
       1
       1
       0
       2
       0
       0
       2
       1
       0
       2
       1
       1
       1
       2
       2
       0
       0
       0
       0
       1
       1
       1
       1
       0
       0
       0
       2
       2
       0
       2
       0
       2
       1
       3
       1
       0
       2
       3
       3
       0
       0
       0
       0
       0
       0
       0
       0
       0
       0
       0
       0
       0
       0
       0
       0
       0
       0
       0
       0
       0
       0
       0
       0
       0
       0
       0
       0
       0
       0
       0
       0
       0
       0
       0
       0
       0
       0
       0
       0
       0
       0
       0
       0
       0
       0
       0
       0
       0
       0
       0
       0
       0
       0
       0
       0
       0
       0
       0
       0
       0
       0
       0
       0
       0
       0
       0
       0
       0
       0
       0
       0
       0
       0
       0
       0
       0
       0
       0
       0
       0
       0
       0
       0
       0
       0
       0
       0
       0
       0
       0
       0
       0
       0
       0
       0
       0
       0
       0
       0
       0
       0
       0
       0
       0
       0
       0
       0
       0
       0
       0
       0
       0
       0
       0
       0
       0
       0
       0
       0
       0
       0
       0
       0
       0
       0
       0
       0
       0
       0
$ROI:
2
1936 2287
5338 5513
$PRESETS:
Integral
500000
0
$ENER_FIT:
0.000000 0.245432
$MCA_CAL:
3
0.000000E+000 2.454316E-001 0.000000E+000 keV
$SHAPE_CAL:
3
7.465718E+000 0.000000E+000 0.000000E+000
