$SPEC_ID:
No sample description was entered.
$SPEC_REM:
DET# 1
DETDESC# BUNCHER Easy-MCA-8k SN 9051292
AP# Maestro Version 6.08
$DATE_MEA:
07/26/2019 11:57:34
$MEAS_TIM:
393 482
$DATA:
0 8191
       0
       0
       0
       0
       0
       0
       0
       0
       0
       0
       0
       0
       0
       0
       0
       0
       0
       0
       0
       1
       6
      35
     317
    1164
    2279
    3506
    4403
   11868
    5707
     314
     135
     115
     295
    1021
    1778
    2046
    2023
    1825
    1616
    1528
    1500
    1426
    1436
    1476
    1418
    1502
    1450
    1393
    1400
    1416
    1456
    1369
    1445
    1408
    1343
    1415
    1286
    1329
    1240
    1297
    1304
    1245
    1242
    1255
    1194
    1231
    1207
    1218
    1261
    1249
    1160
    1166
    1215
    1189
    1142
    1110
    1162
    1129
    1144
    1077
    1120
    1060
    1074
    1107
    1162
    1062
    1119
    1097
    1081
    1081
    1081
    1058
    1119
    1024
    1035
    1019
    1046
    1047
    1057
    1049
    1030
    1040
    1025
    1042
    1014
    1000
    1026
    1033
    1017
     956
     963
     972
     969
     988
    1001
     973
     985
    1056
     909
     981
     908
     929
     947
     972
     974
     961
     923
     929
     873
     940
     934
     903
     967
     916
     895
     896
     992
     954
     895
     935
     946
     959
     949
     867
     906
     914
     928
     875
     927
     924
     869
     863
     881
     899
     909
     900
     822
     885
     918
     874
     927
     905
     863
     899
     923
     890
     900
     842
     867
     827
     905
     877
     860
     915
     878
     856
     890
     833
     878
     853
     836
     912
     870
     843
     875
     874
     890
     837
     843
     854
     884
     885
     894
     904
     837
     907
     850
     835
     818
     810
     854
     883
     819
     881
     889
     834
     946
     862
     840
     899
     860
     860
     853
     906
     898
     893
     907
     880
     906
     882
     903
     916
     874
     905
     906
     900
     836
     865
     926
     836
     868
     850
     921
     897
     906
     866
     910
     945
     884
     908
     881
     854
     947
     879
     860
     842
     898
     891
     907
     926
     872
     872
     865
     864
     920
     939
     914
     909
     918
     940
     949
     899
     950
     949
     951
     929
     918
     905
     908
     928
     938
     954
     905
     943
     949
     936
     975
     943
     975
     933
     954
     990
     932
     975
     973
     923
     930
    1004
     978
     992
     972
    1044
    1058
    1088
    1133
    1016
     998
     975
     980
    1078
    1118
    1152
    1168
    1192
    1054
    1032
     943
     985
     984
     996
     972
    1067
     984
    1003
     998
     999
    1005
     996
    1033
     966
    1066
     999
     965
     998
    1016
    1007
     989
    1028
     967
     988
    1018
    1034
    1074
    1030
    1036
    1080
    1084
     990
    1076
    1068
    1157
    1243
    1268
    1268
    1172
    1119
    1080
    1079
    1080
    1065
    1104
    1059
    1128
    1125
    1160
    1059
    1114
    1076
     995
    1011
    1080
    1097
    1122
    1109
    1081
    1107
    1123
    1164
    1100
    1076
    1048
    1143
    1085
    1160
    1118
    1110
    1066
    1083
    1134
    1158
    1087
    1090
    1134
    1135
    1133
    1125
    1126
    1151
    1135
    1106
    1154
    1140
    1195
    1185
    1184
    1182
    1122
    1081
    1110
    1102
    1108
    1135
    1093
    1125
    1164
    1104
    1197
    1139
    1107
    1157
    1123
    1207
    1209
    1210
    1172
    1148
    1236
    1127
    1159
    1221
    1176
    1146
    1262
    1247
    1203
    1217
    1221
    1247
    1157
    1182
    1195
    1197
    1204
    1181
    1278
    1194
    1265
    1189
    1248
    1243
    1281
    1245
    1258
    1197
    1186
    1298
    1212
    1278
    1265
    1215
    1209
    1262
    1231
    1189
    1162
    1186
    1180
    1219
    1224
    1229
    1302
    1277
    1282
    1226
    1243
    1214
    1239
    1268
    1191
    1233
    1229
    1302
    1183
    1282
    1313
    1206
    1242
    1262
    1215
    1270
    1139
    1218
    1270
    1242
    1192
    1268
    1214
    1182
    1225
    1268
    1225
    1227
    1159
    1225
    1248
    1283
    1203
    1209
    1260
    1258
    1157
    1231
    1205
    1188
    1264
    1244
    1234
    1224
    1242
    1168
    1172
    1239
    1175
    1199
    1261
    1265
    1154
    1242
    1221
    1248
    1234
    1215
    1189
    1242
    1196
    1235
    1229
    1195
    1272
    1274
    1217
    1187
    1197
    1230
    1166
    1226
    1214
    1251
    1208
    1174
    1267
    1233
    1216
    1230
    1179
    1238
    1252
    1172
    1151
    1165
    1213
    1249
    1256
    1160
    1183
    1162
    1239
    1169
    1225
    1166
    1152
    1202
    1170
    1196
    1160
    1192
    1192
    1171
    1254
    1205
    1215
    1235
    1203
    1171
    1177
    1160
    1200
    1205
    1190
    1146
    1163
    1125
    1231
    1163
    1124
    1233
    1247
    1187
    1178
    1184
    1137
    1165
    1181
    1153
    1171
    1214
    1168
    1154
    1165
    1136
    1170
    1165
    1234
    1179
    1108
    1149
    1180
    1180
    1183
    1170
    1168
    1188
    1116
    1194
    1085
    1183
    1206
    1174
    1184
    1177
    1150
    1107
    1158
    1159
    1168
    1174
    1132
    1150
    1139
    1196
    1178
    1165
    1185
    1152
    1164
    1119
    1182
    1115
    1177
    1171
    1128
    1084
    1251
    1193
    1182
    1116
    1211
    1190
    1168
    1100
    1179
    1154
    1148
    1191
    1166
    1184
    1108
    1112
    1186
    1170
    1119
    1193
    1162
    1150
    1194
    1222
    1130
    1200
    1174
    1180
    1153
    1176
    1175
    1138
    1178
    1174
    1115
    1160
    1115
    1176
    1185
    1159
    1122
    1173
    1182
    1204
    1187
    1231
    1172
    1190
    1095
    1259
    1195
    1256
    1136
    1209
    1198
    1250
    1117
    1256
    1258
    1270
    1177
    1283
    1236
    1225
    1254
    1254
    1276
    1247
    1213
    1206
    1181
    1195
    1262
    1174
    1189
    1181
    1193
    1200
    1213
    1163
    1225
    1148
    1205
    1161
    1183
    1136
    1186
    1143
    1175
    1189
    1055
    1097
    1172
    1218
    1156
    1138
    1130
    1153
    1119
    1115
    1067
    1091
    1106
    1117
    1082
    1170
    1103
    1080
    1067
    1107
    1048
    1082
    1082
    1129
    1135
    1147
    1081
    1109
    1067
    1130
    1066
    1070
    1077
    1013
    1064
    1063
    1058
    1067
    1015
    1103
    1072
    1022
    1052
    1003
    1013
    1075
    1012
    1013
     986
    1036
    1083
     993
    1080
    1031
    1008
    1039
     974
     961
    1017
    1043
    1027
    1009
     935
     999
    1050
     991
     943
    1021
    1039
    1037
     986
     982
     978
    1000
    1003
     980
    1002
     942
    1031
     998
    1019
     986
     976
     980
     956
     947
     951
     960
     952
     955
     998
     959
    1008
     998
     931
     923
    1001
     957
     988
     982
     983
     924
     976
     963
    1011
     984
     962
     981
     930
     899
     951
     989
     908
     988
     938
     974
     929
     933
     933
     916
     878
     912
     938
     980
     864
     957
     923
     874
     990
     929
     942
     927
     921
     934
     917
     906
     920
     985
     926
     994
     933
     942
     916
     939
     859
     935
     927
     956
     903
     888
     927
     894
     909
     914
     922
     911
     917
     923
     892
     978
     885
     910
     918
     912
     970
     918
     921
     870
     856
     861
     882
     978
     955
     871
     890
     862
     917
     891
     863
     929
     936
     905
     888
     939
     910
     916
     881
     834
     916
     925
     969
     932
     898
     895
     949
     933
     878
     861
     893
     832
     893
     878
     877
     907
     906
     923
     954
     893
     862
     890
     921
     862
     910
     907
     898
     907
     869
     894
     885
     905
     845
     898
     946
     953
     885
     859
     873
     947
     859
     889
     873
     885
     888
     879
     897
     850
     925
     954
     863
     904
     946
     951
     924
     893
     901
     919
     882
     877
     867
     875
     892
     960
     914
     871
     876
     875
     909
     877
     838
     885
     866
     885
     918
     927
     840
     898
     910
     908
     886
     874
     857
     896
     868
     877
     892
     893
     917
     896
     872
     891
     857
     884
     869
     908
     891
     904
     903
     898
     877
     869
     912
     880
     911
     904
     883
     932
     871
     935
     845
     873
     903
     948
     920
     878
     904
     876
     900
     943
     877
     915
     896
     895
     927
     846
     931
     869
     872
     915
     874
     875
     860
     898
     903
     961
     892
     910
     825
     922
     912
     882
     938
     871
     896
     866
     942
     900
     908
     856
     858
     902
     901
     930
     884
     948
     895
     882
     879
     863
     905
     882
     899
     891
     853
     903
     935
     846
     948
     918
     872
     890
     862
     927
     907
     903
     935
     882
     905
     894
     901
     885
     921
     942
     903
     889
     944
     909
     939
     900
     934
     945
     914
     889
     920
     959
     863
     956
     952
     917
     946
     895
     930
     933
     987
     909
     929
     907
     920
     910
     946
     892
     910
     869
     898
     882
     898
     916
     911
     968
     888
     921
     940
     882
     919
     905
     859
     852
     897
     890
     866
     895
     928
     963
     973
     927
     917
     860
     873
     896
     872
     934
     974
     943
     901
     919
     923
     896
     933
     921
     966
     927
     916
     952
     980
     939
     933
     895
     984
     964
     984
     940
     936
     950
     962
     884
    1001
     891
     943
     890
     947
     953
     981
     986
     918
     892
     962
     993
     945
    1027
    1014
     944
     951
     955
     910
     994
     922
     966
     981
     893
     907
     946
    1041
     972
     951
     944
     987
     960
     925
     926
     971
     945
     922
     960
     987
     920
     950
     977
     981
     991
     907
     926
     935
     952
     940
    1000
     969
     963
     982
     962
     959
     965
     971
     963
     980
     965
     974
     986
     951
    1015
     966
     970
     966
     980
     958
    1023
    1019
     975
    1008
    1023
    1049
    1007
     932
    1031
    1027
     968
     960
    1002
    1014
     969
    1006
     982
    1079
    1030
    1039
    1004
    1013
     946
    1015
    1000
     978
    1023
    1044
     961
     978
    1054
     960
     988
    1064
    1064
    1073
    1023
    1009
    1009
    1021
    1019
    1055
    1033
    1047
    1023
    1025
     993
    1052
     994
    1091
    1019
    1028
    1074
    1054
    1041
    1030
    1031
    1023
    1036
     990
    1031
     985
    1037
     999
    1065
    1051
    1001
     990
    1021
    1101
     959
    1043
    1061
    1081
    1060
    1030
    1075
    1049
    1066
    1048
    1069
    1132
    1048
    1058
    1082
    1060
    1085
    1040
    1040
    1056
    1063
    1028
    1077
    1048
    1115
    1075
    1049
    1039
    1013
    1018
    1083
    1029
    1049
    1045
    1063
    1008
    1027
    1077
    1046
    1069
    1045
    1058
    1071
    1025
    1031
    1083
    1035
    1007
    1019
     990
    1017
    1013
    1025
     976
    1039
     999
     934
     982
     908
     975
     875
     946
     876
     870
     901
     897
     885
     875
     826
     871
     840
     840
     835
     844
     830
     817
     819
     795
     760
     804
     755
     727
     788
     780
     764
     745
     739
     778
     695
     737
     695
     700
     700
     717
     695
     729
     697
     750
     704
     696
     740
     716
     723
     714
     720
     733
     709
     682
     758
     720
     690
     705
     696
     712
     651
     717
     681
     680
     625
     637
     672
     684
     655
     714
     676
     679
     639
     644
     647
     638
     665
     619
     656
     646
     662
     659
     637
     637
     646
     676
     623
     682
     623
     642
     610
     660
     652
     622
     590
     660
     644
     574
     611
     583
     609
     654
     594
     555
     613
     617
     596
     608
     577
     589
     602
     600
     588
     635
     561
     550
     621
     572
     607
     627
     602
     601
     591
     607
     574
     614
     581
     574
     586
     609
     586
     619
     586
     546
     541
     587
     578
     525
     559
     543
     571
     540
     533
     529
     538
     604
     559
     521
     552
     571
     573
     566
     569
     563
     545
     548
     536
     547
     516
     534
     498
     545
     528
     521
     499
     533
     528
     509
     511
     535
     523
     545
     531
     551
     534
     495
     581
     496
     540
     529
     515
     530
     534
     547
     496
     530
     498
     479
     524
     539
     516
     481
     501
     472
     532
     523
     508
     502
     502
     491
     543
     450
     515
     501
     500
     469
     487
     515
     480
     526
     498
     510
     479
     495
     448
     464
     500
     478
     469
     461
     435
     492
     458
     451
     470
     492
     480
     461
     470
     463
     414
     441
     465
     503
     438
     482
     451
     486
     472
     458
     434
     482
     449
     475
     491
     459
     430
     463
     469
     468
     441
     471
     449
     440
     473
     472
     473
     449
     434
     443
     474
     449
     462
     452
     422
     438
     444
     481
     477
     400
     432
     410
     421
     423
     416
     471
     459
     387
     462
     437
     405
     429
     443
     449
     431
     411
     434
     400
     391
     407
     421
     409
     405
     427
     420
     398
     395
     430
     453
     415
     425
     433
     407
     458
     423
     404
     420
     474
     441
     399
     408
     396
     405
     423
     408
     388
     427
     413
     430
     407
     440
     404
     389
     408
     383
     381
     424
     420
     418
     404
     423
     421
     435
     430
     394
     427
     387
     421
     411
     414
     421
     407
     409
     401
     435
     406
     431
     423
     421
     424
     396
     424
     395
     401
     428
     393
     401
     404
     429
     404
     388
     397
     423
     395
     427
     401
     409
     403
     422
     413
     410
     415
     380
     407
     403
     390
     368
     439
     413
     413
     426
     376
     419
     368
     376
     405
     393
     370
     415
     379
     424
     397
     385
     370
     375
     398
     379
     416
     391
     372
     422
     395
     370
     432
     399
     419
     434
     351
     384
     368
     383
     403
     407
     425
     429
     451
     411
     424
     387
     421
     396
     411
     371
     399
     389
     383
     426
     432
     407
     355
     397
     389
     384
     391
     408
     419
     388
     397
     386
     390
     383
     391
     387
     388
     421
     423
     407
     405
     395
     414
     380
     390
     362
     383
     403
     394
     423
     418
     412
     417
     379
     401
     403
     388
     379
     421
     388
     388
     392
     401
     402
     424
     368
     400
     352
     399
     367
     369
     368
     332
     383
     373
     369
     363
     336
     350
     381
     388
     389
     402
     374
     391
     367
     398
     375
     382
     417
     381
     373
     389
     384
     374
     362
     363
     401
     399
     445
     400
     381
     369
     381
     414
     381
     395
     402
     380
     377
     353
     434
     387
     398
     389
     399
     374
     388
     397
     372
     369
     378
     365
     360
     385
     422
     396
     368
     395
     393
     375
     376
     367
     365
     395
     352
     371
     375
     413
     375
     377
     400
     356
     351
     404
     314
     367
     387
     378
     385
     347
     377
     412
     367
     375
     359
     374
     371
     379
     406
     381
     337
     389
     349
     359
     390
     362
     352
     371
     344
     389
     381
     381
     397
     365
     368
     391
     384
     343
     378
     376
     376
     365
     370
     369
     387
     347
     349
     376
     372
     337
     341
     352
     374
     360
     352
     393
     389
     355
     407
     384
     369
     365
     371
     383
     362
     402
     362
     360
     403
     385
     369
     395
     406
     361
     383
     373
     388
     363
     382
     346
     354
     343
     356
     402
     388
     369
     389
     374
     357
     378
     344
     381
     381
     385
     353
     343
     368
     383
     377
     357
     381
     379
     381
     381
     371
     361
     364
     380
     388
     383
     367
     384
     360
     384
     372
     365
     431
     371
     382
     411
     406
     409
     372
     421
     421
     444
     446
     463
     447
     517
     517
     544
     648
     687
     792
     959
    1086
    1297
    1647
    1997
    2494
    3161
    3954
    4928
    6332
    7802
    9938
   12252
   15067
   18129
   21617
   24721
   26917
   28794
   29656
   29203
   28068
   25661
   22636
   19247
   15994
   12901
   10248
    8227
    6354
    5122
    3994
    3012
    2462
    1983
    1464
    1222
     921
     844
     665
     570
     443
     390
     375
     350
     302
     294
     296
     264
     265
     234
     216
     238
     189
     219
     192
     189
     178
     169
     204
     184
     184
     174
     174
     176
     192
     184
     176
     167
     185
     189
     161
     154
     151
     176
     147
     138
     172
     146
     156
     142
     146
     147
     136
     140
     129
     146
     134
     119
     146
     137
     131
     145
     128
     150
     151
     127
     136
     127
     103
     125
     133
     147
     119
     123
     107
     143
     115
     115
     117
     105
     108
     115
     120
     109
     109
     152
     120
     110
     108
     119
     106
     105
     106
     119
     113
     117
      96
     115
     122
     110
     101
     115
     119
     122
     115
     112
     108
     105
     122
     109
     110
     108
     114
     108
     111
     112
     108
     135
     103
     110
      94
      91
      86
     105
     114
     113
      94
     113
     106
     111
      89
     107
      98
      96
     102
     102
     100
      96
      94
     120
     110
      92
      94
      95
      94
     111
     109
      92
      99
      82
     112
      81
      83
     102
     102
      82
      71
     114
      83
      90
      89
      93
     101
      93
     106
     104
     109
     102
      91
      79
      91
      99
     103
     120
      96
      94
      86
      86
     100
      96
      78
     110
     101
      96
      99
      98
      84
      83
      97
      84
      95
      78
      89
      78
      87
      90
      85
      88
      97
     100
      88
     101
      93
      88
     102
      94
      88
      82
      81
      89
      82
      77
      98
      89
      82
      91
      95
      88
      84
     101
      76
      71
      78
      86
      78
      76
      89
      87
      81
      87
      74
      87
      83
      84
      87
      83
      96
      99
      80
      84
      78
      79
      80
      71
      91
      72
     108
      73
      85
      80
      66
      69
      78
      68
      77
      79
      76
      79
      86
      86
      73
      85
      85
      82
      65
      86
     102
      65
      66
      77
      79
      72
      88
      76
      76
      86
      75
      68
      64
      83
      81
      96
      75
      71
      87
      84
      70
      90
      78
      85
     110
      85
      71
      92
      63
      70
      63
      82
      77
      84
      80
      80
      77
      67
      67
      77
      70
      80
      61
      79
      72
      73
      76
      72
      76
      80
      76
      90
      86
      78
      67
      84
      73
      85
      75
      75
      75
      84
      76
      84
      64
      75
      74
      65
      68
      74
      65
      75
      77
      70
      68
      87
      67
      78
      69
      73
      89
      85
      76
      56
      76
      82
      79
      82
      80
      74
      61
      81
      79
      78
      63
      66
      67
      77
      87
      84
      85
      78
      84
      72
      64
      65
      75
      77
      76
      64
      75
      79
     101
      63
      77
      89
      81
      65
      81
      81
      84
     104
      95
     114
     120
      92
      92
      80
      81
      74
      66
      78
      72
      63
      56
      78
      67
      66
      81
      72
      62
      64
      61
      49
      69
      71
      57
      58
      69
      81
      62
      66
      56
      59
      67
      69
      54
      73
      56
      68
      57
      63
      84
      81
      61
      52
      51
      67
      55
      73
      74
      52
      65
      67
      65
      62
      54
      52
      59
      56
      59
      60
      71
      53
      67
      66
      75
      69
      63
      69
      75
      83
      74
      56
      55
      70
      72
      69
      69
      76
      96
      78
      58
      69
      74
      59
      60
      61
      66
      78
      47
      68
      59
      69
      63
      56
      67
      59
      54
      58
      65
      58
      67
      59
      68
      48
      63
      65
      56
      47
      71
      56
      64
      64
      57
      41
      57
      47
      68
      72
      50
      58
      69
      57
      63
      56
      65
      62
      47
      61
      73
      61
      65
      66
      49
      57
      64
      62
      61
      60
      51
      55
      58
      65
      58
      63
      66
      60
      43
      72
      48
      52
      65
      63
      54
      63
      61
      54
      61
      57
      65
      76
      60
      44
      61
      43
      63
      52
      54
      44
      69
      47
      41
      39
      51
      63
      60
      61
      48
      48
      70
      70
      52
      44
      49
      50
      63
      58
      66
      69
      54
      58
      62
      55
      72
      58
      46
      62
      61
      50
      62
      51
      55
      65
      58
      53
      50
      44
      64
      51
      49
      49
      49
      47
      55
      47
      65
      63
      58
      54
      51
      46
      56
      57
      59
      37
      49
      63
      71
      64
      55
      66
      55
      51
      62
      54
      53
      42
      52
      49
      53
      53
      60
      45
      64
      67
      45
      56
      50
      59
      58
      32
      70
      48
      51
      49
      53
      52
      68
      57
      37
      58
      56
      50
      52
      49
      55
      44
      51
      53
      48
      52
      46
      50
      36
      41
      41
      50
      50
      55
      55
      55
      55
      33
      52
      60
      54
      57
      50
      58
      53
      54
      55
      63
      60
      47
      49
      48
      47
      33
      49
      47
      46
      48
      59
      47
      57
      52
      56
      46
      58
      48
      59
      47
      55
      43
      44
      51
      53
      52
      46
      56
      49
      50
      52
      44
      37
      60
      49
      51
      48
      47
      55
      49
      45
      58
      51
      50
      59
      47
      48
      55
      48
      56
      46
      49
      44
      31
      39
      44
      55
      55
      48
      39
      46
      54
      51
      53
      44
      44
      38
      45
      50
      48
      35
      34
      46
      33
      50
      48
      36
      46
      40
      48
      45
      51
      49
      45
      57
      47
      64
      52
      39
      41
      41
      44
      40
      57
      36
      43
      39
      38
      55
      43
      49
      47
      50
      39
      46
      49
      35
      42
      42
      42
      42
      51
      46
      54
      44
      42
      53
      44
      52
      52
      45
      43
      45
      35
      44
      31
      50
      53
      46
      53
      52
      41
      49
      25
      38
      35
      44
      46
      47
      51
      48
      39
      40
      45
      50
      29
      43
      43
      41
      35
      49
      46
      37
      31
      38
      43
      37
      44
      53
      30
      40
      44
      44
      37
      29
      39
      51
      40
      41
      42
      44
      39
      45
      47
      33
      35
      40
      40
      41
      37
      43
      37
      42
      35
      34
      49
      45
      43
      50
      43
      50
      52
      41
      38
      36
      36
      39
      36
      40
      32
      32
      32
      41
      55
      45
      38
      41
      41
      39
      38
      37
      42
      48
      40
      51
      30
      37
      45
      44
      55
      33
      45
      41
      33
      34
      30
      47
      32
      49
      38
      49
      42
      40
      28
      36
      35
      27
      33
      43
      33
      43
      34
      37
      32
      31
      49
      25
      33
      33
      44
      53
      47
      52
      45
      41
      42
      36
      51
      29
      39
      35
      40
      26
      38
      34
      34
      35
      40
      30
      25
      42
      54
      41
      40
      41
      31
      32
      42
      39
      28
      47
      41
      34
      38
      40
      52
      37
      41
      48
      37
      33
      38
      33
      41
      29
      31
      25
      38
      25
      35
      47
      38
      42
      35
      40
      40
      26
      39
      35
      45
      37
      45
      36
      36
      42
      27
      34
      43
      42
      36
      28
      30
      31
      47
      34
      42
      32
      42
      45
      31
      37
      31
      24
      40
      34
      36
      26
      29
      36
      41
      32
      41
      40
      41
      42
      35
      34
      39
      40
      27
      36
      31
      35
      28
      31
      37
      43
      41
      38
      42
      32
      26
      43
      34
      32
      31
      38
      39
      37
      33
      36
      32
      41
      27
      34
      51
      40
      38
      26
      38
      25
      37
      30
      39
      36
      46
      32
      41
      46
      31
      38
      30
      47
      27
      30
      34
      26
      40
      31
      33
      38
      43
      35
      29
      30
      28
      30
      35
      48
      27
      38
      39
      35
      41
      40
      29
      32
      37
      35
      29
      38
      41
      37
      32
      28
      25
      28
      38
      33
      33
      28
      31
      31
      35
      30
      46
      33
      31
      31
      32
      36
      25
      42
      39
      34
      35
      36
      40
      38
      36
      34
      32
      34
      28
      44
      23
      37
      26
      30
      36
      38
      34
      42
      46
      28
      30
      30
      43
      42
      39
      41
      38
      36
      31
      44
      28
      33
      30
      35
      38
      37
      41
      28
      38
      27
      31
      37
      32
      34
      29
      25
      40
      26
      41
      29
      28
      34
      37
      28
      38
      38
      30
      30
      30
      41
      28
      37
      27
      36
      36
      27
      30
      39
      37
      33
      43
      42
      29
      26
      33
      31
      32
      44
      35
      33
      23
      38
      32
      24
      34
      26
      34
      37
      24
      31
      32
      28
      34
      20
      31
      32
      29
      31
      40
      31
      27
      25
      31
      33
      29
      27
      31
      33
      27
      48
      39
      36
      25
      30
      45
      26
      23
      23
      22
      32
      30
      35
      38
      30
      30
      26
      27
      30
      31
      30
      40
      27
      38
      19
      28
      25
      31
      31
      43
      47
      28
      34
      24
      38
      31
      26
      31
      29
      38
      38
      22
      30
      36
      42
      21
      39
      24
      30
      31
      25
      25
      28
      28
      23
      37
      28
      32
      28
      28
      34
      46
      32
      26
      33
      34
      44
      30
      33
      22
      43
      39
      32
      44
      34
      25
      39
      31
      28
      21
      35
      32
      28
      25
      47
      24
      17
      31
      27
      24
      42
      43
      34
      34
      28
      28
      29
      24
      28
      30
      24
      34
      27
      33
      26
      22
      21
      31
      25
      27
      32
      28
      37
      23
      23
      25
      24
      32
      22
      24
      24
      17
      26
      35
      32
      32
      18
      29
      28
      36
      29
      33
      35
      31
      25
      21
      26
      20
      46
      23
      36
      28
      27
      35
      32
      29
      26
      34
      30
      21
      39
      33
      30
      16
      22
      20
      21
      15
      20
      27
      15
      27
      21
      36
      24
      20
      24
      31
      24
      25
      26
      20
      20
      21
      32
      28
      23
      26
      30
      21
      27
      21
      28
      21
      25
      22
      22
      26
      25
      23
      20
      29
      21
      27
      32
      23
      35
      30
      25
      22
      26
      30
      25
      19
      23
      28
      23
      20
      33
      32
      24
      26
      29
      24
      22
      20
      28
      28
      25
      21
      22
      27
      27
      26
      22
      30
      24
      22
      26
      28
      25
      34
      16
      27
      33
      31
      33
      16
      12
      23
      35
      23
      26
      23
      28
      31
      35
      31
      21
      21
      24
      36
      37
      35
      27
      20
      22
      20
      27
      19
      24
      28
      25
      21
      21
      23
      12
      26
      17
      21
      25
      19
      19
      23
      18
      24
      32
      28
      24
      24
      20
      25
      23
      24
      19
      33
      31
      28
      16
      15
      20
      26
      28
      27
      22
      21
      24
      24
      27
      16
      26
      21
      24
      20
      21
      37
      17
      29
      23
      24
      29
      22
      28
      21
      28
      25
      20
      32
      23
      31
      27
      25
      21
      25
      29
      29
      13
      27
      20
      18
      21
      28
      17
      22
      24
      20
      22
      22
      13
      22
      27
      20
      27
      29
      27
      30
      20
      25
      36
      19
      27
      20
      25
      31
      25
      19
      27
      28
      23
      25
      31
      24
      26
      21
      19
      22
      23
      23
      31
      19
      34
      29
      23
      18
      27
      23
      24
      21
      28
      18
      30
      24
      21
      29
      36
      24
      27
      20
      21
      35
      27
      27
      36
      36
      25
      23
      39
      20
      18
      27
      20
      19
      25
      21
      17
      26
      23
      25
      14
      28
      31
      15
      19
      21
      28
      26
      22
      29
      26
      16
      18
      21
      29
      24
      17
      26
      29
      21
      28
      27
      25
      27
      19
      27
      20
      23
      33
      29
      21
      28
      24
      26
      29
      16
      31
      23
      15
      24
      22
      24
      25
      29
      19
      28
      28
      21
      39
      32
      31
      22
      26
      19
      25
      18
      24
      30
      31
      28
      25
      26
      27
      31
      27
      25
      16
      21
      20
      29
      23
      25
      31
      32
      26
      26
      28
      30
      30
      25
      28
      27
      23
      26
      27
      23
      27
      19
      25
      19
      21
      28
      23
      26
      20
      25
      20
      24
      23
      21
      24
      27
      23
      24
      18
      25
      24
      27
      21
      24
      21
      12
      26
      30
      19
      25
      16
      17
      23
      19
      21
      18
      24
      23
      22
      19
      27
      17
      23
      24
      21
      30
      26
      24
      19
      22
      26
      13
      22
      30
      13
      14
      26
      26
      14
      22
      16
      19
      21
      22
      29
      22
      16
      22
      25
      25
      21
      27
      17
      28
      18
      28
      18
      25
      19
      19
      18
      24
      12
      15
      25
      22
      21
      23
      27
      32
      26
      24
      19
      19
      22
      26
      22
      21
      21
      32
      19
      21
      25
      18
      17
      21
      20
      20
      21
      23
      31
      24
      33
      24
      17
      21
      21
      22
      17
      25
      14
      35
      16
      23
      19
      27
      26
      35
      26
      26
      22
      24
      24
      15
      16
      25
      13
      13
      18
      21
      20
      21
      24
      19
      19
      13
      23
      22
      19
      16
      20
      24
      22
      19
      26
      25
      13
      21
      24
      34
      20
      21
      17
      20
      24
      24
      27
      29
      22
      27
      32
      24
      17
      23
      20
      19
      27
      20
      17
      21
      19
      30
      23
      21
      20
      21
      27
      31
      24
      14
      14
      26
      17
      21
      22
      22
      22
      18
      19
      20
      26
      14
      15
      18
      10
      19
      12
      20
      21
      22
      24
      25
      16
      20
      19
      24
      20
      17
      20
      21
      24
      12
      24
      19
      20
      23
      27
      19
      27
      21
      20
      19
      27
      16
      31
      17
      14
      22
      10
      34
      20
      25
      22
      21
      16
      23
      21
      16
      17
      27
      22
      26
      30
      20
      19
      12
      18
      19
      25
      15
      18
      22
      16
      22
      19
      16
      13
      30
      26
      12
      30
      14
      22
      35
      24
      15
      16
      20
      23
      22
      20
      19
      28
      17
      28
      27
      17
      23
      22
      23
      15
      22
      21
      35
      20
      22
      15
      23
      14
      20
      23
      26
      32
      21
      23
      19
      33
      21
      30
      20
      26
      25
      26
      33
      20
      33
      17
      32
      30
      20
      26
      20
      31
      26
      29
      22
      28
      23
      18
      25
      22
      31
      29
      21
      25
      30
      26
      32
      27
      32
      39
      31
      27
      23
      29
      29
      37
      29
      28
      27
      24
      22
      30
      18
      11
      16
      20
      14
      19
      16
      16
      18
      11
      11
       5
      10
      13
      16
      13
      13
      16
      16
      15
      12
      19
      10
      14
      16
      12
      13
       9
      16
      16
      11
      13
      15
      15
      12
      15
      13
      14
       6
      15
      11
      15
      14
      13
      11
      18
      12
      13
      13
      16
      10
      12
      16
      13
       9
      11
      11
      12
      10
       6
      13
      13
      16
       7
      13
      12
      17
       5
      12
      12
      10
      12
       6
      18
      13
      18
      13
      18
      11
      11
      10
       9
      11
      13
      10
      11
       4
       6
       7
      11
      13
       6
      17
      17
       6
      12
      20
      21
       9
      11
      13
      10
      15
      14
      11
      15
       7
      10
       7
      12
      13
       8
       9
      13
      10
      14
      17
      13
      16
      11
      17
      16
      17
       4
      14
      11
      16
      13
      12
      11
       9
      17
       8
      15
      16
      18
      13
      12
       9
      15
      16
      17
      14
      17
      15
      13
      17
      15
      13
      12
      16
       9
      16
      14
      13
      13
      16
      13
       5
      12
       8
       9
      11
      11
      10
      10
       8
      10
       8
      17
      13
      12
       6
       6
      13
      13
      14
       8
      10
      12
      14
      12
      10
       9
       9
      16
      12
      13
      16
      15
       9
      15
      11
       9
      13
      15
      11
      15
      16
      14
      15
       9
      13
      12
      14
      10
      14
      14
       9
      14
       9
      10
       3
      14
      10
      11
      11
      10
      15
      14
       7
      10
       9
       4
      13
      10
       8
      10
       6
      14
      13
      14
      15
      12
       9
      16
      11
       9
      10
      11
      14
      11
      10
      10
      20
      18
      15
      12
       9
       5
      13
      13
      14
      13
      15
       8
       8
      12
       4
      13
      15
      14
      14
      13
       9
       8
      16
      14
       7
      13
      11
      10
       5
      17
      16
      11
      12
      15
      10
      11
      15
      14
      11
       5
      14
      10
      12
      19
       4
       9
      10
      13
       9
      17
      11
      15
      15
      15
      14
       8
      15
      11
      15
      15
      19
      11
      11
      10
      12
      12
      14
      18
      16
      22
      15
       8
      12
      14
      14
      12
       7
      11
       9
      13
      12
      11
      11
      10
       7
       4
      13
      18
       8
       8
      16
      13
       9
      11
      15
       8
      12
       8
      10
      11
      11
      14
      16
      11
      11
      16
      13
      15
       7
      16
      12
      10
      12
      10
      12
      11
      15
      18
      13
      12
      12
      14
      10
      16
      18
       7
      13
       7
       3
       7
       8
       8
      19
      11
       9
      12
      10
       6
       7
      17
       7
      12
      14
      13
      12
      24
      17
      20
      21
      12
      24
      17
      13
      21
       9
      12
       6
      16
      10
      10
       6
      22
      16
       6
       7
      10
      15
       8
      11
      10
       7
      11
      12
      16
       6
      11
       7
       8
       8
       9
       9
       7
       9
       5
      11
       3
      14
      13
       6
       7
       7
      10
      10
      14
       5
       8
      14
       7
      11
       5
      11
      10
      12
       9
       8
       6
      10
       4
       7
       8
       8
       7
       6
      10
       9
       9
      14
      14
       7
      10
       8
      12
       7
       7
       8
       4
       9
      10
       8
      12
      14
      12
      10
       8
       8
      10
       8
      11
      10
       8
      10
       5
      12
      10
       8
      10
      11
       9
       4
       9
      12
       6
       3
       9
      10
       5
       6
      11
      13
       2
       8
       7
      10
      10
       6
       8
       6
       7
       2
       3
       6
      12
       6
      10
       8
      10
      10
      10
      12
       7
       7
      11
       8
      11
      10
       8
       9
      14
       6
       8
       5
      14
      12
       9
      12
      10
       8
       6
      10
       5
      10
       8
       6
      11
       9
      11
       8
       6
       7
      10
       3
      10
      10
       6
       6
      13
      10
      12
       5
      16
      10
       7
       8
       6
       7
       5
       9
      15
      10
      10
      11
       4
      10
       9
      11
       6
       5
       8
       6
      12
      13
       7
       6
       4
      12
       5
       5
       5
       6
       8
       5
      11
      16
       9
      17
      15
      27
      46
      47
      62
     148
     213
     264
     327
     361
     363
     356
     259
     176
     134
      60
      30
      17
      11
       8
      11
      13
      16
       9
      15
      13
       7
       6
       7
       7
       5
       5
       6
       9
      11
      10
       6
      12
       9
      12
       5
       8
      13
      11
      10
       7
       6
       6
       5
       6
      10
       9
       7
       8
       3
      11
       4
       6
      14
      12
       5
       7
      12
       6
       8
       1
       8
       3
      13
       5
       2
      11
      14
       9
      10
       9
       4
       9
       5
       7
      10
       8
       5
       4
       4
       6
       4
      13
       6
       6
      12
       9
       8
       5
       6
       5
       4
       6
       9
       6
       6
       9
      13
       9
       2
       7
       8
      10
       8
       7
       6
       6
       5
       6
       7
       6
       5
      10
       4
       6
       8
       6
       5
       4
       6
       6
       5
       5
       6
       4
       6
       9
       6
       3
       4
       4
       6
       3
      12
      11
       5
       4
       7
       1
       7
      13
       9
      11
       3
       8
       9
       5
       8
       5
       4
       2
       6
       7
       5
      13
       6
       8
       8
       5
       4
       5
       9
       6
       7
       6
       3
       6
       7
       7
       7
       4
       8
       4
       7
       3
       1
      10
       6
      10
       6
       9
       5
       8
       2
       6
      10
       6
       8
       5
       6
       8
       3
       4
       7
       5
       5
       7
       6
       1
       4
       7
       2
       5
       9
       7
       7
       6
       4
       6
       5
       7
       2
       5
       5
       3
       2
      10
       3
       5
       4
      10
       7
       1
       5
       5
       5
       6
       4
       5
       3
       8
       6
       4
       4
       4
       3
       5
      11
       6
       6
       3
       4
       5
       8
       5
       5
      13
       6
       3
      10
       5
       4
       7
       4
       4
       2
       5
       8
       2
       6
       5
       6
       8
       7
      10
      12
       2
       7
       6
       7
       7
       6
       6
       8
       2
       6
       1
       4
       9
       4
       8
       8
      10
       5
       6
       4
       6
       5
       6
       4
       4
       8
       6
       6
       2
       1
       5
      10
       5
       0
       9
       5
       1
       6
       4
       4
       5
       7
      11
       3
       6
       6
       5
       5
       7
       6
       1
       8
       3
       6
       4
       2
       6
       4
       7
       5
       6
       5
       4
       7
       2
       3
       5
       4
       6
       3
       4
       6
       1
       9
       3
       5
       3
       2
       7
       4
       6
       6
       3
       5
       2
       4
       3
       1
       3
       2
       2
       5
       8
       7
       4
       4
       3
       7
       3
       6
       3
       5
       5
       4
       4
       3
       1
       4
       3
       1
       6
       6
       0
       6
       2
       7
       6
       6
       8
       4
       4
       3
       2
       5
       6
       3
       4
       2
       5
       2
       2
       5
       2
       5
       2
       5
       7
       5
       3
       1
       5
       5
       3
       5
       5
       7
       4
       7
       3
       6
       8
       8
      10
      10
       8
       4
       2
      10
       6
       3
       2
       4
       3
       6
       3
       2
       6
       6
       4
       6
       6
       5
       3
       6
       3
       3
       5
       3
       5
       7
       2
       2
       2
       6
       2
       4
       6
       6
       3
       2
       5
       3
       2
       4
       2
       7
       5
       3
       1
       9
       2
       6
       2
       7
       2
       3
       4
       5
       4
       6
       3
       4
       5
       3
       4
       5
       2
       4
       2
       4
       7
       5
       7
       5
       4
       4
       5
       3
       4
       5
       7
       3
       2
       4
       0
       2
       5
       3
       3
       6
       2
       1
       3
       1
       8
       3
       6
       1
       7
       4
       4
       3
       2
       6
       3
       7
       3
       3
       7
       3
       2
       2
       5
       1
       5
       6
       2
       4
       3
       2
       2
       2
       2
       4
       2
       1
       4
       1
       6
       3
       4
       5
       2
      10
       4
       3
       5
       4
       4
       5
       4
       4
       2
       2
       3
       1
       7
       4
       5
       6
       8
       4
       3
       3
       6
       6
       5
       4
       0
       4
       1
       3
       2
       2
       4
       4
       7
       1
       7
       3
       4
       3
       5
       4
       4
       4
       4
       2
       1
       1
       6
       5
       1
       2
       5
       6
       5
       6
       5
       2
       7
       6
       3
       1
       3
       4
       3
       1
       4
       3
       3
       1
       3
       5
       1
       3
       4
       4
       5
       5
       5
       5
       4
       4
       1
       1
       4
       8
       2
       4
       7
       1
       3
       7
       5
       5
       8
      11
       9
      17
      28
      42
      63
     111
     144
     201
     272
     323
     313
     318
     283
     197
     149
      92
      61
      32
      13
      10
       6
       7
       6
       4
       5
       6
       1
       0
       4
       7
       6
       9
       2
       2
       6
       5
       2
       2
       5
       5
       7
       2
       6
       3
       5
       1
       2
       3
       3
       7
       1
       7
       5
       2
       3
       1
       3
       6
       9
       2
       3
       6
       4
       7
       5
       4
       5
       3
       3
       2
       1
       1
       4
       1
       5
       3
       6
       6
       3
       5
       1
       2
       2
       7
       3
       1
       4
       8
       3
       2
       5
       0
       3
       5
       4
       3
       3
       3
       4
       1
       2
       1
       1
       5
       3
       2
       4
       5
       3
       1
       5
       2
       6
       1
       2
       2
       5
       3
       3
       5
       0
       2
       2
       2
       1
       4
       1
       2
       5
       3
       3
       0
       9
       0
       2
       3
       5
       2
       6
       2
       3
       4
       4
       2
       4
       3
       3
       0
       2
       1
       1
       1
       1
       3
       2
       4
       3
       4
       1
       3
       2
       2
       4
       2
       3
       3
       6
       1
       3
       2
       6
       2
       1
       2
       2
       0
       2
       4
       4
       1
       1
       2
       0
       4
       2
       4
       4
       4
       2
       3
       3
       7
       2
       5
       9
       4
       6
       7
       4
       4
       3
       3
       1
       1
       0
       0
       1
       2
       2
       3
       3
       4
       2
       0
       2
       1
       3
       1
       1
       5
       7
       1
       4
       5
       5
       3
       6
       5
       2
       1
       3
       0
       6
       3
       7
       1
       1
       1
       2
       0
       3
       5
       4
       2
       0
       2
       3
       4
       0
       2
       2
       3
       3
       3
       2
       4
       3
       3
       6
       2
       2
       4
       4
       2
       0
       3
       3
       1
       1
       1
       2
       3
       3
       3
       2
       2
       0
       2
       3
       6
       2
       5
       3
       1
       0
       2
       2
       2
       3
       2
       4
       1
       2
       7
       7
       7
       2
       3
       2
       2
       4
       3
       1
       6
       6
       2
       1
       2
       2
       2
       0
       4
       0
       5
       5
       4
       1
       5
       6
       1
       5
       6
       9
       2
       3
       3
       3
       2
       1
       1
       2
       1
       4
       4
       4
       1
       2
       1
       3
       2
       1
       3
       3
       3
       2
       2
       3
       4
       1
       6
       2
       6
       1
       2
       3
       3
       1
       1
       2
       3
       3
       5
       4
       2
       3
       2
       1
       4
       1
       1
       2
       0
       3
       3
       3
       3
       3
       2
       3
       2
       3
       0
       2
       5
       0
       1
       2
       0
       3
       2
       2
       3
       1
       3
       4
       2
       2
       1
       1
       2
       0
       4
       1
       3
       2
       1
       3
       2
       1
       2
       1
       1
       2
       2
       6
       3
       1
       3
       5
       1
       5
       3
       1
       1
       3
       4
       3
       3
       5
       0
       2
       2
       3
       4
       4
       2
       3
       1
       2
       3
       3
       0
       2
       2
       0
       2
       3
       1
       3
       5
       8
       1
       5
       3
       2
       5
       5
       2
       2
       1
       1
       2
       3
       2
       1
       2
       1
       1
       3
       1
       0
       4
       2
       4
       2
       3
       3
       5
       2
       2
       1
       3
       3
       4
       6
       1
       2
       2
       3
       2
       3
       2
       3
       2
       4
       0
       2
       2
       2
       1
       1
       1
       2
       3
       1
       0
       0
       1
       4
       0
       2
       1
       0
       5
       3
       5
       2
       1
       4
       6
       0
       2
       1
       2
       7
       3
      11
      13
      15
      20
      34
      39
      38
      49
      55
      40
      50
      21
      11
      10
       4
       9
       4
       1
       6
       5
       0
       2
       3
       5
       3
       2
       0
       0
       1
       0
       5
       4
       3
       1
       2
       1
       0
       2
       3
       1
       1
       2
       2
       2
       4
       4
       3
       2
       0
       2
       3
       2
       3
       2
       1
       3
       3
       3
       3
       5
       7
       1
       0
       0
       1
       1
       3
       2
       1
       1
       2
       2
       4
       4
       4
       3
       2
       4
       0
       0
       2
       2
       0
       0
       3
       2
       0
       0
       0
       3
       3
       3
       3
       2
       1
       2
       5
       1
       1
       0
       0
       4
       3
       0
       4
       3
       3
       0
       2
       3
       0
       2
       1
       7
       4
       2
       2
       2
       1
       1
       2
       5
       3
       0
       1
       2
       0
       5
       2
       2
       1
       3
       1
       2
       0
       2
       2
       0
       2
       1
       0
       0
       2
       1
       4
       1
       3
       0
       3
       1
       3
       5
       4
       1
       6
       0
       4
       2
       2
       4
       2
       2
       0
       4
       1
       2
       1
       4
       1
       2
       4
       0
       3
       4
       2
       4
       4
       1
       3
       1
       2
       3
       0
       1
       1
       1
       3
       1
       2
       0
       3
       0
       0
       0
       1
       0
       0
       2
       1
       3
       3
       3
       3
       1
       7
       4
       2
       3
       2
       3
       1
       3
       1
       2
       2
       2
       2
       3
       4
       2
       0
       1
       2
       1
       1
       2
       2
       1
       5
       1
       1
       2
       1
       0
       3
       2
       1
       2
       3
       1
       3
       1
       0
       0
       1
       2
       1
       1
       2
       0
       3
       2
       1
       2
       7
       4
       0
       7
       5
       1
       2
       3
       2
       1
       2
       1
       3
       1
       0
       2
       4
       5
       2
       3
       3
       1
       2
       2
       3
       2
       2
       1
       3
       3
       2
       1
       0
       0
       4
       3
       0
       1
       0
       1
       1
       1
       3
       1
       1
       0
       1
       4
       5
       1
       2
       0
       2
       3
       1
       3
       2
       2
       2
       1
       3
       2
       3
       2
       0
       0
       2
       3
       2
       2
       1
       3
       1
       4
       0
       4
       1
       1
       1
       1
       2
       1
       2
       1
       3
       1
       3
       1
       0
       3
       4
       3
       2
       2
       1
       1
       4
       0
       0
       1
       1
       0
       1
       0
       1
       0
       2
       1
       1
       0
       2
       4
       1
       1
       3
       1
       1
       3
       1
       0
       1
       1
       4
       1
       2
       1
       0
       5
       4
       0
       2
       1
       0
       0
       1
       0
       2
       2
       0
       2
       2
       3
       2
       0
       0
       4
       3
       4
       1
       3
       0
       1
       2
       1
       1
       3
       0
       2
       2
       4
       2
       2
       1
       0
       2
       0
       2
       2
       1
       2
       2
       1
       4
       3
       2
       3
       0
       2
       3
       2
       2
       3
       0
       3
       0
       2
       3
       1
       2
       4
       1
       3
       1
       0
       1
       1
       0
       0
       1
       0
       2
       0
       3
       0
       1
       1
       1
       3
       1
       2
       0
       2
       2
       2
       3
       2
       1
       3
       0
       3
       1
       2
       0
       3
       2
       2
       2
       1
       2
       1
       1
       2
       1
       2
       0
       1
       3
       2
       3
       1
       0
       0
       1
       0
       2
       4
       0
       2
       1
       2
       0
       0
       0
       3
       1
       1
       1
       0
       5
       3
       1
       0
       0
       2
       0
       0
       1
       2
       5
       1
       1
       1
       3
       5
       2
       3
       2
       2
       1
       0
       1
       0
       1
       1
       1
       4
       1
       2
       3
       5
       3
       4
       1
       1
       3
       3
       1
       2
       3
       4
       1
       0
       2
       0
       1
       1
       2
       0
       2
       1
       0
       2
       0
       1
       0
       1
       2
       0
       1
       3
       0
       0
       1
       2
       1
       1
       0
       1
       0
       2
       0
       2
       0
       0
       3
       1
       6
       0
       0
       3
       1
       2
       0
       2
       4
       1
       3
       2
       2
       2
       1
       3
       0
       1
       1
       1
       3
       1
       4
       1
       1
       1
       0
       3
       1
       0
       2
       1
       2
       0
       3
       1
       0
       3
       3
       2
       1
       0
       0
       1
       0
       2
       2
       3
       0
       2
       3
       0
       3
       1
       1
       2
       3
       3
       2
       1
       1
       3
       0
       1
       1
       0
       1
       1
       0
       2
       3
       1
       1
       1
       1
       1
       1
       2
       1
       2
       2
       5
       1
       0
       2
       0
       1
       2
       1
       1
       0
       1
       2
       4
       2
       3
       1
       2
       0
       1
       1
       2
       2
       2
       2
       0
       3
       1
       1
       3
       1
       2
       1
       1
       0
       3
       0
       1
       0
       0
       0
       1
       0
       1
       1
       0
       2
       0
       0
       2
       1
       3
       3
       0
       3
       2
       2
       1
       1
       2
       4
       1
       1
       2
       1
       2
       0
       0
       1
       1
       1
       0
       1
       0
       3
       0
       3
       0
       1
       0
       1
       0
       2
       2
       1
       2
       0
       2
       1
       2
       2
       1
       1
       0
       0
       2
       1
       0
       0
       1
       2
       2
       0
       2
       0
       1
       1
       2
       3
       0
       1
       1
       1
       1
       0
       2
       1
       0
       1
       2
       1
       1
       0
       2
       1
       1
       3
       1
       2
       1
       0
       2
       3
       0
       1
       1
       2
       1
       3
       0
       1
       1
       1
       1
       0
       3
       2
       1
       1
       0
       1
       3
       4
       2
       3
       3
       2
       4
       1
       1
       3
       0
       1
       3
       0
       1
       1
       0
       1
       1
       1
       1
       0
       1
       3
       0
       3
       3
       2
       0
       0
       0
       2
       2
       2
       0
       1
       0
       0
       2
       0
       5
       1
       1
       0
       1
       1
       1
       2
       2
       2
       1
       1
       2
       2
       1
       1
       0
       1
       0
       0
       2
       0
       0
       1
       1
       1
       0
       2
       2
       1
       1
       1
       2
       2
       0
       0
       0
       0
       2
       1
       1
       3
       0
       1
       0
       1
       1
       0
       2
       1
       0
       1
       0
       1
       0
       1
       3
       2
       2
       4
       1
       1
       1
       1
       1
       2
       0
       1
       0
       1
       0
       0
       0
       0
       2
       0
       2
       0
       0
       1
       3
       1
       1
       1
       0
       1
       1
       1
       0
       2
       2
       0
       0
       1
       0
       0
       2
       1
       2
       1
       1
       1
       0
       0
       1
       0
       0
       0
       3
       0
       2
       0
       1
       0
       1
       0
       3
       0
       1
       0
       2
       0
       0
       0
       1
       1
       0
       1
       1
       0
       2
       0
       1
       1
       0
       1
       2
       1
       0
       0
       0
       0
       2
       0
       3
       0
       1
       3
       0
       0
       2
       2
       2
       0
       1
       4
       1
       1
       1
       1
       0
       1
       0
       0
       0
       1
       2
       2
       1
       2
       0
       2
       1
       1
       0
       0
       1
       4
       2
       0
       0
       0
       1
       0
       1
       2
       2
       2
       3
       0
       1
       1
       0
       2
       1
       0
       0
       0
       0
       1
       1
       2
       1
       2
       0
       1
       2
       0
       1
       0
       2
       0
       1
       0
       3
       1
       2
       3
       2
       0
       2
       1
       1
       1
       0
       2
       1
       1
       3
       1
       0
       2
       0
       0
       4
       2
       0
       2
       0
       4
       4
       2
       0
       3
       3
       0
       1
       4
       1
       1
       2
       0
       0
       3
       0
       2
       1
       0
       0
       0
       0
       0
       2
       2
       0
       1
       0
       1
       1
       0
       0
       2
       1
       2
       0
       4
       1
       1
       1
       0
       1
       3
       0
       1
       0
       0
       2
       2
       2
       1
       2
       0
       0
       0
       2
       0
       2
       0
       0
       2
       1
       2
       0
       0
       1
       0
       0
       1
       0
       0
       1
       2
       1
       2
       0
       2
       3
       1
       2
       0
       2
       0
       2
       0
       1
       1
       3
       0
       0
       1
       0
       1
       0
       1
       0
       2
       0
       2
       0
       4
       1
       0
       1
       1
       1
       1
       0
       2
       3
       2
       1
       0
       0
       0
       1
       1
       0
       0
       1
       0
       1
       2
       0
       0
       0
       1
       0
       0
       1
       1
       1
       0
       3
       1
       0
       2
       0
       2
       2
       2
       6
       4
      13
       8
      11
      10
      13
       5
       9
       7
       4
       1
       2
       1
       2
       2
       1
       1
       3
       2
       1
       0
       1
       1
       2
       0
       0
       0
       0
       0
       2
       1
       2
       1
       2
       0
       2
       2
       0
       2
       1
       2
       1
       2
       0
       1
       0
       1
       1
       1
       0
       0
       4
       1
       1
       1
       0
       1
       0
       0
       0
       4
       1
       2
       1
       4
       1
       1
       1
       1
       2
       2
       3
       0
       1
       0
       0
       0
       1
       0
       1
       0
       0
       0
       1
       1
       0
       0
       0
       2
       1
       3
       1
       3
       0
       2
       0
       0
       2
       0
       1
       0
       0
       0
       1
       0
       2
       0
       0
       0
       1
       1
       1
       2
       2
       0
       1
       0
       0
       1
       2
       0
       2
       0
       2
       3
       0
       1
       2
       1
       2
       2
       0
       1
       1
       0
       0
       3
       1
       2
       2
       0
       1
       1
       3
       0
       1
       2
       0
       3
       0
       1
       1
       0
       1
       2
       0
       0
       2
       0
       1
       0
       3
       0
       1
       0
       0
       0
       0
       0
       1
       0
       0
       1
       1
       0
       1
       2
       1
       2
       2
       2
       0
       1
       1
       1
       1
       0
       1
       0
       0
       2
       0
       1
       1
       1
       0
       0
       2
       1
       0
       1
       2
       1
       3
       1
       0
       2
       1
       0
       1
       2
       1
       1
       2
       1
       1
       1
       0
       0
       2
       1
       1
       1
       0
       0
       0
       1
       1
       1
       1
       0
       0
       1
       2
       0
       1
       3
       1
       0
       1
       1
       1
       0
       0
       0
       2
       1
       1
       1
       2
       1
       1
       2
       1
       0
       0
       1
       0
       0
       2
       4
       3
       1
       2
       1
       1
       0
       0
       1
       0
       1
       1
       1
       1
       1
       0
       0
       0
       2
       0
       0
       0
       1
       0
       1
       3
       0
       0
       2
       0
       3
       0
       0
       0
       1
       1
       1
       1
       0
       0
       1
       3
       1
       0
       1
       3
       0
       1
       1
       1
       0
       1
       2
       2
       1
       2
       0
       3
       3
       1
       0
       0
       2
       1
       2
       1
       1
       2
       0
       1
       2
       0
       0
       4
       2
       1
       1
       1
       0
       3
       1
       5
       3
       1
       2
       0
       1
       2
       1
       2
       1
       0
       0
       1
       1
       1
       0
       0
       0
       0
       0
       1
       0
       1
       1
       2
       0
       0
       0
       0
       3
       1
       0
       3
       0
       0
       0
       0
       1
       1
       1
       0
       0
       0
       0
       0
       0
       1
       0
       0
       1
       0
       0
       1
       1
       2
       0
       0
       0
       3
       3
       2
       2
       2
       2
       2
       0
       1
       0
       0
       1
       1
       1
       0
       0
       2
       0
       0
       0
       1
       1
       1
       0
       2
       1
       1
       0
       0
       0
       2
       0
       0
       0
       1
       0
       1
       1
       0
       0
       0
       0
       2
       1
       1
       0
       0
       1
       1
       0
       2
       0
       1
       1
       1
       2
       0
       0
       2
       1
       1
       0
       1
       0
       1
       1
       1
       0
       0
       0
       0
       1
       1
       0
       0
       0
       0
       2
       1
       0
       0
       4
       0
       0
       1
       2
       1
       0
       0
       1
       2
       0
       1
       1
       1
       0
       0
       2
       0
       1
       0
       0
       1
       0
       1
       2
       0
       2
       0
       1
       0
       0
       1
       0
       1
       1
       0
       0
       0
       0
       1
       1
       0
       1
       0
       0
       1
       0
       0
       1
       3
       2
       0
       0
       1
       1
       0
       0
       3
       0
       1
       1
       0
       1
       0
       2
       0
       0
       2
       1
       1
       0
       1
       1
       4
       0
       1
       0
       0
       0
       2
       1
       0
       0
       1
       0
       1
       0
       2
       0
       0
       1
       1
       1
       3
       1
       0
       1
       0
       1
       0
       1
       1
       3
       0
       0
       1
       0
       0
       0
       1
       4
       1
       1
       1
       2
       2
       2
       0
       0
       0
       2
       1
       0
       1
       0
       1
       0
       1
       1
       0
       0
       1
       1
       0
       1
       1
       0
       0
       0
       0
       0
       0
       0
       3
       0
       1
       1
       1
       1
       0
       0
       0
       1
       3
       0
       1
       2
       0
       2
       0
       0
       0
       1
       1
       1
       0
       0
       0
       2
       0
       0
       2
       0
       1
       1
       0
       2
       0
       0
       2
       0
       1
       0
       0
       1
       0
       0
       0
       1
       0
       1
       0
       0
       0
       0
       0
       1
       2
       0
       0
       0
       2
       2
       0
       0
       0
       0
       2
       1
       0
       1
       3
       0
       2
       0
       2
       2
       1
       1
       1
       4
       1
       3
       1
       0
       2
       0
       2
       1
       1
       0
       1
       0
       0
       0
       2
       0
       0
       1
       0
       1
       1
       0
       1
       0
       1
       1
       3
       3
       0
       2
       1
       1
       0
       1
       0
       2
       0
       1
       2
       2
       1
       0
       0
       3
       1
       1
       1
       0
       2
       2
       0
       1
       2
       1
       0
       0
       0
       1
       0
       1
       0
       1
       2
       3
       2
       1
       0
       1
       2
       0
       1
       0
       1
       1
       1
       0
       1
       1
       0
       2
       1
       1
       1
       0
       0
       1
       0
       1
       0
       0
       0
       0
       1
       3
       0
       2
       0
       1
       0
       1
       2
       0
       2
       1
       1
       0
       0
       1
       0
       0
       1
       1
       0
       1
       0
       0
       1
       0
       1
       3
       1
       1
       2
       1
       0
       1
       1
       0
       1
       0
       1
       0
       1
       0
       1
       1
       0
       0
       0
       0
       1
       2
       0
       1
       0
       0
       1
       0
       2
       2
       0
       0
       1
       1
       1
       0
       1
       0
       0
       1
       1
       0
       0
       1
       1
       2
       2
       1
       2
       3
       0
       1
       1
       0
       0
       0
       0
       0
       0
       0
       0
       0
       0
       0
       0
       0
       0
       0
       0
       0
       0
       0
       0
       0
       0
       0
       0
       0
       0
       0
       0
       0
       0
       0
       0
       0
       0
       0
       0
       0
       0
       0
       0
       0
       0
       0
       0
       0
       0
       0
       0
       0
       0
       0
       0
       0
       0
       0
       0
       0
       0
       0
       0
       0
       0
       0
       0
       0
       0
       0
       0
       0
       0
       0
       0
       0
       0
       0
       0
       0
       0
       0
       0
       0
       0
       0
       0
       0
       0
       0
       0
       0
       0
       0
       0
       0
       0
       0
       0
       0
       0
       0
       0
       0
       0
       0
       0
       0
       0
       0
       0
       0
       0
       0
       0
       0
       0
       0
       0
       0
       0
       0
       0
       0
       0
       0
       0
       0
       0
       0
       0
$ROI:
2
1936 2287
5338 5513
$PRESETS:
Integral
500000
0
$ENER_FIT:
0.000000 0.245432
$MCA_CAL:
3
0.000000E+000 2.454316E-001 0.000000E+000 keV
$SHAPE_CAL:
3
7.465718E+000 0.000000E+000 0.000000E+000
