$SPEC_ID:
No sample description was entered.
$SPEC_REM:
DET# 1
DETDESC# BUNCHER Easy-MCA-8k SN 9051292
AP# Maestro Version 6.08
$DATE_MEA:
07/26/2019 14:03:20
$MEAS_TIM:
333 422
$DATA:
0 8191
       0
       0
       0
       0
       0
       0
       0
       0
       0
       0
       0
       0
       0
       0
       0
       0
       0
       0
       0
       0
      13
      68
     484
    1484
    2987
    4463
    5427
   12687
    6220
     467
     250
     134
     238
     779
    1566
    1880
    1970
    1809
    1576
    1408
    1386
    1423
    1421
    1483
    1399
    1367
    1426
    1377
    1435
    1402
    1348
    1341
    1296
    1310
    1366
    1325
    1201
    1297
    1197
    1251
    1280
    1259
    1156
    1186
    1270
    1194
    1217
    1259
    1210
    1171
    1153
    1165
    1170
    1167
    1120
    1146
    1107
    1066
    1116
    1089
    1133
    1052
    1067
    1056
    1113
    1126
    1044
    1025
    1053
    1030
     962
    1058
    1041
     983
     960
     982
    1001
    1021
    1045
    1010
    1046
     992
     951
     980
     972
     952
    1008
     951
     951
     977
     984
     901
     947
     970
     974
     932
     971
     945
     964
     908
     925
     901
     946
     973
     957
     986
     865
     971
     949
     965
     916
     919
     951
     954
     948
     927
     899
     901
     936
     878
     936
     927
     893
     905
     904
     910
     894
     872
     840
     891
     921
     898
     880
     868
     883
     880
     865
     881
     848
     832
     947
     925
     888
     874
     899
     955
     879
     909
     883
     861
     867
     839
     892
     866
     891
     858
     763
     837
     824
     814
     856
     827
     916
     838
     857
     840
     807
     875
     852
     884
     849
     855
     879
     891
     826
     856
     786
     864
     822
     836
     929
     860
     865
     789
     850
     888
     897
     797
     866
     809
     851
     825
     870
     811
     885
     848
     863
     878
     893
     850
     915
     885
     876
     835
     817
     906
     902
     881
     832
     888
     886
     869
     893
     856
     890
     868
     863
     909
     909
     837
     855
     884
     847
     888
     886
     808
     893
     836
     894
     891
     899
     841
     876
     845
     878
     902
     936
     874
     879
     917
     882
     878
     887
     887
     934
     921
     897
     920
     942
     952
     923
     916
     868
     923
     937
     937
     985
     908
     890
     913
     926
     933
     923
     889
    1028
     899
     974
    1019
     965
    1026
    1028
     967
    1026
    1041
    1119
    1082
    1015
    1036
     971
    1094
    1067
    1099
    1210
    1232
    1142
    1078
    1016
     988
    1026
    1009
     995
    1053
     986
     960
     970
    1007
     960
     999
    1015
    1013
     980
     974
     985
    1002
    1037
     956
     969
    1050
    1021
    1016
    1049
     982
    1039
    1008
    1069
     993
    1082
    1064
    1037
    1073
    1116
    1189
    1231
    1203
    1187
    1202
    1075
    1028
    1038
    1053
    1054
    1095
    1086
    1089
    1112
    1130
    1092
    1046
    1045
    1080
    1031
    1063
    1090
    1084
    1084
    1069
    1072
    1168
    1024
    1064
    1125
    1125
    1111
    1123
    1168
    1102
    1098
    1076
    1102
    1048
    1116
    1111
    1092
    1146
    1111
    1094
    1081
    1099
    1171
    1072
    1189
    1066
    1128
    1184
    1123
    1125
    1141
    1119
    1199
    1128
    1128
    1100
    1076
    1159
    1165
    1158
    1121
    1141
    1187
    1183
    1121
    1198
    1163
    1153
    1180
    1142
    1173
    1146
    1177
    1160
    1118
    1183
    1179
    1161
    1226
    1193
    1197
    1186
    1153
    1198
    1198
    1196
    1139
    1212
    1223
    1121
    1245
    1253
    1131
    1201
    1188
    1165
    1207
    1238
    1234
    1241
    1217
    1203
    1256
    1264
    1259
    1163
    1229
    1208
    1238
    1176
    1245
    1192
    1203
    1158
    1239
    1197
    1267
    1147
    1269
    1164
    1254
    1247
    1200
    1279
    1241
    1214
    1295
    1194
    1257
    1234
    1277
    1238
    1220
    1229
    1207
    1232
    1184
    1225
    1222
    1198
    1250
    1235
    1226
    1219
    1135
    1181
    1227
    1235
    1222
    1185
    1210
    1196
    1227
    1225
    1227
    1187
    1230
    1214
    1228
    1172
    1251
    1239
    1183
    1208
    1262
    1201
    1272
    1092
    1247
    1196
    1215
    1280
    1161
    1192
    1188
    1170
    1180
    1195
    1139
    1227
    1227
    1153
    1244
    1219
    1210
    1117
    1166
    1211
    1217
    1242
    1210
    1210
    1207
    1196
    1206
    1217
    1133
    1159
    1225
    1204
    1157
    1220
    1216
    1142
    1205
    1158
    1181
    1178
    1226
    1248
    1176
    1166
    1163
    1178
    1173
    1199
    1149
    1161
    1268
    1168
    1151
    1165
    1165
    1171
    1176
    1127
    1131
    1169
    1139
    1137
    1204
    1228
    1110
    1168
    1206
    1179
    1135
    1185
    1196
    1108
    1168
    1210
    1117
    1169
    1113
    1158
    1132
    1158
    1118
    1109
    1173
    1150
    1212
    1135
    1131
    1141
    1178
    1198
    1099
    1189
    1162
    1177
    1170
    1167
    1184
    1162
    1129
    1112
    1164
    1154
    1174
    1187
    1184
    1120
    1110
    1135
    1157
    1187
    1177
    1139
    1144
    1179
    1148
    1109
    1153
    1132
    1141
    1113
    1145
    1109
    1140
    1145
    1155
    1165
    1118
    1133
    1097
    1109
    1144
    1094
    1153
    1139
    1210
    1193
    1173
    1141
    1116
    1145
    1140
    1111
    1158
    1088
    1181
    1128
    1165
    1171
    1122
    1159
    1123
    1094
    1209
    1152
    1180
    1194
    1158
    1124
    1122
    1116
    1097
    1142
    1183
    1144
    1225
    1158
    1181
    1145
    1155
    1178
    1168
    1189
    1157
    1175
    1148
    1220
    1177
    1192
    1213
    1178
    1259
    1228
    1169
    1124
    1225
    1229
    1247
    1204
    1218
    1167
    1189
    1222
    1196
    1149
    1207
    1219
    1207
    1201
    1175
    1188
    1122
    1205
    1210
    1188
    1152
    1169
    1110
    1117
    1162
    1154
    1100
    1134
    1122
    1131
    1121
    1136
    1194
    1099
    1115
    1138
    1095
    1126
    1109
    1116
    1080
    1148
    1096
    1147
    1105
    1111
    1144
    1090
    1139
    1061
    1148
    1090
    1087
    1063
    1057
    1088
    1039
    1100
    1119
    1085
    1006
    1114
    1052
    1095
    1065
    1035
    1059
    1057
    1070
    1083
    1001
     988
    1017
    1002
     986
    1006
    1054
     995
    1038
     964
    1008
    1030
    1035
    1024
    1003
     953
    1015
    1022
    1033
    1025
    1001
    1065
    1041
     998
     973
    1014
    1023
    1021
    1015
     958
     950
    1004
    1033
    1019
     942
    1005
     998
     997
    1014
     968
     937
     972
     945
     951
     989
    1007
     987
     957
     928
     996
     949
     948
     943
     992
     967
     962
     999
     997
     936
     939
     984
     962
     972
    1033
     986
     959
     940
     947
     941
     977
     917
     966
     900
     927
     942
     907
     925
     916
     951
     935
     879
     915
     951
     955
     967
     987
     936
     962
     918
     891
     918
     946
     917
     899
     869
     924
     937
     870
     980
     971
     915
     960
     843
     885
     923
     882
     874
     924
     879
     910
     909
     899
     907
     909
     933
     905
     945
     945
     909
     887
     889
     907
     961
     869
     921
     905
     941
     955
     941
     916
     900
     911
     886
     890
     897
     884
     926
     876
     888
     856
     881
     950
     903
     886
     919
     892
     873
     899
     912
     957
     902
     911
     943
     909
     901
     875
     846
     887
     886
     938
     914
     905
     881
     904
     864
     929
     898
     924
     886
     931
     921
     848
     914
     872
     890
     860
     932
     889
     862
     850
     868
     871
     846
     851
     901
     913
     878
     892
     872
     868
     850
     894
     924
     911
     886
     893
     855
     910
     872
     877
     941
     913
     901
     897
     905
     923
     915
     880
     860
     870
     957
     868
     929
     894
     837
     918
     901
     923
     862
     826
     879
     863
     856
     893
     889
     893
     888
     923
     868
     869
     879
     964
     864
     854
     916
     864
     858
     830
     863
     865
     906
     930
     853
     881
     901
     856
     865
     829
     842
     882
     834
     860
     887
     812
     904
     874
     871
     896
     904
     907
     914
     821
     934
     940
     925
     887
     871
     933
     900
     910
     856
     836
     912
     893
     864
     923
     875
     851
     914
     907
     851
     856
     884
     866
     943
     870
     868
     825
     888
     866
     937
     875
     799
     913
     824
     881
     940
     867
     846
     920
     891
     923
     841
     876
     933
     857
     820
     837
     860
     879
     874
     895
     908
     922
     903
     914
     941
     859
     859
     890
     915
     949
     901
     877
     902
     894
     879
     910
     910
     917
     911
     884
     921
     900
     910
     918
     866
     927
     868
     897
     881
     883
     884
     875
     897
     889
     853
     934
     914
     896
     811
     944
     898
     894
     914
     909
     943
     940
     922
     875
     915
     911
     879
     896
     924
     899
     892
     870
     933
     929
     935
     879
     894
     916
     906
     902
     916
     920
     931
     878
     890
     888
     930
     909
     965
     861
     980
     951
     872
     960
     914
     920
     952
     880
     942
     888
     964
     898
     930
     985
     944
     923
     917
     902
     913
     925
     909
     886
     905
     925
     947
     933
     908
     916
     930
     950
     882
     937
     871
     939
    1016
     892
     931
     976
     950
     954
     907
     956
     884
     888
     955
     988
     968
     956
    1009
     897
     976
     939
     977
     985
     916
     908
     913
     915
     937
    1001
     894
     947
     893
     947
     956
     988
     916
     946
     996
     991
     975
     905
     977
     932
     955
     948
     951
     913
     962
     932
    1018
     983
     942
     988
     992
     987
     922
     961
    1011
     984
     942
     949
     947
    1013
     949
     981
    1036
     964
     970
     930
    1022
    1035
     966
     979
    1024
     965
     968
     975
     974
     981
    1010
     992
    1034
    1043
     977
     999
     937
    1007
    1004
     971
     982
     975
     993
    1007
    1015
     981
    1052
    1036
    1008
    1002
     982
    1078
     988
    1020
    1030
    1008
    1052
     933
    1037
     990
    1040
    1066
    1006
    1032
    1027
     999
    1012
    1051
    1073
     997
    1033
     993
    1050
    1032
    1025
    1044
    1053
    1034
    1041
    1072
    1046
    1088
    1023
    1067
    1020
     961
    1052
    1052
    1006
    1089
    1056
    1063
    1066
    1001
    1076
    1065
    1070
    1055
    1061
    1006
    1080
    1026
    1064
    1036
    1017
    1059
    1014
    1089
    1128
    1050
    1049
    1059
    1001
    1078
    1001
    1057
    1069
    1037
    1066
    1048
    1062
    1043
    1105
    1000
    1020
    1030
    1047
    1067
    1073
    1043
    1015
    1026
     997
    1050
    1038
    1046
    1048
     977
    1005
    1007
    1025
    1038
     974
    1011
    1044
     978
    1011
     993
     929
     954
     894
     909
     904
     921
     941
     928
     870
     857
     862
     830
     816
     829
     803
     804
     799
     812
     784
     744
     772
     761
     754
     770
     744
     788
     808
     762
     718
     773
     772
     729
     761
     770
     712
     747
     693
     747
     686
     778
     736
     713
     703
     724
     725
     721
     716
     710
     680
     716
     719
     771
     731
     710
     684
     716
     691
     679
     635
     691
     696
     658
     641
     662
     655
     632
     654
     632
     643
     673
     632
     654
     651
     609
     680
     633
     630
     636
     630
     671
     634
     662
     627
     651
     631
     632
     612
     623
     676
     635
     614
     588
     624
     636
     572
     629
     649
     584
     618
     637
     642
     611
     655
     634
     551
     613
     572
     582
     610
     544
     596
     634
     584
     583
     555
     548
     636
     608
     589
     555
     601
     565
     585
     618
     612
     585
     551
     598
     544
     563
     557
     572
     546
     551
     595
     584
     529
     578
     565
     628
     555
     498
     573
     578
     615
     588
     528
     586
     541
     527
     506
     617
     600
     555
     582
     521
     548
     545
     561
     535
     553
     556
     520
     523
     585
     528
     539
     506
     548
     538
     529
     485
     514
     533
     506
     476
     499
     507
     506
     493
     514
     544
     508
     505
     509
     493
     491
     514
     526
     519
     528
     483
     528
     489
     492
     471
     473
     494
     515
     482
     517
     455
     494
     487
     499
     494
     454
     468
     485
     492
     448
     512
     471
     475
     493
     476
     467
     445
     461
     492
     446
     479
     460
     481
     442
     504
     475
     475
     455
     519
     460
     466
     451
     464
     451
     468
     449
     460
     466
     454
     464
     467
     451
     450
     447
     486
     461
     470
     443
     478
     443
     433
     457
     440
     426
     428
     452
     454
     427
     470
     447
     479
     415
     495
     470
     451
     507
     445
     397
     406
     439
     432
     441
     476
     447
     389
     426
     435
     430
     438
     425
     414
     440
     455
     410
     428
     401
     448
     455
     417
     401
     455
     434
     389
     437
     395
     426
     399
     439
     414
     442
     450
     465
     403
     391
     417
     407
     424
     408
     420
     458
     410
     413
     396
     407
     417
     391
     410
     390
     427
     404
     418
     457
     412
     425
     398
     439
     437
     370
     425
     426
     418
     420
     384
     412
     431
     395
     458
     416
     420
     445
     447
     422
     424
     440
     374
     397
     435
     398
     376
     350
     410
     383
     404
     404
     415
     426
     378
     430
     374
     435
     408
     396
     430
     421
     415
     395
     388
     406
     372
     440
     392
     418
     422
     424
     408
     417
     380
     432
     414
     386
     365
     415
     413
     406
     398
     391
     394
     432
     418
     407
     428
     409
     384
     421
     400
     425
     401
     393
     412
     395
     378
     429
     363
     400
     401
     406
     370
     412
     426
     424
     390
     381
     371
     407
     380
     422
     399
     394
     439
     375
     387
     401
     415
     418
     426
     347
     417
     416
     438
     393
     407
     410
     413
     391
     360
     388
     377
     390
     426
     393
     419
     413
     410
     369
     407
     378
     376
     413
     390
     414
     389
     395
     401
     417
     383
     428
     382
     408
     430
     412
     391
     386
     422
     380
     390
     414
     389
     393
     418
     385
     418
     408
     399
     388
     397
     357
     395
     395
     386
     384
     367
     403
     397
     384
     365
     414
     384
     412
     401
     401
     440
     390
     389
     403
     404
     412
     386
     393
     392
     388
     355
     409
     336
     387
     380
     394
     394
     336
     400
     396
     394
     380
     408
     391
     410
     368
     377
     372
     392
     391
     434
     363
     395
     383
     426
     389
     376
     397
     370
     397
     395
     368
     389
     348
     362
     365
     391
     390
     342
     361
     401
     358
     387
     392
     391
     324
     373
     394
     365
     391
     386
     342
     361
     368
     357
     374
     386
     381
     386
     355
     363
     382
     398
     393
     357
     353
     376
     394
     362
     385
     410
     394
     378
     352
     369
     364
     379
     384
     393
     379
     351
     381
     393
     343
     386
     346
     383
     327
     392
     388
     359
     394
     397
     356
     398
     353
     372
     376
     383
     387
     380
     400
     370
     352
     362
     345
     370
     345
     386
     387
     370
     353
     360
     392
     354
     349
     351
     379
     361
     370
     385
     400
     389
     348
     378
     364
     398
     358
     340
     338
     358
     391
     397
     350
     379
     374
     363
     391
     396
     367
     342
     380
     367
     359
     377
     405
     374
     388
     399
     362
     406
     385
     373
     394
     390
     355
     372
     381
     392
     363
     412
     406
     413
     399
     428
     414
     375
     460
     422
     414
     417
     452
     501
     504
     553
     555
     594
     750
     821
     994
    1128
    1359
    1605
    2034
    2567
    3225
    4074
    5005
    6460
    7969
    9924
   12323
   15670
   18805
   21844
   24862
   26947
   29070
   29748
   29053
   27663
   25119
   21981
   18842
   15443
   12502
    9953
    7846
    6071
    4723
    3898
    2960
    2304
    1897
    1509
    1213
     954
     815
     620
     553
     492
     409
     414
     334
     335
     286
     273
     258
     269
     250
     219
     232
     222
     227
     207
     200
     201
     207
     194
     206
     200
     178
     211
     182
     176
     188
     159
     161
     166
     189
     177
     177
     169
     162
     176
     162
     169
     163
     186
     169
     183
     144
     144
     175
     142
     164
     143
     163
     163
     175
     152
     151
     146
     142
     136
     137
     144
     149
     140
     126
     118
     136
     120
     169
     155
     157
     158
     150
     135
     131
     134
     149
     131
     137
     125
     120
     121
     147
     132
     135
     120
     115
     115
     130
     120
     148
     109
     126
     136
     120
     119
     121
     133
     127
     143
     128
     123
     112
     109
     113
     110
     109
     113
     112
     108
     113
     120
     126
     109
     118
     133
      92
     120
      96
     114
     111
     126
      91
     104
     104
     100
     107
      96
     110
     119
     123
     114
     100
     107
     138
     105
     116
     123
     106
     103
     119
     120
     101
     110
      97
     121
      98
     107
     115
     116
      99
     100
     124
      96
     108
     105
     115
     120
     106
      96
     107
     108
      96
     109
     100
     108
     101
     117
     128
     104
     110
      87
     116
     101
      97
     117
     108
     118
      85
     109
     115
      99
      94
      95
     109
     108
     104
     100
      82
      92
      98
      82
      91
      93
      95
      98
      84
     105
     110
      94
     103
     105
     101
      85
     122
      79
      99
      99
      93
     104
     103
      87
      92
      87
     100
      89
      86
      93
      84
      98
     102
     108
      94
      94
      89
      91
      74
      95
      94
     115
      91
      95
      87
      79
      86
      78
      89
      86
      81
      85
     102
     118
      89
      96
      85
      79
      86
      85
      82
      77
     110
      80
      83
      84
      94
      83
      84
      71
      88
      90
      90
      89
      97
     101
      79
      78
      92
      94
      92
      87
      89
      89
      86
      86
      89
      84
      80
     111
     106
      87
      77
      77
      67
      85
      74
      82
      99
      93
      76
      77
      72
      77
      88
      65
      78
      67
      69
      65
      90
      83
      67
      74
      87
      92
      73
      70
      74
      82
      79
      70
      79
      76
      83
      68
      76
     102
      86
      71
      97
      70
      97
      67
      81
      87
      83
      93
      85
      80
      82
      97
     103
      87
      79
      96
      84
      93
      86
      68
      81
      93
      83
      81
      85
      81
      91
      89
      70
      90
      70
      77
      73
      84
      61
      81
      78
      79
      90
      69
      75
      81
      89
      81
      87
      77
      91
      67
      87
      63
      90
      83
      78
      75
      77
      77
      67
      80
      80
      86
      78
      78
      97
     104
      90
     102
     100
     102
     116
      97
      83
      79
      82
      86
      71
      75
      84
      84
      80
      89
      74
      67
      78
      66
      71
      64
      86
      80
      76
      65
      67
      81
      82
      72
      72
      70
      78
      82
      74
      91
      72
      68
      78
      85
      75
      75
      76
      64
      97
      85
      75
      71
      72
      73
      62
      70
      66
      83
      71
      68
      67
      86
      65
      60
      64
      64
      63
      67
      74
      79
      70
      65
      67
      77
      72
      76
      69
      74
      77
      74
      77
      86
      59
      81
      65
      55
      75
      57
      46
      62
      61
      71
      73
      68
      73
      76
      80
      55
      91
      64
      65
      79
      61
      81
      79
      71
      64
      69
      70
      61
      70
      79
      61
      68
      74
      76
      51
      67
      70
      70
      58
      72
      67
      62
      51
      68
      69
      66
      77
      59
      58
      60
      62
      55
      74
      68
      54
      73
      60
      76
      61
      71
      58
      74
      51
      55
      40
      58
      71
      63
      65
      46
      70
      61
      59
      59
      50
      54
      65
      53
      63
      55
      58
      71
      70
      74
      60
      49
      68
      58
      67
      75
      60
      63
      55
      53
      62
      55
      53
      42
      70
      55
      66
      68
      73
      50
      51
      67
      69
      54
      46
      64
      53
      65
      56
      66
      52
      59
      65
      72
      57
      71
      64
      64
      68
      64
      57
      63
      57
      65
      37
      59
      63
      52
      40
      57
      49
      44
      66
      56
      60
      66
      43
      56
      57
      58
      55
      64
      52
      44
      59
      62
      59
      71
      60
      60
      54
      46
      52
      71
      48
      55
      59
      55
      57
      60
      57
      55
      65
      53
      56
      49
      59
      34
      58
      62
      68
      50
      62
      52
      64
      48
      53
      61
      46
      55
      62
      47
      54
      62
      62
      54
      64
      60
      59
      60
      56
      49
      52
      48
      43
      55
      53
      55
      52
      72
      48
      48
      57
      59
      45
      65
      67
      55
      57
      49
      56
      50
      62
      69
      56
      49
      57
      58
      57
      45
      52
      47
      53
      49
      49
      63
      59
      54
      50
      51
      49
      50
      64
      67
      57
      39
      70
      51
      40
      48
      51
      49
      43
      41
      61
      48
      50
      54
      51
      53
      57
      45
      61
      51
      70
      47
      39
      52
      51
      46
      60
      46
      35
      58
      48
      51
      50
      45
      43
      52
      57
      54
      55
      46
      51
      53
      41
      37
      50
      58
      44
      44
      48
      56
      52
      49
      46
      35
      45
      42
      52
      58
      61
      50
      52
      44
      57
      56
      46
      39
      44
      39
      44
      52
      50
      46
      40
      61
      46
      49
      56
      46
      40
      46
      42
      35
      46
      38
      34
      51
      52
      44
      52
      40
      41
      41
      60
      32
      38
      42
      38
      50
      60
      47
      45
      50
      40
      53
      38
      49
      41
      43
      44
      37
      34
      48
      41
      62
      54
      43
      50
      37
      40
      42
      49
      46
      42
      45
      33
      44
      47
      40
      34
      59
      38
      32
      48
      47
      46
      27
      42
      43
      48
      53
      44
      41
      51
      45
      40
      57
      44
      47
      43
      38
      29
      36
      32
      44
      37
      42
      38
      39
      37
      39
      40
      36
      47
      40
      39
      44
      45
      38
      46
      48
      37
      48
      36
      53
      53
      46
      49
      44
      41
      40
      47
      47
      35
      35
      38
      32
      61
      42
      44
      38
      37
      40
      41
      48
      37
      52
      32
      54
      38
      55
      40
      29
      43
      39
      36
      45
      41
      36
      36
      49
      47
      40
      53
      46
      41
      39
      41
      45
      36
      42
      45
      43
      36
      46
      42
      26
      42
      47
      38
      43
      38
      42
      38
      43
      47
      41
      44
      21
      38
      48
      54
      42
      42
      41
      40
      35
      46
      42
      37
      40
      39
      44
      44
      46
      46
      37
      45
      36
      32
      34
      38
      40
      40
      47
      37
      31
      40
      52
      48
      47
      37
      44
      48
      35
      53
      50
      31
      38
      29
      44
      36
      30
      36
      38
      38
      46
      43
      49
      41
      29
      37
      32
      44
      36
      35
      33
      32
      35
      36
      40
      24
      40
      46
      36
      40
      33
      36
      42
      32
      36
      34
      48
      40
      40
      28
      32
      37
      34
      44
      32
      32
      27
      41
      40
      42
      27
      38
      35
      32
      44
      30
      37
      48
      36
      37
      43
      41
      40
      37
      42
      33
      38
      38
      24
      31
      47
      39
      39
      44
      34
      42
      31
      38
      40
      37
      37
      33
      45
      42
      46
      55
      32
      44
      29
      38
      45
      38
      25
      36
      31
      47
      35
      33
      36
      39
      31
      27
      37
      33
      40
      29
      44
      35
      27
      29
      36
      33
      39
      36
      38
      46
      36
      29
      44
      36
      34
      33
      40
      27
      34
      37
      39
      40
      39
      45
      48
      37
      37
      42
      30
      34
      34
      34
      31
      32
      29
      27
      29
      45
      41
      42
      38
      37
      31
      39
      35
      42
      37
      33
      26
      34
      37
      30
      32
      32
      30
      28
      45
      33
      38
      29
      36
      35
      35
      30
      50
      43
      34
      37
      40
      39
      30
      25
      33
      42
      35
      31
      27
      24
      29
      38
      30
      25
      32
      31
      39
      27
      29
      34
      29
      39
      36
      31
      35
      46
      44
      46
      20
      40
      36
      31
      33
      32
      39
      30
      43
      32
      42
      34
      30
      36
      32
      30
      28
      33
      36
      43
      24
      31
      41
      30
      33
      29
      30
      35
      42
      40
      37
      23
      27
      29
      34
      37
      30
      33
      29
      29
      37
      39
      28
      29
      36
      25
      27
      21
      32
      34
      27
      32
      39
      29
      29
      25
      39
      34
      34
      24
      30
      38
      31
      27
      46
      28
      31
      27
      33
      30
      30
      35
      32
      26
      30
      31
      39
      38
      31
      30
      33
      31
      34
      29
      30
      20
      34
      31
      27
      28
      25
      37
      37
      33
      28
      27
      23
      30
      29
      38
      26
      36
      23
      25
      33
      21
      32
      23
      40
      36
      30
      35
      35
      35
      21
      38
      27
      27
      30
      31
      35
      27
      38
      39
      25
      30
      28
      33
      35
      32
      31
      33
      28
      50
      36
      25
      27
      17
      29
      31
      35
      28
      29
      34
      23
      38
      23
      24
      35
      37
      37
      26
      20
      29
      42
      20
      30
      22
      26
      30
      24
      39
      20
      29
      31
      27
      35
      37
      22
      30
      34
      23
      33
      23
      26
      39
      29
      33
      24
      26
      22
      28
      33
      20
      23
      31
      28
      30
      31
      23
      38
      25
      34
      25
      31
      21
      23
      19
      28
      23
      19
      19
      36
      24
      18
      20
      28
      24
      34
      29
      30
      33
      29
      14
      28
      23
      25
      24
      35
      29
      25
      27
      34
      25
      42
      36
      30
      28
      28
      24
      25
      20
      32
      29
      24
      20
      31
      23
      35
      26
      26
      31
      19
      19
      31
      34
      15
      27
      21
      22
      28
      25
      29
      23
      25
      22
      27
      27
      22
      30
      33
      23
      22
      24
      29
      24
      31
      26
      27
      30
      25
      24
      27
      31
      23
      29
      23
      26
      17
      36
      23
      32
      23
      20
      26
      22
      19
      23
      19
      20
      28
      33
      25
      21
      20
      26
      21
      23
      24
      23
      32
      22
      32
      25
      25
      25
      24
      23
      21
      24
      16
      30
      16
      28
      18
      30
      13
      28
      20
      23
      30
      25
      25
      16
      20
      21
      25
      22
      19
      22
      18
      20
      25
      18
      22
      27
      27
      18
      22
      28
      27
      26
      29
      18
      24
      24
      25
      23
      28
      21
      24
      22
      26
      29
      33
      26
      35
      24
      25
      19
      22
      31
      31
      32
      26
      34
      32
      28
      26
      29
      23
      24
      25
      37
      30
      21
      13
      21
      24
      20
      21
      22
      22
      26
      24
      24
      20
      17
      28
      36
      25
      16
      25
      23
      27
      22
      29
      31
      17
      17
      17
      15
      19
      23
      23
      23
      13
      25
      22
      23
      29
      17
      19
      33
      28
      28
      16
      29
      29
      28
      20
      24
      37
      20
      20
      24
      29
      19
      21
      15
      29
      20
      25
      24
      29
      28
      24
      26
      29
      27
      29
      40
      22
      28
      27
      20
      26
      18
      22
      22
      26
      21
      14
      17
      20
      31
      21
      23
      26
      18
      33
      26
      11
      25
      28
      21
      19
      17
      21
      26
      30
      19
      26
      31
      23
      20
      28
      25
      19
      31
      25
      21
      18
      20
      15
      25
      23
      26
      28
      20
      24
      18
      30
      19
      17
      27
      24
      25
      27
      24
      27
      20
      14
      18
      19
      20
      21
      22
      20
      26
      25
      28
      30
      29
      27
      25
      27
      20
      21
      26
      31
      20
      41
      31
      18
      19
      20
      19
      23
      17
      20
      31
      30
      23
      33
      31
      24
      22
      28
      20
      19
      22
      25
      21
      24
      16
      17
      31
      29
      20
      27
      27
      18
      20
      16
      18
      28
      22
      24
      21
      23
      22
      24
      25
      16
      26
      31
      28
      22
      14
      25
      28
      21
      22
      30
      22
      28
      24
      18
      20
      20
      19
      33
      25
      29
      30
      27
      22
      16
      17
      24
      28
      18
      21
      23
      23
      27
      34
      21
      25
      36
      19
      26
      28
      23
      24
      11
      25
      22
      24
      31
      24
      23
      24
      29
      30
      28
      19
      20
      23
      16
      19
      19
      25
      22
      20
      23
      19
      19
      23
      20
      18
      19
      34
      29
      17
      20
      20
      19
      27
      24
      22
      21
      18
      26
      31
      17
       8
      24
      27
      27
      17
      22
      24
      21
      25
      24
      19
      24
      25
      17
      16
      24
      26
      20
      16
      21
      21
      28
      20
      24
      26
      31
      32
      27
      26
      28
      17
      15
      23
      16
      13
      27
      17
      24
      12
      22
      23
      23
       9
      16
      32
      15
      21
      16
      14
      24
      13
      18
      23
      15
      19
      17
      15
      15
      23
      24
      25
      13
      25
      13
      23
      19
      19
      27
      17
      19
      27
      19
      21
      17
      30
      20
      31
      14
      26
      17
      13
      21
      15
      29
      21
      23
      21
      19
      20
      28
      14
      21
      14
      27
      20
      26
      17
      21
      25
      17
      21
      18
      18
      16
      21
      17
      19
      20
      18
      19
      19
      17
      14
      24
      15
      18
      25
      26
      28
      19
      17
      15
      12
      23
      18
      21
      15
      29
      20
      19
      28
      14
      22
      22
      16
      20
      24
      19
      31
      24
      20
      26
      27
      24
      22
      25
      12
      16
      19
      19
      23
      24
      27
      19
      22
      21
      16
      21
      21
      20
      23
      34
      20
      19
      22
      21
      19
      24
      27
      19
      26
      27
      18
      19
      19
      18
      24
      25
      31
      21
      22
       9
      25
      16
      23
      24
      26
      25
      25
      27
      24
      19
      26
      21
      22
      20
      21
      24
      25
      24
      31
      22
      16
      37
      22
      23
      23
      36
      28
      18
      16
      31
      26
      27
      26
      26
      22
      29
      28
      23
      20
      24
      22
      19
      26
      31
      37
      32
      33
      29
      42
      29
      29
      29
      26
      37
      47
      43
      32
      38
      36
      41
      33
      35
      30
      28
      29
      27
      19
      22
      28
      33
      21
      20
      14
      19
      15
      17
      20
      12
      17
      14
      17
      14
       7
      10
      11
      12
      18
      17
      20
      13
       8
       8
      13
       7
      14
      12
      14
      14
       9
      11
      14
      10
      11
       7
      16
      16
      12
       9
      17
       9
       7
      17
      10
      11
      11
      11
       5
      11
       9
      13
      11
      17
      12
       7
      15
       6
      10
      10
       9
      13
       6
      17
      15
      11
      18
      13
      13
      12
      12
       4
      12
       6
      13
       7
       8
      11
      16
      13
       9
       9
       8
       9
      11
      15
      13
      18
      11
       9
      16
       9
      11
      16
       6
      10
       9
       6
       9
      12
      12
       6
      15
      12
       7
      12
      17
      10
      14
      10
       7
       9
      11
      16
      13
       9
       9
      10
      17
       8
       8
      10
      10
      14
       8
      11
      19
       7
      17
      13
      12
       7
       7
       6
       8
      14
      11
       9
       5
      12
       8
       6
      11
      10
      13
      13
      12
      15
      14
      11
      14
      11
      10
       8
      14
      11
       9
      13
       9
      11
      17
       9
      13
       5
       9
       9
      10
      12
      11
      12
       8
       8
      13
       9
      11
       7
       7
      14
       8
      13
      14
       7
       9
       9
       8
       7
      16
       8
      12
      15
       9
       6
      12
      10
       8
       8
      11
       7
      20
       8
       9
      10
      10
       8
      10
       7
      12
       7
      11
      11
       9
       9
      14
       8
      12
      12
      15
      16
       3
      13
      11
      12
      14
      14
      15
       8
      13
       5
      14
      10
      13
      11
      10
      10
      11
      11
      12
      13
       8
      10
      12
      13
      11
       8
      11
      12
      11
       9
      14
      12
      13
       7
       6
       5
      19
       7
      15
      15
      12
       9
      12
       9
       9
      10
      18
      10
       7
      19
       8
       9
      10
      14
       7
       9
      11
      14
       8
       5
      13
       8
       6
       8
      13
      15
       7
       8
       7
      13
      13
       7
       9
       6
       7
      17
      13
      13
      10
      13
      15
       9
      13
      12
      10
       8
      11
      10
       9
      15
      10
       6
      12
      11
      11
      15
      17
      11
      12
       6
      13
      10
      14
      12
      13
       5
       7
      12
       9
      16
       8
       5
      15
      13
      10
       8
      13
      11
      10
       6
      11
       7
       9
       5
      15
       8
      10
      16
      15
      10
       8
      12
      13
       9
      11
      11
      14
      19
      19
      14
      10
      12
      10
      10
      14
      13
      12
      11
      16
      13
      11
      12
      12
      11
       8
      11
      10
      11
      11
      12
      12
       7
       7
      11
      13
       6
      10
       7
       9
       7
       9
      13
       8
      14
      10
      18
      18
      14
      17
      23
      19
      17
      11
       4
       8
      13
       7
       9
       6
      13
       9
      16
      13
       6
       9
       7
       6
       3
       9
       9
       8
       9
       4
       8
       6
      12
      12
       6
       6
      10
       7
       6
       4
       3
       6
       4
       8
       8
      11
       9
       8
       7
       7
      12
       7
      13
       3
       7
       9
      11
       4
       7
       9
      11
      11
       6
      11
       7
       5
       5
      10
       7
      14
       8
       5
       9
       6
       6
       8
       9
      10
      12
      10
       7
       9
       6
      11
      11
       7
       7
       7
       7
       8
      11
       8
      12
      12
      10
       9
       4
      11
       6
      10
       6
       5
       9
       5
       9
       7
       5
       3
       6
       8
       7
       6
       7
       9
       5
       5
       4
       8
       5
       6
      10
       5
      10
       5
       9
       9
       7
       9
       9
       7
       6
       9
       8
      15
      10
       9
       5
       9
       7
       5
      11
       3
      10
      12
       8
       9
      10
      18
      10
       9
       9
       5
      10
       9
       9
      10
       8
       6
       5
       9
       4
       5
       4
       9
      10
      11
       4
       8
      13
       7
      13
       7
       4
       7
       7
       7
       8
      13
       7
       4
       7
      10
       6
       9
       7
      13
       6
       3
       8
       4
       6
      10
       6
       6
       7
       9
      15
       8
       7
       8
       8
       8
       5
       8
      10
       5
      10
      10
      14
      13
      15
      15
      23
      26
      30
      54
     103
     171
     198
     260
     312
     337
     286
     236
     180
      98
      56
      43
      20
      12
       8
      13
       4
       5
       8
       9
      10
       3
       7
       5
      14
       4
       8
      10
       6
       7
       7
       7
       9
      10
       4
       8
       9
       5
       5
       9
      10
       7
       3
      13
       8
       9
       6
       9
       9
      10
       3
       8
       6
       8
      10
       7
      11
       5
      12
       5
       9
       0
       8
       3
       5
       9
       9
      12
       3
       1
       7
       9
       2
       4
       5
       4
       5
       9
       6
      10
       8
       4
       8
       8
       4
       6
       5
       2
       5
       3
       6
       5
       7
       6
       4
       2
       7
       6
       7
       8
       9
       8
       6
       1
       4
       6
       6
       5
       8
       6
       9
       4
       9
       4
       3
       5
       3
       7
       7
       9
       2
       2
       8
       6
       6
       8
       7
       7
       7
       9
       8
       8
       6
       6
       7
       7
       8
       5
       9
       2
       9
       6
       5
       4
       4
       4
      14
       3
       7
       6
      10
       4
       4
       6
       5
       6
       4
       3
      10
       6
       6
       5
       6
       5
       4
       6
       3
       7
       4
       3
       5
       4
       6
      10
       3
       8
       5
       1
       4
       1
       1
       6
       5
       6
       6
       2
       8
       7
       7
       4
       5
       4
       4
       5
       5
       4
       7
       3
       5
       4
       7
       4
       6
       3
       3
       7
       3
       4
       4
       5
       5
       5
       4
       5
       2
       6
       5
       5
       3
       3
       2
       2
      10
       7
       7
       5
       6
       3
       4
       5
       3
       7
      10
       7
       7
       5
       6
       6
       3
       6
       7
       5
       6
       2
       1
       3
       3
       6
       5
       4
       5
       8
       4
       5
       7
       9
       1
       4
       6
       3
       3
       3
       6
       2
       4
       6
       6
      13
       9
       8
       5
       7
       2
       7
       3
       9
       7
      10
       5
       3
       6
       2
       8
       6
       6
       8
       7
       6
       2
       7
       1
       4
       5
       2
       5
       5
       1
       0
       6
       3
       6
       4
       4
       3
       3
       4
       3
       7
       4
       2
       1
       3
       4
       4
       8
       5
       1
       7
       6
       5
       3
       5
       5
       1
       6
       2
       6
       7
       5
       3
       6
       3
       4
       1
       5
       3
       0
       4
       5
       3
       1
       5
       3
       3
       2
       2
       5
       1
       2
       4
       4
       4
       5
       2
       1
       8
       1
       5
       5
       3
       2
       5
       4
       6
       5
       2
       2
       8
       3
       4
       2
       4
       3
       8
       5
       6
       5
       5
       0
       1
       1
       0
       5
       8
       3
       4
       6
       3
       3
       4
       3
       5
       3
       6
       5
       1
       6
       6
       4
       4
       4
       2
       4
       6
       2
       4
       9
       2
       2
       2
       4
       6
       2
       3
      10
       7
       8
       6
       8
       9
       8
       8
       7
       3
       5
       4
       3
       5
       6
       5
       3
       0
       2
       5
       2
       4
       1
       3
       3
       5
       5
       1
       2
       6
       6
       4
       9
       3
       0
       3
       2
       4
       6
       1
       7
       1
       3
       3
       7
       1
       5
       2
       3
       6
       1
       3
       5
       2
       5
       5
       5
       3
       8
       3
       2
       1
       0
       4
       1
       0
       5
       3
       8
       5
       2
       1
       3
       3
       3
       5
       3
       4
       2
       4
       5
       1
       5
      10
       4
       3
       2
       2
       4
       2
       9
       2
       6
       6
       1
       2
       1
       2
       5
       3
       0
       3
       2
       4
       4
       3
       4
       5
       6
       2
       4
       4
       2
       4
       3
       3
       1
       4
       5
       6
       4
       5
       1
       1
       5
       3
       2
       5
       2
       8
       3
       1
       1
       2
      10
       1
       2
       3
       5
       3
       5
       4
       3
       4
       6
       3
       3
       3
       4
       3
       4
       4
       4
       3
       4
       6
       1
       5
       3
       0
       3
       1
       3
       3
       4
       8
       6
       6
       5
       2
       4
      10
       4
       5
       2
       7
       7
       1
       2
       3
       1
       2
       3
       2
       3
       4
       6
       3
       4
       4
       2
       3
       8
       3
       6
       4
       3
       3
       5
       2
       6
       5
       1
       3
       1
       3
       3
       2
       2
       4
       1
       3
       4
       1
       6
       4
       3
       1
       2
       6
       8
       4
       3
       1
       4
       8
       5
       6
       4
       2
      13
      15
      22
      37
      63
      80
     133
     171
     238
     243
     276
     253
     211
     171
     122
      87
      24
      25
      12
       8
       9
       8
       9
       5
       3
       5
       3
       5
       2
       4
       7
       6
       3
       4
       4
       4
       3
       1
       6
       6
       5
       2
       4
       4
       2
       3
       3
       5
       3
       1
       3
       5
       3
       4
       2
       5
       3
       6
       7
       7
       1
       5
       3
       2
       4
       5
       4
       2
       2
       5
       0
       1
       2
       3
       4
       3
       3
       3
       4
       2
       1
       3
       3
       2
       4
       2
       3
       2
       5
       4
       4
       4
       3
       0
       3
       1
       7
       3
       2
       3
       1
       1
       0
       2
       1
       3
       5
       4
       3
       1
       2
       1
       3
       2
       0
       5
       3
       3
       4
       1
       2
       2
       1
       5
       3
       3
       4
       2
       3
       5
       2
       5
       2
       1
       4
       4
       1
       1
       1
       1
       1
       2
       2
       4
       1
       2
       0
       1
       2
       2
       3
       2
       4
       5
       4
       4
       4
       4
       0
       4
       2
       3
       2
       1
       1
       4
       3
       4
       3
       2
       4
       6
       1
       1
       1
       3
       3
       2
       2
       2
       2
       2
       1
       1
       2
       3
       4
       1
       2
       0
       5
       5
       5
       4
       3
       2
       8
       4
       3
       2
       2
       1
       1
       1
       0
       2
       5
       1
       3
       3
       0
       6
       0
       2
       3
       1
       1
       4
       5
       2
       4
       2
       2
       1
       3
       4
       5
       5
       0
       2
       4
       3
       4
       2
       3
       2
       0
       2
       1
       2
       2
       5
       4
       2
       2
       1
       3
       2
       4
       2
       1
       3
       0
       4
       0
       1
       1
       5
       0
       4
       2
       5
       1
       1
       2
       3
       1
       0
       2
       1
       3
       1
       2
       3
       2
       1
       0
       1
       1
       2
       2
       5
       3
       1
       1
       0
       2
       2
       2
       2
       2
       1
       1
       1
       3
       1
       3
       1
       4
       4
       1
       7
       4
       3
       3
       1
       3
       1
       5
       0
       6
       0
       2
       2
       4
       3
       2
       3
       1
       4
       2
       1
       1
       0
       2
       6
       1
       2
       3
       2
       6
       1
       0
       1
       2
       3
       0
       4
       4
       4
       2
       4
       1
       0
       6
       2
       2
       2
       2
       1
       2
       0
       3
       4
       2
       1
       1
       0
       2
       2
       3
       7
       0
       3
       4
       1
       6
       3
       2
       3
       1
       1
       2
       1
       3
       2
       2
       2
       3
       1
       0
       2
       1
       1
       1
       2
       2
       4
       2
       4
       1
       1
       5
       3
       1
       4
       4
       2
       0
       3
       4
       3
       1
       3
       2
       3
       2
       2
       3
       3
       4
       4
       5
       1
       1
       3
       2
       3
       3
       5
       3
       1
       3
       5
       2
       2
       4
       4
       0
       3
       3
       3
       2
       1
       1
       2
       2
       6
       0
       4
       1
       2
       0
       1
       0
       0
       3
       3
       5
       4
       0
       4
       2
       1
       4
       1
       4
       4
       2
       2
       1
       0
       2
       3
       0
       2
       2
       2
       1
       3
       3
       2
       0
       0
       2
       3
       1
       2
       5
       0
       1
       0
       2
       5
       1
       2
       1
       2
       3
       4
       0
       1
       2
       0
       2
       1
       2
       5
       5
       0
       4
       2
       1
       0
       2
       2
       2
       1
       3
       3
       1
       1
       3
       1
       0
       3
       0
       2
       5
       0
       1
       3
       6
       5
       6
       4
       9
      13
      15
      21
      22
      32
      43
      38
      38
      28
      26
      22
       7
      14
      11
       3
       5
       1
       1
       1
       3
       3
       2
       1
       4
       1
       3
       2
       1
       4
       2
       1
       2
       4
       0
       1
       3
       3
       2
       3
       1
       3
       1
       3
       3
       1
       1
       2
       0
       2
       4
       3
       2
       1
       1
       2
       0
       3
       3
       2
       1
       2
       1
       2
       1
       0
       1
       1
       0
       1
       2
       0
       2
       0
       1
       1
       2
       1
       1
       1
       0
       7
       5
       2
       0
       0
       1
       1
       2
       2
       1
       0
       3
       3
       3
       1
       3
       2
       0
       1
       3
       3
       2
       1
       1
       1
       2
       2
       1
       3
       4
       2
       1
       1
       0
       0
       2
       3
       0
       0
       3
       2
       4
       0
       1
       3
       3
       4
       1
       0
       1
       1
       3
       2
       1
       3
       0
       2
       0
       0
       1
       1
       3
       3
       2
       1
       2
       1
       3
       2
       3
       1
       4
       3
       3
       2
       2
       1
       0
       1
       2
       2
       2
       2
       0
       4
       4
       2
       2
       2
       3
       1
       3
       4
       3
       0
       0
       0
       3
       1
       1
       3
       2
       0
       3
       0
       0
       2
       1
       1
       2
       3
       2
       1
       1
       5
       1
       4
       1
       3
       2
       0
       2
       4
       2
       8
       1
       3
       5
       0
       3
       3
       2
       2
       0
       2
       1
       3
       0
       1
       1
       0
       2
       1
       3
       0
       1
       1
       0
       5
       1
       1
       2
       0
       4
       4
       2
       4
       2
       2
       0
       1
       2
       3
       0
       2
       2
       1
       1
       0
       0
       2
       1
       1
       3
       5
       0
       3
       2
       2
       1
       2
       1
       1
       1
       2
       0
       3
       1
       2
       2
       4
       2
       3
       1
       5
       1
       1
       2
       2
       0
       1
       2
       2
       5
       2
       2
       3
       2
       2
       1
       1
       0
       2
       3
       1
       1
       1
       4
       1
       1
       1
       1
       1
       2
       4
       3
       2
       2
       2
       1
       1
       0
       2
       0
       4
       1
       0
       1
       1
       0
       1
       1
       1
       1
       0
       2
       2
       3
       1
       2
       0
       1
       1
       4
       0
       3
       1
       1
       3
       2
       1
       0
       1
       0
       2
       0
       1
       1
       5
       3
       3
       1
       2
       4
       1
       1
       1
       0
       1
       1
       0
       2
       1
       1
       1
       4
       1
       3
       0
       1
       0
       1
       2
       1
       4
       1
       2
       3
       0
       2
       1
       0
       3
       0
       2
       0
       1
       2
       2
       1
       1
       2
       0
       1
       2
       1
       1
       0
       0
       1
       2
       3
       0
       2
       1
       0
       1
       1
       1
       2
       2
       2
       1
       1
       0
       2
       2
       1
       0
       3
       0
       0
       1
       2
       0
       0
       0
       0
       1
       0
       1
       0
       2
       2
       2
       0
       0
       1
       0
       1
       3
       1
       0
       2
       2
       1
       4
       4
       1
       4
       3
       0
       0
       0
       2
       3
       1
       2
       1
       2
       2
       0
       2
       0
       1
       1
       1
       2
       0
       0
       2
       1
       2
       0
       0
       2
       1
       2
       0
       1
       1
       1
       3
       1
       0
       2
       1
       2
       3
       2
       1
       2
       2
       1
       0
       1
       0
       5
       1
       1
       1
       0
       1
       1
       2
       4
       3
       3
       0
       2
       0
       0
       3
       4
       3
       3
       1
       2
       0
       1
       0
       5
       0
       4
       1
       2
       1
       2
       1
       0
       0
       0
       1
       5
       1
       1
       0
       2
       2
       4
       1
       1
       1
       1
       2
       2
       1
       4
       1
       1
       4
       1
       5
       1
       1
       1
       2
       3
       1
       1
       1
       0
       3
       2
       0
       0
       2
       2
       2
       1
       0
       3
       0
       4
       1
       2
       2
       1
       0
       2
       1
       0
       1
       1
       1
       0
       1
       0
       2
       1
       0
       2
       1
       2
       1
       2
       0
       1
       4
       1
       1
       1
       1
       3
       0
       0
       4
       1
       1
       1
       1
       1
       1
       1
       2
       3
       1
       0
       1
       0
       1
       3
       2
       2
       1
       3
       1
       2
       4
       1
       0
       1
       2
       0
       0
       1
       1
       0
       0
       2
       1
       2
       1
       0
       1
       1
       0
       1
       1
       4
       3
       2
       2
       1
       1
       2
       2
       1
       1
       0
       1
       1
       0
       0
       2
       1
       1
       3
       2
       0
       1
       1
       1
       3
       1
       0
       1
       0
       1
       2
       0
       2
       1
       1
       0
       1
       0
       2
       1
       1
       0
       1
       1
       0
       1
       1
       0
       2
       1
       0
       3
       1
       1
       1
       0
       3
       1
       2
       2
       0
       3
       0
       3
       3
       2
       1
       2
       0
       0
       0
       0
       3
       2
       1
       0
       1
       0
       1
       1
       0
       1
       1
       2
       3
       2
       2
       2
       0
       0
       3
       0
       0
       1
       0
       2
       3
       1
       0
       1
       0
       1
       3
       2
       1
       1
       2
       0
       1
       2
       1
       1
       0
       0
       0
       2
       1
       0
       0
       1
       1
       1
       2
       1
       0
       1
       0
       1
       1
       0
       1
       0
       2
       2
       0
       0
       1
       0
       1
       2
       0
       1
       0
       0
       1
       1
       1
       2
       2
       1
       0
       0
       1
       1
       1
       1
       1
       1
       0
       1
       5
       0
       3
       1
       0
       0
       0
       2
       3
       2
       0
       1
       3
       3
       0
       5
       1
       0
       0
       2
       3
       3
       2
       1
       0
       1
       0
       1
       1
       0
       0
       2
       0
       1
       0
       2
       2
       2
       1
       2
       3
       1
       2
       0
       1
       1
       2
       0
       0
       0
       0
       1
       0
       0
       0
       0
       0
       1
       0
       0
       1
       0
       1
       0
       1
       1
       1
       1
       1
       2
       2
       1
       2
       0
       0
       4
       1
       0
       0
       1
       0
       1
       1
       1
       1
       1
       0
       1
       0
       1
       2
       0
       2
       1
       0
       1
       1
       0
       0
       0
       1
       2
       5
       2
       2
       0
       1
       2
       1
       2
       0
       1
       1
       1
       2
       1
       1
       0
       0
       3
       3
       1
       2
       1
       0
       1
       1
       1
       1
       0
       1
       3
       1
       0
       1
       0
       2
       1
       1
       3
       0
       0
       1
       0
       2
       0
       3
       1
       0
       1
       2
       1
       2
       0
       2
       0
       2
       2
       1
       2
       0
       0
       1
       0
       0
       0
       2
       0
       1
       0
       0
       2
       0
       0
       1
       1
       0
       4
       3
       1
       2
       0
       2
       1
       0
       0
       1
       2
       0
       0
       2
       0
       1
       1
       0
       0
       1
       0
       2
       2
       2
       3
       0
       0
       1
       0
       1
       1
       0
       1
       0
       0
       1
       3
       1
       0
       2
       0
       2
       1
       0
       0
       2
       0
       1
       3
       1
       2
       0
       2
       0
       2
       0
       0
       2
       1
       1
       1
       0
       1
       0
       1
       1
       1
       1
       1
       1
       0
       1
       1
       1
       0
       0
       1
       0
       0
       1
       0
       1
       2
       2
       0
       0
       0
       0
       4
       1
       0
       0
       1
       0
       0
       3
       0
       1
       2
       2
       1
       1
       5
       2
       1
       0
       0
       0
       1
       0
       3
       0
       1
       2
       5
       3
       3
       4
       1
       5
       1
       1
       0
       0
       0
       3
       0
       4
       0
       0
       1
       0
       0
       1
       0
       1
       0
       0
       1
       1
       0
       1
       1
       1
       0
       2
       2
       0
       1
       1
       0
       0
       0
       1
       1
       1
       1
       2
       1
       0
       0
       0
       1
       0
       3
       0
       0
       3
       0
       0
       0
       1
       1
       0
       3
       1
       1
       1
       0
       0
       0
       2
       4
       2
       1
       1
       1
       2
       0
       1
       1
       0
       0
       1
       3
       2
       0
       0
       0
       0
       0
       2
       0
       0
       0
       1
       0
       1
       1
       1
       1
       1
       1
       1
       1
       1
       1
       1
       2
       0
       2
       2
       3
       0
       2
       1
       0
       0
       3
       1
       0
       1
       0
       1
       2
       1
       0
       0
       0
       1
       1
       1
       1
       2
       1
       2
       1
       2
       0
       1
       3
       2
       1
       5
       4
       4
       5
      11
       5
       9
       8
      12
       5
       4
       5
       2
       1
       0
       2
       0
       2
       1
       0
       0
       0
       1
       0
       2
       0
       0
       0
       1
       2
       0
       1
       3
       1
       1
       2
       3
       0
       1
       0
       1
       0
       0
       2
       1
       0
       1
       1
       3
       2
       0
       0
       0
       0
       0
       3
       1
       1
       0
       2
       0
       0
       2
       1
       2
       3
       2
       1
       1
       0
       0
       0
       0
       0
       4
       0
       0
       0
       0
       0
       4
       1
       1
       1
       0
       1
       5
       0
       3
       2
       0
       2
       1
       4
       2
       1
       2
       0
       1
       1
       1
       1
       3
       2
       0
       0
       0
       1
       1
       1
       1
       0
       0
       2
       1
       0
       2
       0
       1
       1
       0
       0
       1
       1
       0
       1
       1
       1
       0
       0
       0
       0
       1
       0
       1
       0
       2
       1
       0
       2
       0
       2
       2
       2
       2
       2
       1
       0
       1
       2
       0
       0
       1
       3
       0
       1
       0
       1
       2
       2
       0
       1
       1
       0
       0
       0
       1
       2
       2
       0
       2
       0
       0
       1
       1
       0
       0
       0
       0
       1
       0
       0
       1
       0
       1
       1
       0
       0
       1
       0
       0
       0
       0
       0
       0
       0
       2
       1
       1
       0
       1
       0
       3
       1
       4
       1
       2
       0
       2
       1
       1
       1
       0
       7
       0
       3
       0
       1
       2
       1
       0
       1
       1
       1
       1
       0
       1
       2
       0
       1
       0
       1
       3
       0
       0
       0
       0
       1
       1
       0
       0
       2
       0
       1
       0
       0
       2
       0
       2
       0
       0
       0
       2
       0
       1
       0
       0
       1
       1
       0
       2
       1
       1
       0
       3
       0
       1
       0
       1
       2
       1
       2
       0
       0
       0
       2
       0
       2
       0
       1
       0
       0
       1
       1
       0
       0
       2
       0
       2
       0
       2
       1
       0
       2
       0
       3
       1
       0
       1
       0
       1
       0
       2
       0
       1
       0
       1
       1
       1
       3
       3
       1
       0
       0
       0
       1
       0
       0
       1
       0
       2
       1
       1
       1
       3
       1
       0
       0
       0
       1
       2
       3
       1
       1
       2
       1
       0
       0
       0
       4
       3
       0
       1
       0
       2
       1
       2
       0
       2
       2
       1
       1
       0
       0
       0
       1
       0
       1
       1
       0
       0
       1
       0
       2
       2
       0
       1
       1
       1
       1
       0
       1
       0
       0
       0
       2
       0
       1
       1
       0
       0
       1
       2
       0
       1
       0
       1
       1
       0
       2
       0
       0
       0
       0
       1
       0
       1
       2
       2
       1
       0
       1
       0
       0
       0
       1
       0
       0
       1
       0
       0
       0
       0
       0
       0
       3
       1
       0
       0
       0
       1
       1
       0
       0
       1
       0
       0
       0
       1
       1
       0
       0
       0
       1
       1
       1
       1
       0
       0
       1
       0
       2
       0
       0
       1
       0
       0
       1
       1
       2
       2
       0
       0
       0
       0
       1
       0
       3
       0
       1
       1
       0
       0
       0
       0
       1
       0
       1
       3
       2
       0
       1
       1
       1
       1
       0
       2
       1
       1
       1
       0
       1
       1
       0
       1
       0
       1
       0
       1
       0
       0
       0
       0
       0
       1
       0
       0
       0
       0
       0
       2
       0
       1
       0
       0
       2
       0
       0
       3
       0
       1
       2
       1
       0
       0
       0
       0
       0
       0
       1
       0
       2
       0
       0
       1
       3
       1
       1
       0
       0
       0
       0
       0
       1
       1
       1
       0
       0
       1
       2
       1
       2
       0
       2
       1
       0
       1
       0
       0
       2
       1
       2
       1
       0
       1
       0
       1
       2
       1
       0
       1
       1
       0
       0
       0
       0
       0
       1
       3
       0
       0
       0
       1
       1
       2
       0
       0
       1
       1
       1
       1
       1
       0
       0
       1
       0
       2
       1
       1
       0
       2
       3
       1
       1
       0
       1
       1
       0
       1
       1
       1
       2
       1
       0
       0
       0
       0
       1
       1
       0
       0
       0
       2
       0
       1
       1
       0
       0
       0
       0
       1
       0
       2
       1
       0
       0
       0
       3
       0
       3
       2
       0
       1
       0
       1
       0
       1
       1
       0
       0
       1
       1
       0
       1
       1
       0
       0
       1
       0
       1
       2
       2
       0
       2
       0
       1
       1
       1
       0
       0
       0
       0
       1
       1
       1
       0
       1
       0
       0
       1
       1
       4
       1
       0
       0
       1
       2
       1
       1
       0
       1
       1
       0
       0
       1
       0
       3
       0
       0
       0
       0
       0
       2
       0
       1
       0
       1
       1
       1
       1
       0
       0
       1
       0
       0
       1
       0
       0
       0
       0
       0
       1
       1
       0
       0
       0
       1
       0
       2
       0
       2
       2
       3
       1
       0
       0
       0
       0
       2
       1
       0
       0
       0
       1
       0
       0
       0
       1
       1
       0
       0
       1
       0
       0
       0
       0
       1
       1
       0
       1
       0
       0
       1
       0
       0
       0
       0
       1
       2
       0
       1
       0
       2
       0
       1
       0
       1
       0
       1
       0
       0
       1
       0
       0
       0
       0
       0
       0
       2
       1
       0
       0
       0
       1
       1
       2
       0
       0
       0
       0
       1
       0
       2
       2
       1
       1
       0
       1
       0
       0
       1
       0
       1
       0
       0
       1
       1
       0
       1
       0
       1
       0
       1
       2
       1
       1
       1
       0
       1
       0
       0
       1
       1
       1
       0
       1
       1
       0
       0
       0
       0
       1
       0
       2
       2
       2
       0
       0
       0
       0
       1
       0
       1
       1
       2
       0
       1
       1
       1
       1
       0
       0
       1
       1
       1
       0
       1
       1
       2
       0
       1
       0
       1
       0
       2
       0
       0
       0
       2
       0
       0
       0
       2
       1
       1
       0
       0
       0
       0
       0
       0
       0
       0
       0
       0
       0
       0
       0
       0
       0
       0
       0
       0
       0
       0
       0
       0
       0
       0
       0
       0
       0
       0
       0
       0
       0
       0
       0
       0
       0
       0
       0
       0
       0
       0
       0
       0
       0
       0
       0
       0
       0
       0
       0
       0
       0
       0
       0
       0
       0
       0
       0
       0
       0
       0
       0
       0
       0
       0
       0
       0
       0
       0
       0
       0
       0
       0
       0
       0
       0
       0
       0
       0
       0
       0
       0
       0
       0
       0
       0
       0
       0
       0
       0
       0
       0
       0
       0
       0
       0
       0
       0
       0
       0
       0
       0
       0
       0
       0
       0
       0
       0
       0
       0
       0
       0
       0
       0
       0
       0
       0
       0
       0
       0
       0
       0
       0
       0
       0
       0
       0
       0
       0
       0
       0
$ROI:
2
1936 2287
5338 5513
$PRESETS:
Integral
500000
0
$ENER_FIT:
0.000000 0.245432
$MCA_CAL:
3
0.000000E+000 2.454316E-001 0.000000E+000 keV
$SHAPE_CAL:
3
7.465718E+000 0.000000E+000 0.000000E+000
