$SPEC_ID:
No sample description was entered.
$SPEC_REM:
DET# 1
DETDESC# BUNCHER Easy-MCA-8k SN 9051292
AP# Maestro Version 6.08
$DATE_MEA:
07/26/2019 15:00:56
$MEAS_TIM:
329 418
$DATA:
0 8191
       0
       0
       0
       0
       0
       0
       0
       0
       0
       0
       0
       0
       0
       0
       0
       0
       0
       0
       0
       4
       7
      59
     436
    1515
    2914
    4488
    5387
   12184
    6101
     482
     245
     132
     255
     805
    1536
    1905
    1973
    1746
    1566
    1425
    1297
    1387
    1383
    1398
    1346
    1395
    1362
    1442
    1375
    1359
    1332
    1340
    1327
    1225
    1284
    1289
    1330
    1275
    1251
    1255
    1316
    1229
    1257
    1203
    1156
    1294
    1184
    1201
    1147
    1118
    1093
    1141
    1161
    1115
    1120
    1114
    1100
    1148
    1157
    1110
    1100
    1064
    1118
    1075
     992
    1070
    1100
    1028
     996
    1019
    1026
     954
    1079
     988
    1086
    1024
    1012
    1001
    1041
    1013
    1028
    1031
    1009
     924
    1025
     975
     976
     954
     977
     947
    1002
     999
     908
     939
     952
     948
     913
    1002
     947
     973
     901
     950
     956
     907
     972
     979
     931
     886
     893
     893
     896
     916
     913
     954
     911
     888
     884
     903
     918
     941
     906
     902
     951
     875
     879
     864
     889
     898
     853
     860
     864
     894
     854
     861
     835
     896
     869
     864
     882
     886
     839
     837
     833
     864
     895
     866
     866
     855
     854
     827
     854
     836
     861
     811
     804
     799
     820
     826
     824
     840
     867
     836
     829
     799
     876
     897
     898
     872
     842
     869
     858
     830
     857
     854
     832
     868
     821
     851
     865
     875
     895
     839
     830
     871
     836
     859
     876
     859
     808
     869
     862
     916
     835
     828
     854
     835
     889
     836
     824
     879
     883
     850
     888
     901
     825
     888
     840
     923
     837
     899
     899
     892
     876
     862
     856
     892
     843
     846
     840
     846
     875
     884
     863
     887
     804
     867
     895
     871
     899
     870
     895
     900
     898
     919
     900
     856
     856
     839
     951
     910
     909
     953
     860
     878
     870
     880
     923
     895
     891
     949
     921
     880
     888
     945
     945
     898
     884
     896
     944
    1004
     957
     867
     955
     922
     924
     976
     927
     964
     935
     937
     953
     983
    1011
    1072
    1053
    1032
    1013
     963
    1001
     924
    1075
    1092
    1207
    1303
    1215
    1016
     998
     972
     954
     957
    1018
     972
     976
     997
     958
     990
     978
    1012
    1000
    1056
     945
     932
     988
     980
    1003
     993
    1033
    1031
    1004
     966
    1028
    1000
     986
    1012
     990
    1002
    1040
    1074
    1007
    1102
    1135
    1149
    1217
    1206
    1206
    1181
    1060
    1080
    1028
    1054
    1090
    1081
    1088
    1151
    1084
    1122
    1108
    1049
    1008
    1032
    1080
    1062
    1067
    1065
    1084
    1122
    1095
    1092
    1069
    1146
    1074
    1046
    1081
    1061
    1129
    1083
    1050
    1063
    1124
    1039
    1071
    1092
    1058
    1097
    1084
    1137
    1079
    1108
    1146
    1070
    1068
    1097
    1116
    1105
    1126
    1107
    1172
    1073
    1101
    1127
    1068
    1102
    1111
    1148
    1113
    1161
    1165
    1177
    1132
    1105
    1125
    1095
    1120
    1197
    1132
    1142
    1130
    1195
    1138
    1177
    1101
    1136
    1137
    1213
    1227
    1118
    1176
    1208
    1150
    1195
    1181
    1194
    1236
    1160
    1182
    1177
    1172
    1198
    1162
    1225
    1180
    1168
    1108
    1188
    1192
    1235
    1130
    1202
    1123
    1215
    1139
    1246
    1174
    1232
    1203
    1159
    1274
    1250
    1124
    1215
    1229
    1156
    1227
    1233
    1205
    1202
    1181
    1188
    1201
    1259
    1198
    1168
    1213
    1242
    1213
    1228
    1292
    1214
    1307
    1214
    1223
    1205
    1163
    1236
    1239
    1138
    1250
    1146
    1201
    1227
    1200
    1209
    1160
    1168
    1174
    1178
    1177
    1224
    1189
    1222
    1199
    1192
    1160
    1196
    1246
    1209
    1232
    1166
    1141
    1206
    1261
    1203
    1194
    1198
    1148
    1195
    1201
    1198
    1194
    1288
    1199
    1186
    1202
    1206
    1220
    1187
    1226
    1163
    1118
    1184
    1225
    1186
    1191
    1185
    1162
    1201
    1238
    1146
    1153
    1191
    1122
    1163
    1212
    1145
    1198
    1210
    1132
    1160
    1195
    1162
    1147
    1203
    1163
    1199
    1118
    1150
    1129
    1156
    1166
    1228
    1151
    1126
    1155
    1122
    1199
    1209
    1180
    1141
    1152
    1216
    1176
    1123
    1191
    1157
    1183
    1235
    1203
    1140
    1168
    1113
    1158
    1149
    1171
    1205
    1124
    1112
    1176
    1230
    1174
    1181
    1159
    1150
    1196
    1118
    1083
    1118
    1180
    1135
    1165
    1180
    1184
    1049
    1092
    1177
    1139
    1086
    1134
    1123
    1112
    1156
    1139
    1162
    1122
    1134
    1157
    1150
    1103
    1180
    1070
    1145
    1127
    1132
    1119
    1129
    1122
    1132
    1061
    1146
    1188
    1161
    1167
    1079
    1106
    1121
    1087
    1165
    1126
    1162
    1162
    1044
    1114
    1112
    1123
    1179
    1141
    1151
    1071
    1161
    1171
    1130
    1141
    1094
    1030
    1098
    1122
    1167
    1129
    1134
    1184
    1119
    1123
    1146
    1144
    1077
    1204
    1119
    1119
    1083
    1119
    1153
    1108
    1132
    1147
    1145
    1122
    1160
    1082
    1161
    1125
    1079
    1129
    1097
    1129
    1146
    1160
    1173
    1165
    1095
    1111
    1202
    1175
    1098
    1171
    1195
    1187
    1197
    1178
    1209
    1185
    1217
    1220
    1192
    1234
    1255
    1176
    1204
    1207
    1232
    1242
    1207
    1193
    1231
    1181
    1271
    1139
    1212
    1142
    1126
    1184
    1131
    1239
    1156
    1131
    1137
    1132
    1103
    1094
    1115
    1090
    1161
    1139
    1136
    1135
    1153
    1095
    1155
    1137
    1072
    1031
    1157
    1083
    1098
    1135
    1130
    1116
    1087
    1051
    1046
    1083
    1059
    1073
    1110
    1154
    1056
    1098
    1126
    1072
    1088
    1010
    1128
    1049
    1091
     993
    1026
    1038
    1035
    1028
    1010
    1006
    1047
    1101
    1020
    1053
    1028
    1042
    1003
    1024
     974
     972
    1002
     943
    1030
    1013
    1033
    1023
    1025
     988
    1017
    1019
    1006
     969
    1014
     994
     982
    1025
    1000
     956
     986
    1022
     975
    1004
    1068
     994
     964
     957
    1004
     967
     989
     974
     920
    1016
     965
     960
     961
     946
     953
     985
     942
     973
     929
     951
     999
     980
     917
     931
     937
    1002
    1018
     948
     888
     919
     950
     966
     965
     920
     989
     916
     955
     943
     948
     915
     946
     938
     942
     988
     949
     935
     979
     946
     972
     933
     915
     910
     872
     918
     953
     954
     865
     928
     949
     881
     929
     962
     863
     915
     932
     959
     859
     978
     861
     894
     891
     898
     910
     909
     862
     885
     940
     827
     913
     932
     904
     902
     817
     925
     944
     917
     903
     859
     883
     851
     895
     822
     877
     880
     933
     859
     881
     897
     873
     915
     902
     890
     930
     907
     880
     933
     901
     862
     914
     939
     973
     925
     907
     877
     899
     903
     897
     885
     934
     869
     928
     922
     871
     850
     870
     871
     899
     839
     921
     883
     844
     826
     924
     896
     862
     844
     885
     911
     897
     898
     888
     882
     850
     901
     881
     875
     886
     847
     864
     891
     861
     870
     883
     845
     853
     828
     824
     882
     850
     884
     886
     893
     900
     892
     889
     870
     883
     889
     891
     861
     918
     874
     919
     923
     841
     921
     977
     900
     918
     843
     932
     926
     809
     886
     903
     924
     901
     899
     853
     856
     848
     848
     862
     926
     823
     887
     862
     859
     849
     925
     886
     894
     902
     869
     869
     833
     852
     850
     895
     873
     865
     861
     953
     864
     852
     872
     907
     871
     826
     889
     872
     915
     882
     851
     920
     880
     849
     912
     908
     839
     857
     910
     905
     867
     887
     892
     906
     869
     859
     856
     873
     848
     895
     897
     862
     836
     885
     917
     891
     899
     935
     877
     899
     859
     899
     842
     888
     880
     874
     908
     886
     881
     848
     879
     869
     865
     921
     876
     890
     818
     938
     897
     896
     879
     895
     889
     894
     901
     915
     880
     845
     901
     888
     938
     897
     828
     877
     915
     945
     881
     901
     903
     846
     855
     880
     875
     888
     935
     873
     913
     854
     898
     892
     943
     876
     841
     912
     895
     870
     890
     924
     900
     870
     872
     889
     922
     884
     905
     869
     881
     928
     873
     895
     908
     927
     880
     917
     914
     874
     895
     879
     928
     874
     910
     892
     957
     898
     931
     876
     975
     886
     907
     915
     906
     903
     925
     900
     863
     881
     897
     874
     878
     851
     942
     881
     914
     959
     968
     959
     915
     879
     939
     928
     934
     898
     913
     865
     906
     923
     894
     933
     905
     952
     867
     947
     934
     918
     896
     846
     918
     837
     998
     949
     877
     968
     954
     912
     977
     951
     890
     927
     917
     886
    1011
     972
     880
     902
     995
     918
     977
     907
     923
     944
     888
     945
     900
     901
     965
     900
     951
     975
     974
     940
     995
     920
     990
     933
    1002
     974
     878
     946
     973
     981
     956
     954
     949
     994
     901
     976
     957
     943
     978
    1032
    1008
     930
     918
    1016
     990
     951
     942
     945
     901
     992
     941
     949
     926
     963
     950
    1013
     963
    1015
     911
     958
     973
     996
     973
     966
     969
     908
    1002
     991
     967
    1002
    1012
     995
    1086
    1025
    1005
     988
     932
    1012
    1049
     981
     968
     972
    1016
    1024
    1055
     978
    1017
    1048
     976
    1031
    1009
    1022
    1021
     965
    1008
    1045
     975
    1013
     987
     973
    1080
    1068
     992
    1041
    1022
    1027
     993
    1050
    1048
    1021
    1000
    1031
    1009
    1013
    1091
    1062
    1080
    1056
    1025
    1020
    1004
     965
    1001
    1061
    1059
    1101
    1035
    1078
     999
     989
    1053
    1021
    1027
    1058
    1015
    1043
    1035
    1041
    1004
    1082
    1036
    1052
    1055
    1031
    1068
     983
    1062
    1108
    1031
    1044
    1033
    1064
    1049
    1049
     999
    1033
    1008
    1024
    1030
    1030
    1020
    1035
    1009
    1083
    1002
    1003
    1028
    1040
    1018
     986
    1010
    1021
     951
    1036
    1036
    1038
    1067
     993
    1037
    1030
     969
     959
     990
     949
    1006
     974
     952
     961
     947
     911
     974
     944
     861
     847
     872
     904
     874
     863
     832
     795
     809
     811
     777
     815
     853
     799
     784
     792
     783
     840
     795
     791
     755
     781
     796
     769
     760
     749
     768
     744
     792
     736
     766
     727
     698
     750
     732
     726
     678
     677
     665
     724
     748
     670
     699
     677
     738
     683
     723
     696
     713
     686
     687
     680
     726
     671
     682
     671
     620
     674
     646
     665
     671
     624
     686
     690
     657
     698
     661
     655
     599
     609
     627
     653
     673
     642
     631
     617
     653
     649
     637
     626
     621
     563
     630
     651
     618
     607
     648
     614
     587
     608
     582
     595
     583
     585
     620
     615
     607
     621
     591
     623
     580
     574
     575
     592
     635
     579
     595
     605
     543
     563
     601
     585
     607
     631
     594
     538
     566
     579
     585
     562
     572
     555
     598
     588
     555
     562
     557
     594
     558
     554
     562
     566
     567
     559
     578
     540
     553
     533
     555
     556
     558
     582
     574
     541
     553
     566
     505
     613
     501
     547
     499
     534
     529
     560
     549
     575
     507
     563
     530
     557
     523
     517
     519
     532
     486
     548
     490
     537
     549
     507
     540
     516
     536
     542
     509
     542
     523
     516
     534
     501
     529
     504
     519
     489
     492
     494
     473
     496
     502
     498
     485
     491
     477
     514
     491
     498
     539
     493
     495
     469
     476
     480
     485
     452
     476
     507
     457
     475
     469
     486
     495
     488
     478
     469
     474
     456
     469
     497
     431
     483
     484
     460
     490
     454
     444
     481
     474
     486
     467
     482
     504
     497
     467
     496
     438
     444
     459
     489
     431
     433
     469
     463
     440
     478
     461
     440
     482
     469
     460
     460
     433
     456
     466
     445
     437
     415
     458
     458
     461
     423
     428
     455
     419
     463
     430
     411
     477
     421
     444
     469
     473
     436
     422
     450
     435
     450
     435
     444
     421
     440
     464
     441
     429
     381
     409
     444
     473
     433
     440
     417
     397
     429
     404
     440
     429
     403
     407
     393
     389
     389
     450
     446
     431
     395
     413
     416
     394
     419
     442
     449
     418
     427
     423
     425
     413
     441
     426
     410
     398
     414
     411
     434
     433
     401
     399
     389
     411
     390
     421
     434
     386
     396
     441
     423
     417
     392
     379
     420
     381
     423
     385
     391
     378
     421
     365
     379
     436
     422
     418
     385
     411
     430
     429
     385
     406
     420
     407
     431
     399
     416
     398
     405
     439
     366
     397
     375
     421
     390
     405
     385
     383
     424
     393
     424
     387
     402
     396
     364
     370
     389
     386
     415
     429
     424
     416
     418
     402
     359
     425
     391
     406
     410
     388
     389
     386
     425
     413
     427
     379
     398
     433
     385
     418
     428
     410
     453
     410
     414
     449
     414
     402
     394
     369
     384
     409
     427
     373
     370
     408
     419
     393
     393
     416
     422
     388
     366
     407
     397
     431
     412
     416
     392
     386
     427
     432
     377
     399
     391
     377
     405
     399
     384
     389
     392
     407
     412
     413
     396
     383
     361
     376
     396
     418
     429
     349
     419
     385
     412
     360
     396
     341
     381
     403
     376
     387
     448
     358
     414
     421
     377
     409
     359
     399
     408
     375
     409
     378
     378
     392
     399
     366
     400
     379
     388
     359
     404
     362
     372
     408
     367
     378
     420
     398
     419
     398
     353
     365
     399
     369
     381
     405
     402
     379
     370
     376
     389
     392
     369
     378
     374
     380
     360
     360
     375
     383
     388
     367
     364
     368
     397
     382
     382
     374
     386
     384
     380
     385
     389
     378
     429
     343
     370
     389
     332
     404
     421
     379
     362
     358
     390
     404
     369
     380
     401
     341
     375
     400
     409
     386
     360
     367
     413
     361
     356
     380
     367
     356
     368
     379
     356
     373
     371
     386
     410
     360
     335
     375
     374
     382
     375
     343
     391
     325
     343
     405
     336
     368
     363
     405
     386
     349
     369
     394
     373
     391
     354
     391
     355
     361
     389
     361
     390
     363
     346
     365
     383
     348
     367
     386
     389
     356
     394
     363
     388
     405
     377
     392
     374
     371
     374
     345
     390
     370
     359
     393
     382
     401
     384
     354
     375
     343
     362
     338
     379
     351
     391
     400
     372
     380
     388
     359
     339
     396
     386
     386
     364
     362
     393
     397
     333
     392
     355
     379
     403
     375
     346
     373
     390
     378
     375
     357
     389
     372
     369
     405
     384
     360
     400
     378
     399
     368
     395
     412
     417
     390
     397
     407
     453
     428
     442
     495
     541
     530
     559
     616
     740
     801
     981
    1080
    1319
    1625
    2080
    2660
    3379
    4432
    5684
    7476
    9570
   12271
   15366
   19075
   22396
   25465
   28277
   29899
   30898
   30303
   28662
   26291
   23070
   19482
   16069
   12646
    9888
    7597
    5671
    4251
    3285
    2496
    1811
    1455
    1143
     920
     816
     654
     582
     489
     430
     372
     346
     331
     334
     309
     264
     271
     244
     267
     223
     235
     234
     214
     227
     214
     226
     208
     206
     201
     193
     165
     184
     210
     214
     195
     191
     188
     181
     172
     164
     192
     195
     180
     170
     178
     188
     168
     169
     160
     185
     176
     155
     173
     169
     150
     172
     180
     118
     149
     160
     157
     165
     152
     163
     130
     150
     140
     153
     140
     154
     144
     135
     127
     133
     136
     127
     140
     140
     138
     143
     115
     138
     133
     133
     123
     121
     105
     152
     146
     115
     122
     151
     115
     116
     120
     122
     120
     121
     116
     138
     168
     132
     110
     101
     126
     127
     117
     116
     110
     117
     118
     108
     115
     104
     119
     125
     126
      99
     116
     114
     113
      99
     121
     101
     101
     100
     120
     120
      99
     135
     101
      95
      96
     121
      97
     101
      95
     101
     111
     138
     141
     118
     112
     128
     111
     110
     112
     122
      94
      94
      96
     108
      91
      98
     110
     106
      99
     101
     113
      95
     102
     100
     101
      96
      97
     119
      94
     104
     104
     101
     110
     107
     100
     101
      87
     107
      99
      93
     101
     101
     114
     113
      92
     100
     104
     105
     101
      94
     108
      90
      89
     102
      96
      84
     113
      84
      98
      91
     104
     100
      97
     105
     113
     102
      76
      97
      93
      84
      95
     102
     103
     104
      75
      94
      91
     111
     102
     104
     107
      97
      98
      93
      73
      84
      96
      96
      98
      89
     103
     108
      82
      89
      93
     102
      95
      99
      95
      88
      96
      81
      94
      85
      92
      90
      77
      80
      88
      77
      89
      98
      88
     112
      99
      85
      82
     106
      91
      80
     107
      73
      86
      88
      85
      82
      88
      94
      87
      82
      81
      71
      80
      80
      92
      98
      72
      81
      83
      86
      75
      86
      89
      94
     114
      88
      92
      94
     100
      91
      82
      90
      82
      66
      84
      85
      98
      83
      75
      75
      87
      83
      95
     110
      80
      84
      80
      81
      75
      97
      77
      83
      88
      85
      94
      84
      73
      78
      87
      94
      83
      89
      75
      76
      77
      80
      84
      96
      79
      77
      79
      81
      87
      77
      87
      69
      84
      77
      76
      67
      95
      80
      87
      58
      75
      91
      82
      87
      76
      77
      76
      84
      97
      82
      80
      80
      86
      75
      84
      79
      90
      89
      74
      79
      70
      78
      81
      91
      86
      84
      70
      90
      85
      71
      73
      94
      75
      72
      67
      80
      79
      74
      71
      76
      84
     101
      74
     104
      99
     118
     107
     114
     124
     110
      87
      88
      77
      83
      69
      78
      86
      78
      83
      89
      85
      69
      84
      45
      68
      73
      73
      79
      66
      77
      70
      75
      70
      70
      60
      65
      77
      70
      73
      83
      82
      71
      68
      63
      77
      75
      72
      76
      75
      75
      72
      74
      62
      82
      70
      78
      61
      82
      63
      70
      71
      69
      78
      77
      69
      80
      65
      66
      75
      64
      84
      70
      76
      77
      73
      79
      85
      65
      77
      69
      83
      68
      61
      66
      81
      68
      82
      74
      73
      65
      59
      65
      68
      65
      73
      76
      64
      56
      63
      71
      83
      65
      56
      74
      68
      67
      60
      71
      70
      56
      69
      69
      65
      60
      66
      62
      68
      75
      55
      64
      66
      60
      63
      57
      57
      57
      70
      52
      67
      68
      67
      68
      72
      52
      70
      81
      59
      66
      80
      64
      64
      64
      79
      57
      69
      56
      71
      63
      50
      68
      62
      61
      78
      65
      62
      64
      61
      67
      66
      51
      56
      67
      63
      64
      65
      69
      71
      65
      66
      66
      63
      56
      52
      59
      54
      56
      60
      64
      61
      53
      60
      54
      52
      70
      48
      54
      61
      69
      56
      53
      59
      61
      59
      53
      87
      56
      48
      59
      63
      64
      59
      54
      68
      60
      67
      72
      57
      63
      57
      55
      61
      63
      64
      57
      66
      50
      63
      73
      74
      54
      80
      59
      60
      67
      68
      48
      58
      56
      54
      50
      47
      71
      50
      62
      71
      50
      60
      69
      54
      53
      53
      56
      59
      44
      66
      47
      47
      62
      55
      66
      53
      55
      56
      61
      53
      52
      54
      56
      58
      56
      73
      55
      55
      68
      47
      51
      50
      56
      54
      57
      54
      62
      52
      50
      57
      64
      49
      49
      55
      43
      45
      54
      60
      53
      52
      51
      52
      47
      52
      44
      50
      60
      53
      45
      55
      53
      74
      53
      50
      49
      56
      54
      49
      47
      57
      57
      54
      61
      62
      57
      56
      46
      59
      51
      59
      57
      58
      50
      48
      55
      52
      53
      38
      48
      46
      57
      56
      51
      45
      55
      60
      53
      51
      47
      45
      57
      42
      57
      45
      48
      52
      45
      61
      41
      57
      45
      57
      45
      58
      49
      58
      46
      53
      37
      40
      59
      52
      56
      60
      40
      53
      56
      49
      53
      55
      46
      52
      58
      58
      56
      38
      43
      42
      52
      60
      49
      50
      33
      45
      47
      43
      44
      57
      48
      53
      50
      44
      46
      42
      44
      47
      44
      57
      61
      50
      39
      47
      47
      47
      41
      56
      42
      46
      49
      43
      22
      41
      45
      50
      44
      45
      48
      47
      52
      50
      45
      49
      49
      56
      43
      49
      54
      44
      54
      50
      54
      56
      46
      60
      46
      49
      44
      44
      42
      42
      55
      35
      55
      52
      49
      48
      46
      46
      53
      71
      43
      44
      36
      42
      45
      65
      47
      36
      49
      33
      53
      40
      43
      51
      47
      33
      54
      40
      52
      40
      41
      41
      40
      51
      43
      40
      38
      41
      34
      57
      46
      38
      39
      43
      53
      56
      38
      40
      43
      45
      46
      48
      33
      51
      59
      32
      42
      40
      40
      42
      40
      44
      34
      45
      44
      40
      44
      37
      37
      41
      52
      37
      56
      38
      39
      40
      45
      42
      47
      38
      37
      49
      38
      34
      38
      47
      47
      36
      44
      37
      38
      41
      41
      32
      48
      46
      39
      40
      32
      42
      51
      40
      38
      49
      44
      36
      43
      34
      35
      52
      40
      40
      55
      47
      35
      36
      42
      33
      39
      43
      45
      38
      34
      44
      49
      35
      33
      44
      46
      35
      52
      47
      28
      40
      43
      43
      41
      39
      36
      41
      45
      41
      46
      30
      34
      45
      34
      30
      33
      36
      34
      28
      49
      30
      40
      41
      36
      43
      30
      36
      41
      33
      44
      42
      45
      37
      29
      43
      35
      44
      40
      35
      44
      32
      37
      46
      30
      36
      40
      37
      48
      48
      42
      35
      21
      32
      31
      48
      49
      30
      57
      34
      42
      39
      31
      29
      33
      41
      36
      30
      52
      42
      47
      30
      41
      33
      28
      38
      35
      40
      35
      36
      39
      42
      29
      31
      35
      47
      42
      33
      43
      51
      43
      47
      34
      41
      29
      37
      33
      31
      32
      43
      44
      32
      30
      42
      35
      31
      35
      30
      29
      39
      36
      38
      32
      37
      30
      39
      50
      39
      32
      39
      34
      36
      31
      26
      43
      40
      42
      37
      42
      46
      34
      19
      39
      39
      35
      42
      39
      44
      34
      33
      34
      35
      34
      32
      32
      47
      42
      30
      29
      49
      38
      37
      33
      39
      29
      32
      34
      25
      31
      38
      43
      40
      33
      43
      45
      27
      40
      33
      38
      28
      32
      34
      28
      30
      41
      41
      39
      29
      40
      26
      35
      37
      39
      33
      47
      39
      37
      36
      34
      27
      34
      31
      35
      32
      50
      29
      34
      42
      39
      35
      42
      31
      36
      33
      30
      34
      36
      27
      36
      29
      31
      34
      25
      33
      30
      38
      35
      29
      30
      28
      40
      45
      29
      33
      45
      33
      32
      30
      38
      24
      28
      18
      40
      22
      34
      32
      39
      36
      25
      40
      37
      43
      22
      32
      32
      30
      35
      29
      33
      30
      34
      39
      37
      36
      22
      33
      35
      27
      34
      37
      23
      50
      37
      40
      34
      31
      34
      24
      42
      32
      35
      46
      40
      43
      36
      34
      30
      43
      34
      32
      26
      19
      26
      25
      33
      32
      36
      25
      32
      34
      28
      23
      35
      31
      19
      28
      32
      46
      22
      23
      29
      29
      39
      23
      25
      46
      31
      27
      26
      35
      21
      29
      25
      28
      37
      36
      31
      31
      29
      36
      29
      27
      24
      37
      34
      29
      36
      25
      28
      33
      28
      36
      31
      27
      32
      30
      28
      24
      28
      32
      38
      21
      27
      35
      32
      32
      32
      23
      29
      30
      26
      35
      34
      29
      26
      22
      24
      34
      42
      24
      36
      27
      36
      34
      34
      32
      24
      33
      36
      32
      25
      32
      34
      29
      28
      34
      37
      20
      33
      31
      24
      25
      22
      26
      28
      29
      25
      17
      32
      32
      35
      28
      29
      25
      24
      33
      26
      25
      26
      32
      15
      32
      36
      25
      31
      34
      32
      23
      29
      28
      30
      31
      21
      24
      24
      33
      30
      27
      30
      30
      15
      37
      27
      23
      26
      31
      24
      25
      29
      27
      16
      19
      23
      27
      26
      30
      33
      29
      28
      15
      22
      23
      29
      38
      23
      22
      26
      20
      20
      27
      29
      26
      24
      14
      22
      30
      32
      33
      31
      22
      22
      22
      29
      31
      34
      39
      28
      28
      23
      24
      32
      24
      24
      25
      30
      20
      24
      24
      23
      27
      21
      23
      22
      29
      24
      19
      21
      34
      27
      26
      27
      23
      20
      34
      24
      25
      24
      26
      24
      22
      36
      32
      25
      29
      20
      22
      14
      23
      17
      21
      22
      27
      23
      20
      32
      25
      26
      36
      31
      23
      31
      28
      26
      33
      32
      24
      23
      21
      28
      25
      24
      25
      21
      26
      32
      24
      30
      18
      19
      33
      31
      28
      26
      34
      26
      21
      23
      17
      33
      25
      17
      27
      24
      14
      26
      24
      26
      25
      18
      23
      20
      26
      31
      25
      30
      22
      26
      34
      27
      28
      18
      24
      22
      27
      26
      24
      29
      31
      22
      25
      21
      21
      22
      32
      17
      22
      33
      28
      29
      29
      22
      29
      22
      22
      26
      19
      20
      28
      14
      29
      15
      11
      20
      21
      21
      24
      23
      27
      29
      22
      23
      13
      30
      27
      22
      16
      27
      28
      26
      19
      24
      25
      19
      17
      33
      20
      25
      29
      30
      18
      26
      19
      17
      19
      21
      26
      27
      30
      19
      23
      19
      27
      23
      27
      20
      24
      22
      25
      14
      23
      26
       9
      21
      20
      24
      31
      25
      23
      22
      21
      19
      21
      32
      26
      17
      20
      29
      38
      24
      27
      33
      43
      26
      21
      19
      26
      22
      24
      23
      19
      23
      29
      29
      23
      24
      26
      30
      15
      24
      24
      41
      22
      28
      19
      29
      27
      18
      35
      19
      27
       9
      23
      22
      23
      27
      32
      16
      22
      22
      27
      21
      19
      21
      25
      24
      18
      19
      23
      25
      27
      33
      19
      19
      33
      18
      27
      27
      25
      22
      21
      18
      29
      30
      11
      20
      25
      26
      22
      27
      26
      28
      28
      21
      31
      25
      27
      19
      27
      19
      19
      19
      20
      20
      32
      18
      28
      29
      24
      14
      25
      20
      22
      32
      23
      30
      18
      15
      22
      29
      16
      18
      32
      31
      20
      31
      23
      24
      23
      23
      16
      24
      27
      24
      22
      24
      27
      23
      19
      26
      20
      23
      21
      14
      25
      22
      24
      14
      20
      20
      28
      23
      27
      21
      25
      15
      25
      26
      28
      22
      28
      21
      27
      27
      29
      15
      22
      17
      22
      24
      28
      19
      25
      28
      26
      21
      23
      17
      20
      21
      26
      14
      19
      20
      17
      34
      26
      21
      28
      17
      18
      19
      35
      26
      21
      21
      24
      18
      23
      19
      20
      16
      22
      31
      24
      22
      22
      19
      23
      23
      24
      24
      27
      20
      25
      26
      21
      19
      25
      25
      25
      21
      25
      29
      20
      26
      23
      25
      28
      20
      26
      24
      29
      20
      26
      18
      18
      23
      18
      22
      18
      16
      29
      21
      19
      24
      23
      21
      21
      23
      24
      21
      24
      22
      20
      31
      25
      30
      14
      28
      18
      24
      14
      16
      15
      16
      30
      21
      22
      18
      17
      24
      18
      23
      17
      18
      10
      23
      21
      26
      17
      22
      21
      27
      15
      15
      18
      22
      19
      27
      21
      24
      28
      14
      21
      21
      27
      26
      13
      23
      26
      26
      19
      17
      19
      27
      19
      20
      23
      20
      12
      22
      26
      22
      20
      11
      18
      19
      33
      27
      17
      19
      24
      21
      19
      18
      26
      13
      16
      11
      16
      31
      12
      21
      27
      22
      24
      17
      18
      15
      21
      21
      18
      20
      22
      25
      31
      15
      19
      15
      16
      18
      20
      20
      22
      14
      14
      13
      18
      16
      17
      21
      29
      15
      22
      23
      21
      23
      24
      15
      22
      23
      16
      19
      18
      21
      25
      19
      24
      17
      24
      24
      16
      21
      17
      14
      24
      20
      19
      24
      20
      17
      16
      28
      27
      18
      25
      26
      15
      27
      16
      25
      19
      18
      22
      23
      14
      11
      25
      21
      17
      21
      28
      21
      20
      22
      24
      17
      18
      20
      25
      21
      21
      14
      20
      17
      27
      23
      18
      23
      18
      22
      37
      21
      23
      23
      19
      22
      31
      21
      19
      25
      24
      33
      21
      25
      22
      23
      23
      28
      34
      29
      23
      28
      21
      24
      27
      30
      45
      31
      37
      36
      33
      35
      32
      37
      33
      34
      41
      46
      25
      44
      30
      33
      31
      31
      25
      25
      20
      14
      23
      20
      16
      16
      19
      15
      15
      18
      10
      17
      12
      16
      10
      16
      11
      15
      18
      15
      13
      14
      14
      18
       9
      13
      13
      15
      13
      12
      14
       4
      23
      13
      17
      10
       9
      14
       8
      13
      18
      17
      14
      11
       8
      19
       6
      13
      11
       9
      11
       8
      13
      18
      16
      16
      13
      18
       9
      15
      15
      13
       7
      13
      10
       9
      14
      18
      16
       7
      10
      13
      10
      14
      10
       9
      12
      12
       9
      17
       9
      11
      10
      13
      10
      13
      10
      11
       8
      12
      13
      11
      18
      14
       7
       4
       9
      10
      11
       9
      12
       9
       8
      15
      11
       6
      16
       7
      14
      15
      10
      10
       4
      14
      15
      11
       8
      11
      13
       9
      14
       8
       7
      13
      12
      11
      13
      11
       4
       9
       9
      10
      12
      14
      11
      13
      16
      10
      12
      11
      11
       9
      10
       9
       8
      10
       9
       7
      16
       9
       8
      11
      11
      13
       8
       4
      16
      14
       9
      19
      11
       9
      14
      10
      13
      13
      13
       9
      10
      11
      16
       7
      12
      11
      13
      16
      11
      11
      14
       9
      16
       7
      12
      12
      11
      16
      10
       8
       7
       7
       8
      16
       9
      14
      11
      12
      17
       9
      10
      12
       3
      10
      10
      16
      13
       7
      10
      10
       5
      12
       9
       5
       5
       9
      11
      12
       7
      14
      10
      16
      13
      15
      12
       5
       7
      13
      13
      15
      10
      10
      14
      12
      11
       8
      13
      13
      10
      12
       9
       9
      12
       7
      11
      10
       8
      11
       9
      10
       8
       7
       9
       4
      11
      12
       9
      12
       8
       4
      14
      14
      13
       5
      19
      10
      17
      11
       8
       7
      12
      13
       9
      11
      10
       8
      10
       6
      11
       8
      11
      10
      12
      10
       9
       8
      16
      12
       9
      14
      10
       8
       2
       6
      20
       7
       9
      11
      11
       6
      10
       7
      12
       9
       7
       5
       8
      12
       8
       5
       8
      12
      13
      13
      16
      21
      10
       9
      15
      12
       8
      15
      11
       6
       8
      13
      12
       2
       4
      15
      13
       9
      11
      10
      15
       7
       7
       8
      18
       6
       5
       8
      11
      11
      10
       7
      10
      11
       7
       5
      12
       6
       7
      15
      10
      15
       4
      19
       9
       7
      11
       7
      13
       8
       7
      13
      14
       5
      12
      11
       9
      10
       7
      14
      12
      18
      11
       8
      12
      13
      10
      15
      11
       5
       9
       9
      11
       8
      11
      13
       9
       8
      11
      13
      15
      16
      15
      25
      17
      15
      16
      15
      10
      10
      17
       4
       7
      10
       8
      10
      14
       7
       5
       7
       4
      12
       7
       6
       9
      10
       9
       5
       6
      10
       6
       8
       9
      15
      12
       7
       7
       7
       7
       9
      10
       7
       9
       2
       7
      10
       9
       6
      11
       7
      12
      12
      10
      12
       9
       5
      14
       9
       3
      11
       5
       7
       8
       6
       7
       7
       8
       5
      11
       8
      14
      10
       6
       7
      13
       5
       6
       9
       8
      11
       7
       7
       4
       4
       5
       9
       5
      10
       7
       5
       4
       8
      11
       8
       5
       4
       8
       6
       7
       7
       3
      10
       9
       7
       3
      10
      13
      11
       6
       6
       7
       7
       5
       8
       7
       6
       5
       7
       8
       6
       8
      10
       6
       5
       7
      10
       7
       4
       4
       7
      10
       3
       6
      13
      11
       6
      12
       6
       6
       5
       8
       8
       6
       1
       7
       8
      14
      10
       8
       8
      10
       7
       6
       7
       6
       8
       9
       6
      13
       5
       5
       5
      10
      12
       8
       9
       7
       5
      10
       9
       6
      10
       8
       9
       7
       6
       4
       7
       9
       4
       5
       7
       5
       3
       4
       2
       6
       8
       9
       5
       9
       7
       5
       4
       7
       7
      12
      10
       6
       7
       4
       4
       4
      10
       8
      10
       4
      13
      11
      19
       8
      18
      34
      42
      86
      99
     135
     229
     272
     307
     274
     279
     256
     161
     104
      55
      38
      24
      12
       7
       6
       3
       8
       4
      12
      11
       8
      12
      11
      11
       8
       4
       9
       7
      11
       7
       6
       3
       4
      10
       4
      10
       3
       8
       7
       2
      10
       8
       6
       5
       7
       6
       3
       7
       6
       9
       6
       3
       6
       8
       7
       7
       9
       4
      10
       5
       8
       5
       6
      12
       3
       6
       5
       6
       7
       8
       8
       5
       9
      10
       7
       4
       6
       3
       8
      11
       3
       5
       9
       7
       5
      10
       6
       6
       7
       4
       5
       7
       1
       6
       3
       3
       5
       6
       2
       5
       1
      10
      11
       5
       7
       7
       8
       9
       6
       3
       6
       5
       8
       5
       5
       3
       4
       3
      10
       6
       4
       5
       5
       8
       3
       3
       6
       3
       3
       8
       6
       8
       2
       4
       3
       4
       3
       3
       6
       8
       3
       7
       6
       7
       6
       4
       6
       8
       8
      14
       7
       2
       2
       7
       4
       2
       8
       5
       6
       5
       4
       4
       8
       4
       8
      10
       3
       9
       2
       7
       9
       6
       5
       8
       4
       6
       7
       4
       7
       1
       4
       4
       4
      10
       7
       5
       2
       7
       6
       9
       8
       4
       7
       3
       3
       5
       6
      10
       5
       4
       1
       5
       4
       7
       6
       2
       3
       4
      11
       1
       3
       5
       9
       4
       4
       2
       7
       3
       9
       5
       2
       7
       5
       4
       7
       3
       4
       3
       6
       4
       3
       6
       4
       4
       3
       5
       9
       1
       3
       5
       2
       3
       2
       5
       3
       5
       6
       6
       5
       5
       4
       6
       3
       5
       6
       2
       7
       5
       8
       7
       5
       4
       8
       3
       5
       9
      15
       7
       9
      15
      11
       8
       6
       2
       5
       1
       1
       6
       2
       4
       5
       5
       7
       1
       4
       5
       1
       6
       3
       4
       5
       2
       3
       3
       6
       6
       2
       5
       5
       4
       2
       3
       6
       5
       2
       4
       2
       0
       4
       5
       4
       5
       3
       7
       2
       3
       4
       2
       5
      13
       3
       5
       6
       3
       6
       4
       6
       5
       2
       2
       4
       6
       7
       5
       3
       4
       5
       3
       4
       8
       4
       5
       6
       1
       7
       2
       4
       5
       4
       3
       5
       7
       4
       5
       1
       5
       3
       1
       3
       4
       2
       4
       2
       4
       6
       2
      10
       7
       1
       3
       5
       9
       5
       1
       3
       3
       4
       2
       5
       3
       2
       3
       4
       6
       3
       4
       5
       3
       2
       2
       3
       7
       2
       3
       1
       4
       7
       1
       5
       2
       5
       4
       3
       1
       5
       2
       5
       7
       4
       3
       5
       6
       9
       3
       7
      11
      10
       8
      16
       8
       4
       7
       4
       3
       3
       3
       7
       2
       5
       3
       2
       6
       3
       7
       2
       0
       4
       4
       4
       3
       5
       4
       7
       6
       5
       3
       3
       5
       8
       4
       2
       3
       4
       4
       2
       4
       5
       8
       2
       3
       7
       4
       5
       2
       3
       2
       4
       4
       4
       3
       5
       2
       2
       3
       3
       3
       3
       3
       3
       3
       5
       6
       1
       1
       2
       5
       5
       2
       3
       8
       5
       5
       5
       4
       3
      10
       8
       3
       6
       3
       0
       3
       3
       3
       3
       3
       1
       2
       2
       4
       4
       1
       5
       5
       4
       1
       6
       6
       0
       2
       6
       3
       2
       1
       4
       2
       5
       4
       1
       2
       5
       5
       3
       1
       5
       3
       4
       7
       2
       2
       3
       3
       1
       5
       2
       6
       4
       3
       4
       4
       2
      10
       2
       2
       4
       2
       5
       2
       2
       3
       5
       4
       2
       4
       4
       2
       5
       3
       3
       5
       3
       1
       1
       2
       2
       1
       6
       3
       4
       2
       5
       1
       4
       1
       1
       2
       3
       3
       4
       1
       1
       4
       1
       6
       4
       3
       3
       6
       7
       6
       4
       6
       5
       0
       6
       4
       3
       2
       3
       2
       2
       0
       0
       2
       4
       2
       4
       3
       2
       4
       1
       4
       5
       4
       4
       2
       4
       2
       2
       3
       2
       6
       6
       1
       9
       3
       5
       5
       3
       0
       5
       5
       6
      13
      16
      20
      36
      56
      70
     112
     181
     217
     275
     265
     258
     222
     170
     116
      75
      45
      27
      13
       9
       3
       9
       3
       4
       0
       1
       6
       6
       3
       3
       3
       1
       0
       5
       6
       5
       2
       4
       4
       3
       7
       4
       5
       5
       2
       4
       3
       5
       5
       7
       7
       4
       4
       2
       2
       1
       2
       4
       2
       4
       3
       2
       5
       7
       2
       2
       2
       0
       2
       2
       4
       0
       3
       1
       4
       5
       6
       2
       2
       1
       8
       2
       3
       4
       1
       4
       1
       8
       3
       6
       3
       2
       1
       3
       6
       5
       2
       5
       3
       4
       1
       1
       2
       2
       2
       0
       3
       3
       2
       1
       3
       3
       2
       2
       3
       5
       4
       1
       2
       4
       6
       1
       2
       2
       2
       1
       2
       1
       1
       2
       2
       2
       1
       4
       4
       2
       2
       1
       0
       1
       2
       3
       3
       4
       5
       2
       1
       2
       2
       1
       1
       3
       3
       1
       6
       2
       1
       2
       2
       1
       2
       4
       2
       2
       4
       2
       6
       6
       2
       1
       2
       1
       4
       3
       4
       2
       0
       5
       5
       2
       3
       2
       5
       0
       5
       4
       6
       1
       3
       4
       5
       7
       3
       8
       3
       5
       5
       4
       7
       3
       4
       6
       2
       7
       4
       2
       3
       3
       3
       3
       2
       2
       1
       3
       4
       3
       2
       1
       2
       4
       1
       2
       1
       6
       2
       6
       4
       1
       4
       1
       4
       3
       4
       1
       1
       3
       2
       2
       0
       2
       1
       3
       2
       0
       4
       2
       1
       2
       3
       1
       2
       3
       2
       0
       2
       2
       3
       4
       5
       2
       1
       2
       6
       2
       1
       2
       3
       3
       2
       2
       3
       2
       1
       6
       3
       2
       1
       3
       1
       3
       2
       3
       4
       1
       0
       1
       1
       2
       1
       2
       2
       6
       1
       4
       4
       2
       2
       1
       0
       1
       3
       2
       4
       3
       1
       1
       0
       1
       4
       1
       3
       3
       4
       2
       6
       2
       1
       3
       2
       1
       5
       1
       1
       2
       5
       3
       1
       4
       1
       1
       1
       4
       1
       2
       4
       2
       2
       3
       1
       3
       2
       1
       2
       2
       4
       2
       7
       4
       0
       5
       3
       1
       2
       3
       1
       4
       3
       1
       1
       0
       1
       1
       3
       4
       3
       4
       4
       2
       3
       3
       0
       4
       4
       1
       1
       1
       1
       1
       2
       2
       2
       1
       3
       0
       4
       2
       0
       0
       2
       4
       2
       3
       3
       3
       3
       1
       0
       4
       2
       2
       4
       1
       8
       2
       0
       2
       1
       2
       1
       4
       5
       0
       0
       3
       2
       3
       4
       1
       1
       2
       2
       1
       1
       1
       0
       4
       1
       4
       2
       1
       0
       3
       0
       1
       3
       3
       6
       2
       3
       2
       6
       3
       0
       4
       0
       1
       1
       2
       0
       2
       2
       0
       5
       0
       1
       1
       1
       4
       1
       2
       6
       2
       5
       3
       1
       1
       1
       3
       1
       3
       2
       4
       1
       1
       0
       0
       0
       4
       2
       6
       1
       2
       2
       1
       1
       0
       0
       4
       1
       2
       2
      10
       3
       4
       0
       2
       3
       3
       3
       3
       2
       1
       1
       1
       2
       0
       2
       2
       4
       5
       2
       2
       2
       1
       5
       1
       2
       1
       6
       4
       1
       0
       5
       0
       3
       2
       4
      11
       8
      15
      24
      20
      39
      24
      27
      34
      23
      22
      17
      12
       6
       3
       3
       4
       3
       3
       1
       1
       1
       1
       5
       3
       3
       4
       5
       2
       2
       2
       3
       1
       1
       3
       0
       0
       0
       0
       1
       2
       1
       3
       3
       0
       5
       4
       3
       0
       1
       3
       4
       0
       2
       1
       1
       2
       1
       2
       4
       3
       1
       2
       0
       4
       4
       2
       1
       4
       1
       2
       3
       0
       3
       4
       1
       1
       0
       3
       1
       3
       3
       2
       4
       1
       2
       2
       4
       2
       0
       3
       2
       2
       3
       3
       0
       4
       3
       2
       1
       1
       3
       1
       4
       1
       2
       2
       1
       0
       1
       0
       3
       0
       2
       1
       0
       2
       2
       2
       4
       2
       1
       3
       0
       2
       2
       2
       0
       2
       3
       1
       4
       0
       4
       1
       2
       3
       2
       4
       0
       2
       0
       0
       4
       2
       3
       0
       0
       2
       1
       4
       3
       3
       1
       1
       1
       3
       1
       3
       1
       2
       1
       0
       1
       1
       0
       0
       1
       0
       2
       1
       1
       2
       4
       2
       2
       1
       1
       4
       5
       3
       0
       2
       3
       3
       2
       3
       0
       2
       1
       0
       3
       2
       0
       2
       4
       2
       4
       3
       3
       2
       3
       7
       0
       5
       2
       3
       7
       6
       0
       2
       3
       0
       0
       1
       1
       0
       1
       0
       2
       4
       2
       1
       0
       6
       1
       1
       4
       1
       1
       2
       2
       2
       2
       3
       7
       0
       0
       3
       3
       1
       1
       2
       4
       1
       4
       3
       2
       2
       0
       3
       2
       2
       2
       0
       0
       1
       2
       2
       0
       2
       0
       2
       1
       1
       3
       3
       1
       1
       2
       2
       2
       2
       1
       1
       2
       2
       1
       2
       3
       3
       4
       3
       0
       1
       0
       2
       1
       2
       5
       0
       3
       1
       2
       0
       1
       0
       0
       0
       1
       4
       4
       3
       1
       0
       1
       0
       1
       1
       1
       4
       0
       1
       4
       3
       4
       2
       0
       1
       3
       0
       1
       4
       3
       3
       3
       1
       0
       3
       1
       5
       0
       1
       4
       1
       0
       1
       0
       1
       2
       0
       1
       0
       1
       1
       2
       1
       4
       1
       0
       3
       2
       1
       1
       1
       5
       3
       0
       2
       0
       1
       3
       2
       1
       1
       2
       1
       1
       1
       3
       1
       1
       3
       1
       3
       2
       3
       0
       2
       2
       0
       2
       1
       1
       1
       2
       3
       0
       3
       2
       3
       2
       1
       2
       1
       1
       2
       5
       2
       3
       4
       1
       2
       3
       0
       1
       0
       2
       2
       0
       2
       0
       1
       1
       2
       2
       2
       1
       3
       2
       2
       1
       3
       1
       1
       3
       1
       2
       2
       0
       1
       2
       3
       1
       3
       1
       0
       1
       1
       1
       2
       3
       3
       0
       0
       5
       2
       3
       3
       0
       2
       0
       1
       1
       1
       1
       1
       3
       2
       1
       1
       3
       2
       2
       1
       4
       1
       0
       3
       0
       0
       1
       0
       0
       3
       1
       1
       0
       2
       0
       4
       0
       2
       1
       2
       0
       0
       0
       3
       1
       0
       2
       0
       1
       3
       4
       1
       1
       2
       1
       1
       3
       4
       0
       0
       0
       2
       2
       1
       0
       3
       2
       0
       1
       1
       3
       0
       1
       0
       1
       3
       1
       1
       1
       2
       3
       1
       2
       1
       1
       1
       2
       0
       1
       0
       0
       2
       0
       2
       3
       0
       2
       4
       2
       2
       2
       0
       1
       0
       1
       1
       0
       1
       1
       4
       2
       0
       2
       0
       0
       2
       1
       1
       0
       1
       2
       0
       2
       3
       1
       2
       1
       0
       0
       0
       1
       2
       3
       4
       3
       0
       1
       0
       1
       4
       0
       0
       2
       0
       4
       2
       1
       2
       4
       3
       0
       1
       1
       2
       1
       1
       1
       2
       1
       0
       1
       2
       2
       2
       0
       3
       0
       1
       2
       1
       2
       1
       1
       1
       1
       0
       1
       0
       0
       4
       2
       2
       0
       0
       1
       1
       1
       4
       2
       0
       1
       1
       1
       1
       1
       1
       0
       1
       4
       1
       1
       2
       2
       0
       1
       1
       1
       1
       0
       0
       2
       4
       1
       1
       1
       1
       1
       1
       1
       0
       0
       4
       0
       0
       1
       1
       1
       0
       1
       2
       1
       1
       3
       1
       2
       2
       0
       1
       2
       1
       2
       2
       0
       1
       0
       2
       1
       3
       0
       2
       1
       0
       2
       0
       2
       0
       2
       0
       1
       1
       3
       1
       1
       1
       1
       0
       0
       1
       0
       0
       0
       2
       2
       3
       1
       2
       0
       2
       1
       1
       0
       2
       1
       2
       3
       0
       1
       0
       1
       2
       2
       0
       0
       1
       2
       0
       1
       2
       1
       2
       1
       0
       0
       2
       1
       1
       2
       1
       2
       1
       0
       1
       0
       1
       0
       0
       1
       0
       3
       0
       2
       1
       2
       0
       0
       2
       1
       0
       4
       2
       1
       3
       1
       1
       2
       1
       3
       2
       2
       1
       1
       2
       1
       1
       2
       1
       1
       0
       0
       1
       1
       1
       0
       0
       0
       1
       1
       3
       2
       0
       0
       1
       1
       2
       2
       2
       1
       1
       1
       0
       0
       1
       0
       1
       2
       4
       2
       3
       1
       1
       1
       1
       3
       1
       3
       1
       2
       0
       0
       4
       0
       0
       1
       3
       1
       1
       1
       0
       1
       0
       0
       2
       0
       0
       1
       1
       0
       1
       3
       2
       2
       0
       2
       0
       0
       0
       0
       2
       0
       1
       1
       2
       3
       0
       4
       4
       0
       1
       2
       0
       2
       0
       1
       1
       1
       0
       0
       1
       4
       0
       0
       0
       0
       2
       2
       0
       1
       3
       2
       0
       1
       0
       0
       0
       2
       2
       0
       1
       0
       0
       3
       0
       3
       0
       1
       1
       1
       1
       3
       2
       0
       1
       3
       6
       0
       1
       0
       2
       0
       2
       1
       3
       2
       0
       1
       1
       0
       0
       0
       3
       0
       0
       2
       1
       0
       2
       1
       0
       1
       0
       2
       2
       0
       1
       0
       3
       0
       2
       0
       2
       1
       1
       0
       1
       0
       2
       3
       0
       1
       1
       1
       0
       0
       0
       0
       3
       0
       0
       1
       0
       2
       1
       1
       0
       2
       0
       0
       0
       1
       2
       3
       0
       1
       1
       1
       1
       1
       0
       1
       2
       1
       4
       0
       1
       0
       1
       0
       0
       0
       1
       3
       1
       2
       2
       2
       0
       2
       0
       1
       1
       1
       1
       0
       2
       0
       1
       1
       0
       2
       3
       4
       1
       3
       0
       1
       0
       3
       2
       2
       2
       1
       0
       1
       0
       2
       0
       1
       1
       2
       0
       1
       0
       0
       0
       1
       1
       1
       0
       0
       0
       1
       0
       0
       0
       1
       0
       1
       0
       3
       1
       1
       2
       1
       0
       2
       1
       1
       2
       1
       0
       2
       1
       2
       2
       0
       0
       0
       2
       2
       1
       1
       1
       1
       0
       0
       3
       0
       0
       0
       0
       2
       0
       0
       3
       2
       1
       2
       4
       0
       1
       5
       3
       2
       1
       0
       0
       0
       1
       2
       1
       1
       1
       0
       1
       0
       1
       1
       1
       1
       0
       3
       1
       0
       0
       1
       1
       0
       1
       0
       0
       0
       0
       0
       1
       2
       1
       1
       2
       1
       1
       3
       2
       1
       1
       1
       0
       0
       2
       1
       1
       0
       0
       2
       0
       0
       0
       1
       1
       0
       1
       0
       2
       1
       0
       1
       0
       2
       0
       0
       0
       0
       1
       0
       0
       1
       1
       1
       0
       2
       1
       0
       1
       0
       0
       0
       0
       1
       1
       0
       0
       1
       1
       0
       0
       0
       1
       1
       1
       0
       1
       1
       1
       0
       0
       3
       0
       2
       0
       3
       1
       1
       0
       2
       1
       0
       1
       1
       1
       2
       1
       1
       0
       2
       0
       1
       1
       1
       1
       1
       1
       0
       1
       3
       2
       2
       2
       4
       5
       9
       3
      11
       5
       7
       4
       1
       4
       4
       2
       0
       0
       0
       0
       3
       2
       0
       1
       1
       1
       0
       0
       0
       0
       0
       1
       0
       3
       0
       1
       1
       3
       1
       1
       0
       0
       0
       1
       0
       0
       1
       1
       2
       1
       0
       0
       0
       0
       0
       1
       0
       0
       0
       0
       0
       0
       3
       0
       3
       0
       1
       2
       2
       2
       1
       2
       0
       1
       0
       1
       0
       0
       0
       1
       0
       0
       0
       2
       2
       1
       0
       0
       2
       1
       0
       0
       0
       1
       0
       1
       0
       1
       0
       0
       0
       2
       1
       0
       0
       4
       0
       0
       1
       0
       1
       3
       1
       1
       1
       0
       1
       2
       1
       2
       1
       1
       1
       0
       1
       1
       2
       0
       0
       3
       2
       1
       0
       1
       3
       1
       1
       1
       0
       0
       1
       2
       0
       0
       3
       0
       1
       1
       1
       2
       1
       0
       1
       0
       1
       1
       0
       0
       0
       0
       2
       1
       1
       0
       0
       2
       1
       2
       0
       1
       1
       0
       1
       1
       2
       0
       1
       2
       0
       0
       1
       2
       0
       1
       1
       0
       2
       0
       2
       0
       0
       3
       2
       0
       1
       1
       1
       1
       0
       1
       3
       0
       0
       2
       1
       0
       0
       1
       0
       0
       0
       0
       0
       0
       3
       0
       0
       0
       3
       2
       0
       1
       2
       1
       1
       0
       0
       1
       0
       1
       0
       0
       0
       2
       0
       1
       0
       0
       2
       3
       0
       0
       1
       0
       0
       0
       3
       0
       1
       2
       1
       0
       2
       1
       1
       0
       2
       2
       1
       1
       0
       0
       0
       0
       0
       1
       1
       1
       0
       2
       2
       1
       0
       0
       2
       0
       0
       0
       4
       1
       2
       0
       0
       0
       2
       2
       1
       1
       3
       0
       1
       0
       0
       0
       0
       0
       1
       0
       0
       0
       0
       0
       2
       1
       2
       0
       2
       0
       1
       1
       1
       1
       1
       2
       1
       0
       2
       1
       1
       0
       0
       1
       0
       1
       1
       0
       2
       0
       0
       1
       0
       2
       1
       0
       0
       2
       0
       1
       0
       0
       0
       1
       1
       2
       2
       4
       2
       1
       0
       2
       3
       2
       2
       1
       1
       1
       1
       1
       0
       1
       0
       0
       0
       0
       2
       0
       0
       0
       0
       0
       1
       2
       2
       0
       0
       0
       1
       1
       1
       1
       0
       0
       1
       1
       0
       1
       1
       0
       1
       1
       0
       1
       0
       0
       0
       0
       0
       0
       3
       2
       0
       0
       2
       0
       0
       2
       0
       0
       1
       1
       0
       0
       1
       0
       1
       1
       0
       1
       0
       0
       1
       1
       1
       2
       1
       1
       1
       0
       1
       0
       0
       0
       1
       0
       0
       0
       0
       0
       1
       3
       2
       0
       0
       0
       0
       0
       1
       1
       1
       1
       0
       0
       0
       0
       1
       2
       0
       0
       0
       2
       5
       0
       0
       2
       0
       0
       0
       0
       1
       0
       0
       1
       1
       0
       2
       1
       0
       0
       0
       1
       1
       1
       1
       0
       0
       0
       1
       0
       0
       1
       0
       0
       1
       0
       0
       2
       0
       2
       1
       0
       1
       3
       0
       0
       1
       1
       1
       1
       0
       0
       0
       0
       0
       0
       1
       1
       0
       2
       2
       0
       1
       0
       2
       1
       0
       0
       0
       0
       0
       0
       0
       1
       1
       0
       1
       1
       0
       1
       1
       0
       0
       0
       1
       0
       0
       0
       0
       0
       2
       1
       1
       3
       1
       1
       3
       2
       0
       1
       0
       0
       1
       1
       1
       0
       0
       0
       1
       0
       1
       1
       1
       0
       1
       1
       0
       0
       1
       0
       2
       1
       0
       2
       2
       0
       0
       0
       1
       1
       1
       1
       1
       1
       0
       0
       1
       1
       2
       0
       0
       0
       2
       0
       1
       0
       0
       0
       0
       0
       0
       1
       0
       1
       0
       1
       1
       0
       0
       0
       1
       1
       0
       1
       1
       0
       0
       0
       0
       0
       0
       0
       0
       0
       1
       0
       0
       1
       2
       0
       1
       1
       0
       0
       0
       2
       0
       2
       1
       1
       2
       1
       2
       1
       0
       0
       0
       0
       0
       1
       1
       0
       2
       0
       0
       1
       1
       0
       0
       3
       0
       1
       0
       2
       0
       0
       0
       1
       2
       1
       0
       0
       1
       0
       0
       0
       1
       3
       0
       1
       1
       0
       0
       1
       1
       0
       0
       0
       1
       0
       0
       0
       1
       2
       0
       1
       0
       1
       0
       0
       0
       1
       1
       0
       1
       0
       1
       1
       0
       0
       0
       0
       0
       1
       0
       0
       1
       0
       0
       0
       1
       2
       1
       1
       1
       0
       3
       0
       2
       0
       0
       3
       1
       1
       0
       0
       0
       0
       0
       2
       0
       1
       0
       1
       0
       1
       0
       1
       0
       0
       0
       0
       0
       1
       0
       1
       2
       2
       1
       0
       0
       0
       1
       0
       1
       0
       0
       0
       0
       0
       1
       0
       0
       0
       2
       1
       2
       0
       1
       1
       0
       0
       0
       0
       0
       0
       0
       0
       0
       0
       1
       0
       2
       1
       0
       2
       0
       1
       0
       2
       1
       2
       0
       0
       1
       1
       0
       1
       1
       0
       1
       1
       1
       0
       1
       1
       0
       1
       1
       1
       1
       1
       0
       2
       0
       0
       0
       1
       1
       2
       0
       1
       0
       0
       0
       0
       2
       0
       1
       0
       0
       0
       0
       0
       0
       1
       1
       2
       1
       1
       3
       0
       1
       2
       0
       1
       0
       1
       0
       0
       2
       0
       0
       1
       1
       1
       1
       0
       1
       0
       1
       0
       0
       0
       0
       0
       0
       0
       0
       0
       0
       0
       0
       0
       0
       0
       0
       0
       0
       0
       0
       0
       0
       0
       0
       0
       0
       0
       0
       0
       0
       0
       0
       0
       0
       0
       0
       0
       0
       0
       0
       0
       0
       0
       0
       0
       0
       0
       0
       0
       0
       0
       0
       0
       0
       0
       0
       0
       0
       0
       0
       0
       0
       0
       0
       0
       0
       0
       0
       0
       0
       0
       0
       0
       0
       0
       0
       0
       0
       0
       0
       0
       0
       0
       0
       0
       0
       0
       0
       0
       0
       0
       0
       0
       0
       0
       0
       0
       0
       0
       0
       0
       0
       0
       0
       0
       0
       0
       0
       0
       0
       0
       0
       0
       0
       0
       0
       0
       0
       0
       0
       0
       0
       0
       0
       0
       0
       0
       0
$ROI:
2
1936 2287
5338 5513
$PRESETS:
Integral
500000
0
$ENER_FIT:
0.000000 0.245432
$MCA_CAL:
3
0.000000E+000 2.454316E-001 0.000000E+000 keV
$SHAPE_CAL:
3
7.465718E+000 0.000000E+000 0.000000E+000
