$SPEC_ID:
No sample description was entered.
$SPEC_REM:
DET# 1
DETDESC# BUNCHER Easy-MCA-8k SN 9051292
AP# Maestro Version 6.08
$DATE_MEA:
07/26/2019 11:37:51
$MEAS_TIM:
462 551
$DATA:
0 8191
       0
       0
       0
       0
       0
       0
       0
       0
       0
       0
       0
       0
       0
       0
       0
       0
       0
       0
       0
       2
       4
      52
     352
    1311
    2354
    3686
    4570
   12288
    5774
     340
     154
     124
     357
    1151
    1856
    2038
    2022
    1891
    1688
    1458
    1486
    1447
    1489
    1505
    1472
    1459
    1520
    1474
    1492
    1503
    1460
    1464
    1428
    1438
    1377
    1387
    1379
    1319
    1370
    1314
    1303
    1348
    1313
    1280
    1256
    1244
    1209
    1261
    1278
    1199
    1201
    1179
    1272
    1208
    1161
    1175
    1154
    1181
    1163
    1151
    1122
    1147
    1124
    1130
    1137
    1202
    1046
    1087
    1090
    1066
    1129
    1039
    1094
    1134
    1064
    1079
    1193
    1067
    1039
    1053
    1087
    1076
    1035
    1047
     977
    1026
     991
    1028
     995
    1052
     914
    1043
    1018
    1012
     972
     991
     989
     998
    1006
    1002
     947
     966
     976
     989
     959
     985
     981
     973
     944
     926
     930
     958
     932
     892
     973
     937
     943
     917
     896
     912
     954
     959
     936
     959
    1003
     895
     901
     974
     885
     932
     912
     884
     920
     865
     924
     926
     888
     921
     931
     917
     863
     948
     908
     895
     875
     924
     939
     910
     939
     924
     924
     870
     924
     875
     877
     862
     892
     837
     916
     824
     942
     880
     892
     870
     856
     915
     886
     841
     914
     856
     909
     848
     938
     891
     862
     874
     887
     862
     902
     892
     865
     846
     874
     896
     924
     877
     883
     855
     845
     906
     902
     882
     862
     871
     842
     917
     918
     881
     867
     863
     909
     867
     891
     839
     922
     878
     886
     890
     873
     889
     892
     869
     860
     883
     940
     885
     903
     951
     899
     884
     860
     925
     878
     934
     898
     939
     948
     940
     900
     945
     872
    1009
     916
     903
     946
     900
     917
     943
    1017
     915
     990
     947
     948
     965
     971
     936
     967
     963
     946
     943
     892
     923
     900
     913
    1015
     942
     964
     916
     965
     950
     913
     971
     962
     977
    1032
     980
     978
     963
    1026
    1028
    1007
    1035
    1122
    1105
    1074
    1066
    1030
    1056
    1033
    1115
    1133
    1270
    1276
    1274
    1104
    1001
    1042
     947
    1033
     998
     987
    1061
    1010
    1072
    1001
     998
    1065
    1095
    1075
    1025
     976
    1005
     978
    1026
    1047
    1080
    1015
    1016
    1103
    1062
    1059
    1043
    1035
    1040
    1127
    1010
    1041
    1123
    1128
    1133
    1141
    1288
    1237
    1268
    1296
    1149
    1067
    1085
    1098
    1105
    1075
    1053
    1148
    1192
    1156
    1108
    1065
    1063
    1105
    1193
    1120
    1059
    1092
    1144
    1136
    1113
    1126
    1118
    1139
    1095
    1100
    1128
    1128
    1057
    1171
    1071
    1140
    1146
    1081
    1111
    1133
    1084
    1127
    1173
    1113
    1120
    1089
    1118
    1143
    1190
    1148
    1138
    1200
    1137
    1144
    1177
    1147
    1192
    1175
    1116
    1236
    1163
    1189
    1220
    1178
    1232
    1237
    1119
    1153
    1263
    1188
    1217
    1168
    1247
    1273
    1205
    1168
    1245
    1203
    1193
    1214
    1223
    1237
    1214
    1263
    1269
    1197
    1269
    1249
    1282
    1193
    1291
    1249
    1188
    1228
    1234
    1272
    1153
    1227
    1254
    1225
    1250
    1233
    1273
    1292
    1272
    1212
    1258
    1206
    1324
    1240
    1270
    1273
    1350
    1267
    1182
    1253
    1209
    1251
    1191
    1214
    1231
    1252
    1213
    1283
    1246
    1314
    1322
    1284
    1265
    1295
    1236
    1221
    1231
    1242
    1253
    1361
    1278
    1292
    1264
    1237
    1308
    1251
    1230
    1286
    1341
    1242
    1301
    1236
    1245
    1321
    1256
    1276
    1225
    1271
    1295
    1228
    1212
    1237
    1352
    1302
    1253
    1332
    1246
    1228
    1217
    1291
    1244
    1300
    1235
    1249
    1250
    1265
    1213
    1286
    1219
    1205
    1276
    1294
    1232
    1293
    1278
    1213
    1228
    1216
    1229
    1273
    1238
    1197
    1178
    1231
    1230
    1194
    1236
    1222
    1219
    1200
    1234
    1185
    1229
    1255
    1232
    1193
    1226
    1165
    1170
    1282
    1254
    1219
    1268
    1214
    1205
    1238
    1176
    1189
    1198
    1290
    1228
    1258
    1217
    1215
    1239
    1267
    1263
    1237
    1224
    1246
    1204
    1223
    1229
    1225
    1185
    1210
    1236
    1163
    1187
    1170
    1227
    1246
    1170
    1135
    1156
    1228
    1201
    1124
    1185
    1259
    1170
    1174
    1161
    1186
    1201
    1217
    1244
    1149
    1169
    1188
    1173
    1250
    1185
    1205
    1234
    1193
    1202
    1163
    1176
    1142
    1208
    1135
    1189
    1188
    1247
    1239
    1176
    1203
    1208
    1134
    1213
    1152
    1192
    1246
    1127
    1178
    1130
    1163
    1187
    1219
    1119
    1158
    1191
    1172
    1186
    1139
    1172
    1209
    1157
    1210
    1221
    1149
    1214
    1263
    1127
    1129
    1214
    1145
    1143
    1177
    1184
    1181
    1163
    1186
    1161
    1212
    1183
    1217
    1184
    1134
    1208
    1155
    1112
    1155
    1191
    1159
    1135
    1227
    1186
    1216
    1215
    1167
    1156
    1144
    1187
    1160
    1201
    1203
    1192
    1145
    1140
    1154
    1228
    1140
    1176
    1163
    1139
    1194
    1155
    1191
    1220
    1282
    1235
    1294
    1188
    1257
    1230
    1242
    1275
    1281
    1267
    1328
    1286
    1256
    1237
    1241
    1239
    1292
    1214
    1288
    1252
    1244
    1307
    1260
    1247
    1219
    1237
    1265
    1197
    1228
    1197
    1181
    1162
    1212
    1175
    1184
    1214
    1150
    1188
    1157
    1152
    1200
    1155
    1126
    1149
    1177
    1148
    1159
    1145
    1157
    1182
    1187
    1150
    1184
    1151
    1194
    1129
    1124
    1119
    1120
    1156
    1146
    1169
    1155
    1077
    1082
    1146
    1096
    1035
    1143
    1095
    1084
    1067
    1107
    1083
    1083
    1059
    1095
    1034
    1090
    1084
    1077
    1103
    1066
    1077
    1040
    1088
    1093
    1014
    1050
    1056
    1040
     999
    1024
    1100
    1109
     975
     998
    1047
    1072
    1023
    1031
    1015
    1005
    1054
    1012
    1015
    1025
    1014
    1059
    1030
     982
    1035
     995
    1017
    1032
    1031
    1003
    1053
    1026
    1026
     999
     998
    1052
     964
     977
    1000
     951
     954
    1002
     950
    1041
    1001
     970
     934
     967
     956
     971
     959
     981
    1003
     986
     926
    1003
     951
     997
    1011
     974
     984
    1003
     931
     981
     980
     957
     960
     951
     985
     921
     975
     937
     907
     966
     923
     996
     944
     935
     977
    1010
     918
     973
     899
     934
     961
     986
     909
     927
     940
     932
     914
     930
     923
     974
     979
     957
     905
     990
     926
     898
     944
     951
     889
     972
     945
     940
     963
     915
     939
     923
     841
     985
     953
    1037
     892
     922
     957
     904
     931
     900
     930
     915
     892
     910
     927
     963
     940
    1004
     960
     898
     912
     844
     908
     908
     931
     867
     923
     939
     919
     894
     889
     934
     925
     881
     921
     879
     893
     928
     875
     873
     891
     884
     865
     873
     923
     893
     918
     878
     929
     901
     924
     910
     879
     903
     887
     918
     941
     878
     970
     928
     887
     934
     836
     926
     926
     900
     897
     869
     908
     921
     929
     913
     947
     911
     862
     925
     892
     875
     876
     901
     915
     896
     929
     859
     910
     888
     878
     856
     862
     876
     920
     875
     853
     881
     885
     971
     955
     933
     930
     907
     928
     936
     925
     903
     953
     929
     945
     938
     828
     929
     919
     895
     893
     905
     937
     949
     938
     940
     926
     902
     883
     878
     935
     910
     925
     921
     902
     898
     929
     875
     872
     910
     869
     881
     916
     918
     845
     890
     872
     917
     943
     884
     882
     869
     920
     920
     903
     940
     892
     943
     885
     917
     920
     866
     841
     911
     898
     939
     851
     889
     938
     906
     938
     929
     871
     881
     831
     915
     889
     896
     878
     936
     921
     889
     914
     917
     921
     927
     891
     941
     909
     912
     955
     888
     956
     914
     969
     888
     838
     900
     902
     932
     873
     917
     937
     943
     858
     920
     902
     946
     912
     927
     920
     870
     917
     869
     871
     927
     893
     891
     960
     881
     916
     932
     901
     902
     976
     894
     915
     913
     916
     972
     890
     893
     960
     913
     949
     924
     915
     898
     914
     906
     880
     944
     880
     941
     926
     912
     908
     926
     911
     926
     957
     877
     948
     886
     909
     944
     944
     897
     951
     959
     905
     935
     956
     884
     910
     887
     929
     899
     948
     970
     910
     921
     951
     835
     940
     920
     937
     928
     920
     959
     966
     876
     928
     960
     950
     983
     924
     906
     934
     964
     926
     961
     880
     973
     958
     936
     904
     963
     977
     958
     981
     919
     963
     954
     917
     907
    1010
     924
     945
     900
     953
    1007
     943
     898
     976
     924
     980
     958
     945
     979
     982
     944
     944
     942
     989
     955
     963
     950
     956
     961
     977
     986
     948
     963
     957
     939
     942
     964
     945
     964
     966
     970
     976
     950
    1006
     953
    1003
     974
     987
     991
     996
     977
     986
     929
     946
     930
    1032
     964
     948
    1000
     967
     996
    1012
     987
    1032
     991
     986
     988
     993
     991
     974
    1036
     993
     970
    1011
     938
     992
    1052
    1025
     942
    1006
     992
     994
    1032
    1011
    1010
    1025
    1011
    1010
    1029
     967
    1039
    1015
    1004
     971
    1022
     964
     991
     982
    1031
    1010
     991
    1021
    1028
     957
     977
    1033
    1038
     993
    1026
    1009
    1038
    1027
    1030
    1019
     998
    1015
     999
     972
    1016
    1081
    1049
     967
     932
    1034
     986
    1012
    1089
    1082
    1047
    1044
     972
    1054
    1058
    1082
    1043
    1010
    1053
    1017
    1047
    1028
    1038
    1070
    1059
    1071
    1040
    1016
    1019
    1046
    1065
    1060
    1071
    1085
    1030
    1052
    1088
    1063
    1056
    1090
    1090
    1102
    1093
    1129
    1090
    1024
    1056
    1112
     981
    1066
    1079
    1078
    1089
    1090
    1076
    1078
     994
    1042
    1104
    1079
    1109
    1064
    1042
    1081
    1039
    1113
    1061
    1084
    1077
    1055
    1053
    1085
    1059
    1088
    1036
    1036
    1052
     985
    1018
     993
    1016
     962
     968
     999
     974
     981
     944
     999
     906
     963
     924
     909
     913
     898
     861
     848
     943
     830
     909
     828
     825
     818
     820
     822
     805
     821
     834
     789
     822
     754
     782
     826
     790
     792
     787
     774
     687
     755
     783
     752
     731
     754
     741
     724
     741
     713
     745
     719
     668
     676
     703
     678
     735
     709
     734
     713
     733
     746
     691
     642
     653
     673
     723
     663
     658
     674
     638
     685
     670
     692
     621
     672
     691
     680
     670
     687
     643
     698
     655
     695
     644
     629
     642
     657
     610
     616
     670
     609
     615
     634
     639
     630
     628
     606
     597
     598
     671
     649
     638
     606
     613
     609
     663
     590
     578
     590
     601
     619
     620
     620
     593
     626
     632
     612
     578
     597
     645
     555
     614
     585
     566
     646
     596
     582
     572
     670
     617
     596
     607
     552
     539
     581
     541
     574
     596
     525
     563
     554
     591
     590
     574
     604
     578
     547
     570
     574
     553
     533
     561
     555
     546
     594
     536
     564
     552
     517
     551
     528
     520
     587
     572
     566
     553
     513
     539
     564
     527
     501
     542
     529
     502
     560
     517
     503
     547
     521
     561
     525
     538
     535
     532
     516
     480
     514
     495
     566
     492
     516
     527
     573
     459
     492
     539
     499
     502
     487
     504
     478
     507
     520
     525
     496
     525
     524
     530
     500
     468
     480
     510
     492
     480
     515
     482
     494
     500
     452
     507
     469
     472
     463
     444
     514
     510
     512
     470
     490
     461
     453
     502
     497
     470
     417
     464
     441
     484
     468
     446
     478
     451
     473
     443
     458
     474
     451
     461
     455
     453
     448
     505
     451
     444
     467
     431
     427
     435
     481
     456
     471
     442
     435
     418
     444
     473
     431
     487
     420
     442
     440
     445
     499
     466
     433
     415
     473
     419
     458
     444
     433
     436
     441
     411
     428
     436
     457
     398
     452
     428
     451
     432
     394
     479
     433
     472
     442
     399
     419
     434
     414
     461
     415
     418
     417
     414
     449
     445
     479
     451
     414
     438
     421
     444
     406
     410
     411
     467
     442
     437
     429
     442
     428
     440
     423
     395
     436
     429
     401
     460
     415
     403
     397
     407
     407
     434
     384
     422
     363
     413
     414
     423
     414
     455
     386
     434
     394
     390
     373
     392
     390
     396
     403
     428
     460
     400
     418
     412
     404
     400
     392
     376
     445
     387
     404
     398
     426
     409
     385
     389
     420
     406
     406
     405
     383
     363
     401
     408
     412
     424
     409
     390
     420
     398
     393
     423
     395
     415
     387
     424
     416
     405
     406
     390
     402
     401
     392
     406
     422
     403
     408
     449
     368
     391
     400
     392
     373
     436
     363
     424
     397
     360
     392
     410
     429
     394
     432
     405
     415
     399
     388
     383
     424
     414
     394
     386
     402
     382
     413
     416
     419
     372
     395
     438
     386
     378
     416
     376
     392
     380
     391
     383
     392
     396
     376
     426
     381
     395
     394
     390
     381
     405
     409
     380
     388
     388
     385
     421
     410
     373
     417
     376
     402
     401
     378
     385
     390
     386
     375
     398
     400
     396
     409
     407
     378
     365
     401
     398
     405
     392
     411
     359
     373
     421
     390
     384
     380
     388
     375
     384
     421
     380
     411
     349
     414
     388
     385
     397
     369
     389
     398
     377
     388
     362
     361
     412
     400
     355
     360
     390
     381
     369
     384
     371
     366
     409
     379
     393
     395
     378
     363
     388
     395
     396
     362
     393
     361
     399
     366
     374
     340
     370
     385
     404
     396
     370
     371
     372
     405
     384
     351
     376
     367
     376
     352
     391
     363
     396
     356
     401
     363
     375
     370
     383
     396
     368
     414
     362
     381
     374
     385
     363
     383
     389
     385
     390
     338
     402
     323
     382
     382
     382
     373
     394
     375
     381
     391
     367
     372
     382
     390
     382
     367
     392
     360
     358
     368
     362
     392
     389
     358
     389
     364
     366
     375
     329
     357
     379
     383
     363
     380
     392
     410
     333
     362
     401
     365
     382
     363
     383
     323
     371
     342
     375
     318
     367
     375
     392
     392
     363
     378
     400
     350
     387
     360
     348
     371
     386
     374
     379
     357
     341
     370
     343
     409
     391
     396
     365
     384
     352
     386
     379
     399
     360
     364
     367
     364
     376
     359
     365
     379
     368
     373
     368
     347
     422
     360
     412
     401
     388
     404
     387
     357
     403
     366
     367
     376
     376
     382
     375
     369
     395
     372
     391
     394
     403
     384
     401
     425
     405
     425
     467
     471
     509
     505
     599
     638
     703
     738
     921
    1067
    1298
    1631
    1949
    2434
    3061
    3834
    4814
    6062
    7784
    9791
   12249
   14864
   18244
   21497
   24839
   27399
   29385
   30217
   29929
   28487
   26180
   22902
   19738
   16179
   13101
   10267
    8064
    6202
    4889
    3734
    2878
    2283
    1777
    1404
    1112
     907
     689
     603
     474
     460
     402
     355
     295
     274
     274
     244
     212
     197
     228
     217
     192
     181
     172
     164
     190
     196
     143
     192
     134
     152
     157
     156
     166
     172
     160
     149
     155
     157
     157
     135
     153
     137
     147
     142
     141
     146
     153
     124
     131
     142
     131
     127
     126
     101
     123
     124
     125
     140
     120
     115
     126
     128
     112
     124
     138
     153
     133
     123
     118
     108
     108
     117
     118
      94
     117
     121
     128
     116
     102
     125
     116
     115
      92
     100
      94
     118
     110
     111
     114
     116
      98
      99
     108
      78
      90
      87
     100
      86
     111
      98
      93
     111
     108
     113
      93
      81
      91
     101
      87
     107
      89
      97
      86
     108
     100
      75
      94
      93
     113
      98
     115
      92
      85
      96
      80
      82
      86
      98
     103
     101
      95
      83
     100
      87
      98
      92
      94
      79
      89
      95
      93
     103
     103
      92
      86
      92
      80
     115
      89
      79
      96
      84
      93
      83
      94
      81
      80
      89
      80
      92
      89
      89
      66
      79
      95
      84
      85
      83
     111
      88
      73
      96
      83
      88
      88
      73
      86
      85
      85
      95
     101
      82
      81
      89
      82
      85
      99
      85
      86
      79
      75
      94
      74
      84
      85
      75
      63
      70
      86
     104
      83
      91
      96
      76
      84
      71
      68
      91
      76
      83
      74
      77
      82
      78
      73
      90
      71
      87
      68
      68
      76
      75
      71
      84
      71
      77
      84
      70
      85
      76
      59
      86
      81
      65
      64
      66
      75
      85
      82
      73
      78
      80
      86
      83
      78
      82
      85
      82
      76
      91
      84
      74
      74
      67
      78
      81
      74
      87
      80
      78
      79
      61
      94
      86
      63
      73
      73
      55
      79
      79
      85
      75
      88
      75
      74
      81
      81
      71
      93
      72
      69
      90
      96
      83
      73
      81
      79
      67
      75
      57
      72
      80
      65
      77
      76
      69
      77
      77
      58
      69
      83
      55
      69
      63
      67
      85
      73
      84
      72
      65
      67
      75
      60
      70
      60
      62
      67
      63
      76
      72
      47
      73
      76
      57
      66
      62
      57
      63
      63
      58
      53
      42
      68
      60
      85
      61
      71
      68
      62
      63
      75
      73
      62
      85
      61
      70
      75
      57
      64
      68
      74
      58
      61
      66
      62
      88
      67
      53
      59
      65
      58
      67
      71
      83
      70
      76
      64
      68
      65
      66
      62
      64
      46
      59
      69
      61
      65
      84
      66
      70
      78
      77
      72
      62
      81
      81
     102
     109
      97
     110
     100
      85
      92
      70
      72
      60
      69
      55
      62
      53
      61
      63
      57
      51
      70
      83
      57
      62
      68
      66
      70
      65
      63
      67
      46
      67
      59
      63
      55
      71
      66
      52
      79
      60
      76
      60
      84
      71
      65
      61
      65
      65
      57
      67
      54
      66
      75
      63
      65
      60
      62
      53
      56
      71
      81
      69
      61
      76
      53
      64
      65
      61
      70
      65
      58
      57
      48
      72
      62
      57
      56
      66
      51
      61
      74
      58
      58
      71
      64
      59
      62
      62
      52
      59
      47
      50
      51
      55
      57
      61
      48
      75
      66
      48
      61
      57
      61
      68
      52
      52
      68
      53
      55
      73
      56
      67
      45
      59
      46
      55
      49
      60
      60
      70
      52
      56
      58
      50
      63
      44
      61
      76
      45
      60
      63
      48
      45
      55
      73
      60
      54
      46
      52
      62
      58
      56
      77
      53
      58
      53
      51
      61
      58
      64
      45
      39
      56
      64
      56
      54
      45
      46
      52
      47
      55
      58
      72
      58
      45
      48
      50
      60
      55
      41
      66
      62
      49
      69
      60
      65
      50
      62
      52
      58
      52
      47
      54
      58
      53
      55
      40
      35
      51
      57
      47
      59
      54
      42
      50
      59
      42
      64
      62
      59
      41
      42
      46
      63
      53
      55
      49
      42
      57
      42
      40
      48
      33
      61
      44
      41
      47
      52
      46
      57
      47
      64
      47
      52
      48
      54
      36
      56
      49
      48
      56
      51
      62
      59
      58
      39
      46
      58
      42
      62
      49
      41
      55
      49
      48
      55
      45
      45
      48
      55
      48
      40
      46
      61
      59
      51
      48
      50
      39
      49
      61
      56
      47
      61
      49
      42
      49
      36
      46
      44
      56
      48
      41
      41
      47
      47
      44
      54
      53
      34
      48
      39
      50
      39
      57
      39
      49
      45
      53
      52
      59
      46
      56
      49
      49
      52
      44
      52
      38
      55
      33
      43
      52
      56
      52
      47
      55
      43
      44
      61
      46
      58
      49
      46
      35
      49
      46
      50
      46
      50
      52
      59
      53
      54
      37
      42
      51
      36
      41
      43
      55
      52
      53
      37
      46
      44
      47
      40
      56
      46
      45
      43
      54
      55
      55
      38
      51
      43
      51
      40
      45
      48
      44
      42
      52
      42
      52
      43
      44
      48
      30
      38
      46
      47
      47
      32
      35
      50
      48
      42
      39
      40
      36
      36
      39
      47
      50
      55
      32
      41
      36
      40
      40
      44
      41
      41
      45
      46
      47
      53
      42
      42
      35
      40
      46
      41
      39
      46
      46
      43
      50
      38
      37
      33
      28
      49
      46
      43
      38
      29
      48
      44
      49
      31
      43
      44
      36
      49
      36
      36
      49
      47
      39
      40
      46
      38
      37
      41
      33
      32
      34
      40
      33
      42
      46
      40
      50
      41
      48
      44
      36
      44
      40
      47
      51
      48
      39
      40
      41
      32
      38
      35
      35
      45
      34
      34
      46
      43
      41
      29
      34
      35
      35
      28
      41
      43
      39
      48
      42
      45
      46
      44
      51
      37
      49
      43
      41
      40
      34
      40
      50
      39
      42
      39
      40
      48
      38
      51
      39
      35
      43
      35
      41
      31
      43
      41
      47
      41
      29
      40
      48
      40
      43
      27
      44
      45
      31
      39
      28
      39
      33
      37
      34
      41
      26
      35
      36
      41
      45
      26
      38
      39
      39
      43
      41
      36
      30
      30
      37
      33
      39
      35
      41
      38
      39
      34
      34
      48
      40
      33
      41
      40
      34
      41
      46
      36
      38
      29
      35
      37
      37
      29
      42
      36
      40
      38
      36
      40
      44
      43
      36
      31
      33
      40
      32
      45
      36
      34
      42
      28
      36
      38
      37
      30
      37
      41
      36
      31
      46
      38
      30
      36
      30
      41
      36
      29
      37
      39
      39
      31
      34
      39
      42
      33
      37
      42
      46
      40
      29
      29
      48
      48
      47
      29
      34
      31
      41
      43
      40
      35
      28
      40
      38
      35
      41
      38
      35
      34
      39
      38
      40
      28
      35
      25
      35
      29
      37
      26
      31
      49
      40
      34
      36
      45
      36
      40
      39
      30
      34
      33
      40
      39
      36
      34
      43
      45
      36
      45
      40
      34
      35
      48
      48
      36
      42
      52
      42
      34
      42
      31
      39
      30
      35
      33
      26
      31
      25
      35
      41
      37
      25
      31
      28
      38
      47
      35
      28
      32
      27
      41
      35
      35
      40
      39
      34
      30
      40
      23
      41
      31
      32
      28
      33
      27
      32
      40
      37
      25
      35
      36
      38
      35
      32
      29
      38
      36
      29
      38
      37
      28
      35
      38
      39
      34
      38
      33
      40
      37
      28
      33
      25
      25
      26
      32
      32
      28
      37
      32
      31
      37
      30
      28
      36
      36
      26
      41
      42
      35
      39
      32
      31
      32
      32
      31
      24
      28
      26
      27
      39
      32
      33
      33
      33
      32
      42
      34
      41
      24
      36
      40
      32
      34
      29
      40
      33
      37
      31
      29
      29
      30
      26
      26
      34
      39
      34
      31
      34
      31
      36
      36
      37
      39
      39
      32
      31
      25
      21
      27
      33
      27
      34
      31
      39
      26
      28
      26
      23
      32
      40
      36
      32
      34
      24
      32
      37
      37
      29
      34
      31
      39
      31
      27
      33
      25
      27
      23
      24
      27
      31
      39
      36
      36
      42
      24
      31
      39
      32
      33
      31
      28
      29
      46
      32
      39
      41
      25
      35
      25
      17
      29
      21
      36
      32
      26
      34
      25
      32
      31
      25
      37
      35
      31
      33
      32
      43
      24
      33
      36
      20
      28
      28
      32
      39
      32
      30
      37
      34
      27
      34
      31
      36
      44
      33
      32
      33
      30
      32
      23
      22
      28
      29
      20
      37
      28
      24
      20
      38
      30
      33
      27
      31
      33
      35
      29
      42
      29
      29
      30
      30
      26
      34
      31
      26
      29
      32
      27
      23
      36
      18
      26
      26
      30
      30
      24
      30
      22
      25
      27
      27
      20
      30
      30
      29
      35
      36
      31
      27
      28
      39
      34
      27
      35
      42
      24
      27
      25
      19
      24
      24
      37
      32
      29
      28
      31
      26
      34
      25
      23
      33
      19
      20
      29
      30
      39
      27
      25
      22
      31
      24
      35
      24
      33
      32
      21
      38
      22
      37
      30
      25
      33
      29
      30
      21
      25
      24
      22
      31
      28
      34
      29
      25
      36
      27
      26
      31
      32
      27
      20
      29
      29
      27
      34
      37
      28
      34
      37
      25
      24
      27
      22
      26
      36
      27
      29
      22
      23
      16
      35
      29
      26
      35
      22
      27
      28
      37
      21
      24
      21
      24
      32
      31
      22
      24
      22
      31
      35
      21
      32
      32
      20
      25
      15
      22
      33
      23
      21
      25
      29
      17
      26
      28
      19
      21
      24
      36
      26
      28
      28
      21
      26
      30
      23
      31
      27
      27
      27
      31
      35
      32
      22
      19
      25
      20
      29
      19
      30
      26
      26
      27
      29
      28
      28
      27
      24
      27
      37
      24
      33
      27
      28
      31
      19
      15
      28
      25
      25
      25
      27
      25
      22
      21
      18
      21
      24
      18
      29
      31
      31
      24
      28
      29
      24
      23
      28
      17
      24
      24
      25
      18
      28
      28
      27
      24
      29
      24
      27
      31
      23
      25
      26
      21
      25
      21
      24
      25
      23
      21
      38
      34
      30
      20
      23
      24
      17
      19
      28
      21
      27
      32
      27
      17
      27
      23
      21
      24
      21
      31
      35
      17
      21
      23
      28
      22
      23
      31
      20
      25
      29
      28
      19
      35
      22
      18
      25
      28
      19
      31
      21
      24
      23
      26
      24
      25
      27
      25
      24
      30
      28
      26
      23
      18
      20
      35
      25
      25
      21
      21
      25
      26
      28
      41
      36
      19
      21
      21
      26
      17
      23
      27
      21
      37
      31
      27
      27
      21
      29
      23
      27
      28
      23
      21
      35
      21
      22
      25
      26
      27
      23
      17
      27
      22
      25
      27
      19
      22
      29
      23
      28
      17
      17
      26
      24
      25
      34
      41
      32
      32
      39
      26
      33
      24
      28
      16
      25
      32
      31
      22
      29
      27
      22
      21
      27
      24
      14
      22
      28
      21
      20
      33
      25
      21
      13
      22
      25
      24
      20
      29
      30
      28
      24
      23
      22
      23
      22
      31
      22
      28
      23
      21
      31
      23
      42
      24
      26
      37
      28
      20
      26
      32
      21
      17
      14
      23
      26
      18
      23
      33
      20
      24
      28
      21
      15
      22
      20
      21
      25
      24
      18
      24
      26
      15
      24
      23
      31
      21
      21
      27
      26
      19
      35
      24
      24
      31
      29
      18
      25
      31
      25
      32
      36
      21
      19
      28
      33
      31
      25
      24
      18
      23
      30
      21
      21
      24
      29
      20
      38
      23
      25
      18
      30
      24
      21
      31
      21
      23
      17
      32
      27
      25
      22
      30
      28
      19
      19
      25
      27
      29
      24
      28
      37
      22
      26
      31
      21
      34
      24
      25
      32
      30
      32
      20
      33
      21
      20
      27
      22
      26
      28
      27
      21
      33
      22
      29
      23
      19
      22
      20
      23
      23
      23
      37
      29
      22
      33
      31
      26
      23
      26
      25
      25
      24
      24
      27
      24
      21
      34
      28
      23
      24
      18
      32
      23
      19
      18
      28
      20
      25
      32
      27
      30
      21
      21
      22
      17
      21
      16
      15
      32
      22
      14
      19
      19
      24
      23
      26
      24
      16
      30
      18
      26
      17
      28
      21
      27
      21
      27
      18
      16
      26
      35
      16
      22
      13
      18
      26
      18
      15
      27
      21
      16
      22
      18
      25
      26
      33
      24
      30
      17
      19
      23
      27
      20
      24
      28
      25
      13
      24
      21
      22
      18
      27
      19
      20
      17
      18
      26
      22
      25
      26
      24
      19
      14
      22
      14
      21
      23
      18
      20
      23
      12
      23
      18
      17
      25
      24
      20
      22
      15
      26
      21
      23
      31
      20
      14
      23
      19
      22
      18
      24
      16
      26
      32
      20
      18
      15
      21
      21
      22
      26
      11
      17
      18
      21
      23
      20
      24
      24
      25
      19
      23
      17
      25
      23
      18
      23
      25
      16
      19
      18
      21
      22
      20
      18
      25
      18
      24
      24
      18
      24
      29
      21
      26
      23
      23
      18
      24
      19
      20
      22
      21
      22
      17
      28
      28
      24
      15
      25
      18
      12
      28
      27
      23
      24
      22
      27
      21
      16
      22
      21
      28
      23
      23
      19
      24
      25
      24
      17
      24
      24
      20
      10
      21
      28
      26
      23
      18
      19
      19
      28
      19
      18
      22
      14
      23
      22
      10
      17
      26
      15
      22
      25
      16
      26
      31
      16
      32
      21
      24
      27
      18
      17
      27
      25
      25
      26
      20
      20
      29
      33
      19
      20
      23
      27
      27
      24
      27
      28
      28
      24
      22
      29
      29
      26
      25
      30
      20
      21
      22
      30
      26
      27
      30
      23
      30
      29
      21
      23
      34
      28
      33
      26
      26
      37
      39
      36
      21
      31
      42
      18
      28
      23
      24
      27
      20
      17
      24
      35
      23
      13
      20
      19
      19
      23
      17
      17
      17
      15
      21
      15
      21
      14
      26
      18
      16
      14
      12
      15
      14
       7
      17
      13
      17
      15
      10
      12
      16
      12
      17
      13
      20
      19
       8
      12
      13
      12
      13
       8
      10
      13
      16
      10
      17
      11
      27
      16
      12
      14
      10
      19
      15
       9
      22
      11
      18
      10
      18
      14
      17
      12
      19
      17
      18
      10
      15
      16
      12
       9
      17
      14
      19
      11
      22
      16
       8
       8
      18
      13
      13
      17
      15
      13
      12
       9
      13
      20
      17
       9
      15
      12
      12
      17
      18
      10
      22
      15
      12
      10
      13
      13
      18
      20
       9
      10
      12
      17
      14
      15
      15
      12
      18
      11
      15
      18
      13
      11
      13
      11
      16
      14
       9
      15
      17
       9
      11
      16
       5
      17
      16
      13
      16
      12
      10
      17
      13
      16
      18
      19
      18
      14
      15
      18
      19
      11
      12
      17
      16
      14
      14
       9
      15
      12
       9
      10
      12
      15
      23
      12
      16
       9
      19
      16
      14
       9
      14
      13
      18
      13
      19
      15
      11
      11
       9
      11
      16
      12
      12
      11
      17
       7
      13
      11
      18
       9
      17
      15
      17
      11
      14
      15
       7
      22
      12
      15
      10
      11
      10
      14
       4
      25
      15
      10
      11
      13
      19
      13
      14
      15
      15
      15
      11
      11
      13
      20
      22
       9
       9
      14
      13
      10
      11
      11
      13
       9
      14
      15
      13
      20
       5
      20
      14
      16
      14
      12
      11
      13
      16
      19
      11
      15
      15
      20
      15
       7
      13
      24
       9
      13
      12
      16
      12
      17
      21
      20
      16
      12
      15
      11
      16
      12
       8
       9
      10
      18
      14
      23
      16
      20
      14
       8
      11
       9
      16
      13
      16
      10
      10
       8
      13
      12
      11
      13
      15
      11
      13
      16
      17
      19
      19
      13
      15
      21
       6
      10
       8
      10
      10
      19
       6
      10
       7
      13
       9
      16
       7
      15
      18
       9
      15
      14
      19
      16
      11
      10
       9
      14
      15
      12
      15
      11
      12
      13
       5
      14
      20
      12
       6
      13
      20
       9
      12
      24
       8
      19
       8
      15
      13
      19
      11
      11
      20
       3
      16
      14
      20
       8
      14
      12
      11
      12
      11
      14
      22
      14
      13
      12
      11
      17
      19
      10
       8
      16
      11
      14
      14
      12
       8
      14
      11
      16
      11
      15
      10
      14
      14
      15
      16
      11
      16
      14
      10
      18
      12
      14
      12
      16
      23
      14
      21
      18
      31
      26
      19
      18
       9
      10
      18
       9
      11
      12
       7
       8
      15
      12
       4
       9
      13
       9
      10
      10
       6
       6
      15
      12
      18
       8
      13
      10
       9
       6
       6
      10
       9
       5
       7
      15
      13
       8
      13
      13
      10
      13
       8
      10
      13
      11
       8
       9
       9
      13
       7
      13
      14
      13
       3
      12
      11
       5
       7
       9
       9
      18
       8
      11
      11
       8
      12
      10
      13
      12
       9
      11
       7
       6
      10
       9
      11
       8
      11
      14
      11
       6
       7
      15
       6
       8
      10
      13
      13
       8
      11
       7
      13
       6
       6
      10
      12
       8
       4
      19
       8
       8
      11
       8
      10
      10
       7
       8
       8
       7
      11
      12
       4
       9
       6
      10
      18
       7
       7
       8
       7
      12
       7
       6
       5
       4
      10
       6
      12
       8
      10
       5
      14
       9
      11
       7
       9
      14
      12
       8
      12
      13
      11
       8
       8
      15
       8
       7
       9
       6
      13
       8
       7
       7
      16
       9
      16
      19
       8
      10
       9
       8
       8
       7
      11
       8
       8
      14
      13
       6
       8
       8
       9
      10
      15
      10
      10
       5
       8
      15
      17
      12
       7
       8
       9
      12
       5
       8
       9
      11
       7
      10
       7
       8
       6
      16
      11
       8
       9
      10
       9
       8
      10
      18
      16
      15
      28
      32
      36
      73
      73
     163
     255
     286
     415
     437
     444
     399
     306
     222
     148
      72
      50
      23
      14
       9
      12
      10
      12
      10
       5
       8
      15
      16
      15
      13
       7
       5
       8
       6
      10
       5
      11
      12
      12
       9
       5
       7
       5
       5
       7
      11
      10
       9
       8
      11
      10
       8
       5
      10
      10
      12
       5
       6
       9
       7
       7
      16
      12
       9
       8
       9
       8
       9
       6
      10
       6
      11
       3
      10
       6
      10
       7
       6
       6
      11
       6
       3
       5
      10
      15
       8
       7
       8
      10
       8
       5
       6
       6
       8
       6
       5
       8
       9
       4
       6
       5
       1
       6
       4
       7
       7
       8
       7
       5
       7
       3
       8
       5
       8
      10
       6
      10
       9
       4
       6
       6
       4
       8
      10
       6
       8
       8
       7
       7
       7
       4
      14
       6
       9
       7
       7
       4
       3
       4
       4
       6
       8
      12
       5
       5
       9
       8
       8
       8
       7
       8
       7
      10
       5
      10
       7
       8
       5
      10
       4
       3
       3
       6
       3
       6
       5
       5
       6
       6
       6
       9
       7
       5
       8
      12
       2
       5
       2
       5
      10
      12
       5
       5
       5
       4
       9
       7
       3
      12
       5
       8
       5
       7
      10
      13
       7
       6
       7
       9
       8
       5
       9
       5
       6
       5
       8
       7
       7
       2
       5
       5
       7
       6
       4
       5
       5
       2
      10
       8
       6
       5
       4
      12
       4
       2
       5
       6
       9
       6
       4
       4
       7
       9
       8
       9
       5
       8
       8
       5
       3
       8
       8
      10
       8
       4
       8
       3
       6
       9
       4
       6
       7
       7
       9
       4
       4
       1
       3
       4
       6
      10
       4
       7
       9
       3
      11
       6
       2
      12
      10
       9
       6
      15
       8
      10
      10
       6
       6
       8
      12
       3
       5
       9
       5
       5
       5
       2
       4
       7
       8
       6
       6
       7
      11
       5
       6
       3
       4
       6
       5
       7
       7
       9
       5
       1
       6
       8
       2
       4
       8
       4
       4
       2
       2
       6
       5
       5
       3
       0
      10
       7
       5
       6
       6
       3
       6
       3
       1
       5
       7
       3
       7
       3
       4
       3
       4
       6
       3
       6
       2
       4
       4
       5
       1
       4
       8
       6
       3
       5
       5
       5
       5
       8
       7
       5
       7
       2
       8
       5
      10
       4
       2
       6
       5
       4
       4
       9
       5
       2
       3
       8
       8
       4
       6
       3
       4
       8
       6
       8
       4
       5
       8
       5
       5
       6
       3
       5
       3
       5
       5
       5
      11
       7
       5
       5
       1
       6
       5
       6
       4
       4
       3
       6
       3
       5
       4
       5
       4
       3
       2
       7
       4
       8
       7
       2
       6
       7
       6
       6
       8
      13
      14
      13
      10
       8
      13
      15
       8
       4
       8
       5
       6
       2
       8
       4
       4
       5
       5
       3
       9
       5
       2
       3
       8
       3
       6
       6
       5
       3
       4
       1
       4
       5
       7
       3
       4
       4
       4
       5
       5
       6
       2
       6
       5
       7
       5
       4
       1
       6
       4
       3
       3
       3
       7
       3
       0
       4
       2
       6
       3
       6
       6
       4
       2
       2
       3
       8
       9
       2
       2
       5
       5
       5
       5
       3
       7
       7
       7
       1
       2
       6
       5
       3
       4
       5
       2
       5
       2
       7
       5
       8
       1
       3
       3
       7
       4
       5
       3
       3
       6
       1
       7
       6
       6
       3
       2
       2
       4
       6
       3
       3
       3
       7
       6
       4
       1
       7
       0
       4
       3
       1
       3
       4
       7
       5
       4
       3
       5
       1
       3
       1
       6
       4
       0
       3
       4
       4
       5
       6
       8
      12
       8
      11
       4
       2
       9
       3
       5
       6
       3
       4
       4
       4
       6
       3
       5
       1
       3
       4
       4
       2
       8
       5
       1
       2
       2
       2
       4
       6
       1
       6
       2
       4
       4
       4
       2
       7
       1
       4
       6
       1
       2
       3
       3
       1
       7
       4
       6
       2
       5
       7
       1
       2
       2
       3
       2
       6
       3
       3
       8
       1
       2
       1
       3
       6
       5
       5
       5
       7
       2
       7
       6
       3
       1
       4
       5
       9
       5
       4
       2
       3
      10
       8
       5
       6
       4
       4
       9
      11
      10
      18
      34
      30
      57
     114
     186
     270
     301
     342
     402
     396
     331
     226
     180
     125
      78
      38
      19
      12
       6
       5
      13
       5
       4
       4
       6
       3
       4
       5
       5
       6
       6
       7
       4
       5
       4
       7
       2
       8
       3
       8
       7
       4
       9
       5
       3
       4
       3
       7
       2
       4
       9
       4
       4
       9
       2
       4
       0
       4
       3
       4
       3
       4
       2
       6
       3
       4
       3
       4
       0
       2
       6
       4
       5
       5
       6
       3
       2
       2
       3
       4
       8
       2
       3
       2
       3
       3
       2
       5
       1
       0
       3
       4
       2
       3
       4
       2
       4
       2
       3
       0
       3
       2
       5
       2
       3
       4
       3
       4
       0
       2
       3
       2
       2
       7
       4
       2
       3
       7
       4
       4
       2
       3
       2
       4
       4
       5
       5
       2
       3
       6
       1
       2
       1
       1
       7
       1
       4
       1
       9
       2
       2
       0
       3
       6
       1
       3
       3
       4
       6
       3
       0
       2
       5
       4
       2
       4
       4
       3
       1
       3
       4
       3
       4
       2
       3
       1
       3
       2
       2
       1
       3
       3
       1
       4
       2
       2
       3
       2
       2
       6
       1
       3
       4
       4
       4
       4
       4
       1
       5
       8
       9
       5
       3
       6
       5
       4
       2
       4
       0
       2
       4
       2
       1
       4
       1
       2
       6
       0
       0
       2
       4
       2
       4
       2
       2
       3
       4
       2
       1
       1
       3
       3
       2
       6
       3
       3
       3
       4
       2
       3
       2
       2
       2
       4
       2
       0
       2
       2
       4
       2
       2
       3
       4
       1
       3
       3
       4
       5
       3
       1
       4
       1
       5
       4
       1
       1
       4
       4
       2
       1
       3
       2
       4
       3
       1
       5
       3
       1
       2
       0
       3
       1
       4
       1
       0
       2
       1
       3
       7
       3
       6
       1
       3
       3
       3
       3
       3
       1
       2
       2
       2
       3
       5
       1
       4
       3
       3
       3
       4
       1
       2
       2
       5
       4
       1
       2
       3
       3
       3
       1
       2
       6
       1
       1
       4
       7
       0
       3
       3
       2
       5
       2
       1
       5
       3
       6
       4
       2
       2
       1
      10
       3
       1
       2
       3
       1
       1
       1
       1
       2
       4
       6
       5
       3
       0
       6
       2
       2
       3
       0
       3
       1
       2
       4
       2
       6
       3
       1
       2
       3
       4
       1
       0
       5
       4
       1
       1
       3
       1
       6
       4
       3
       5
       0
       1
       1
       2
       2
       3
       2
       2
       2
       0
       2
       0
       1
       1
       1
       5
       7
       1
       3
       6
       1
       6
       0
       1
       7
       2
       2
       2
       0
       4
       4
       2
       0
       2
       1
       0
       4
       5
       6
       3
       5
       1
       2
       5
       2
       4
       3
       2
       2
       2
       3
       3
       3
       3
       2
       3
       2
       3
       1
       2
       2
       3
       3
       1
       2
       1
       6
       3
       2
       2
       2
       5
       2
       4
       6
       2
       2
       3
       1
       5
       3
       0
       5
       4
       2
       1
       4
       3
       2
       4
       1
       3
       2
       3
       3
       1
       0
       2
       2
       3
       3
       2
       4
       1
       3
       4
       7
       2
       3
       1
       1
       2
       2
       2
       3
       3
       4
       3
       3
       2
       4
       3
       2
       4
       1
       2
       0
       2
       1
       3
       2
       1
       3
       3
       2
       2
       5
       5
       2
       5
       5
       2
       3
       1
       1
       5
       1
       3
       2
       6
       8
       3
       9
      19
      31
      36
      41
      38
      37
      51
      63
      48
      40
      17
      14
       7
       6
       1
       2
       1
       2
       5
       2
       2
       1
       3
       2
       1
       2
       3
       4
       3
       5
       2
       3
       4
       1
       3
       4
       2
       1
       4
       2
       2
       4
       1
       1
       0
       2
       4
       2
       3
       3
       2
       1
       0
       2
       1
       7
       1
       2
       3
       5
       1
       1
       3
       1
       1
       2
       3
       3
       2
       1
       4
       2
       1
       7
       2
       2
       0
       2
       2
       8
       2
       2
       1
       2
       3
       0
       2
       1
       4
       1
       3
       3
       0
       0
       2
       2
       1
       2
       3
       0
       3
       4
       0
       5
       2
       0
       0
       2
       1
       0
       4
       3
       3
       1
       2
       3
       0
       0
       1
       2
       3
       1
       5
       3
       4
       1
       3
       2
       3
       1
       0
       1
       1
       1
       1
       0
       1
       2
       2
       4
       2
       3
       1
       3
       1
       3
       0
       3
       0
       0
       2
       2
       0
       0
       1
       3
       1
       2
       4
       5
       2
       3
       2
       2
       2
       1
       6
       1
       1
       2
       2
       1
       0
       3
       1
       0
       1
       1
       2
       3
       4
       4
       0
       2
       1
       5
       1
       2
       1
       3
       0
       2
       2
       4
       4
       2
       2
       7
       6
       2
       3
       4
       5
       5
       6
       5
       4
       0
       6
       2
       4
       2
       3
       2
       6
       2
       6
       0
       1
       1
       1
       3
       2
       3
       1
       1
       1
       3
       1
       3
       3
       0
       3
       2
       4
       2
       3
       3
       5
       1
       1
       0
       2
       1
       2
       0
       1
       0
       1
       1
       0
       1
       1
       1
       0
       5
       2
       1
       0
       5
       2
       1
       0
       4
       0
       2
       2
       4
       0
       1
       1
       2
       3
       4
       1
       2
       2
       0
       0
       1
       1
       1
       2
       2
       1
       0
       1
       1
       2
       0
       2
       0
       2
       3
       1
       5
       4
       0
       3
       2
       1
       4
       1
       2
       3
       2
       4
       0
       1
       3
       1
       2
       3
       2
       1
       1
       3
       2
       2
       3
       2
       1
       1
       3
       2
       0
       4
       3
       0
       0
       2
       6
       0
       1
       4
       1
       2
       0
       2
       3
       2
       0
       2
       1
       0
       1
       2
       3
       6
       3
       2
       4
       1
       2
       1
       2
       1
       7
       2
       3
       5
       2
       3
       1
       1
       1
       1
       2
       0
       0
       1
       4
       3
       1
       1
       2
       3
       3
       2
       2
       1
       1
       3
       2
       0
       2
       0
       1
       0
       1
       3
       2
       0
       0
       1
       3
       4
       1
       2
       2
       0
       4
       1
       0
       1
       1
       0
       0
       2
       2
       0
       2
       1
       0
       2
       0
       4
       4
       0
       4
       1
       0
       2
       1
       1
       3
       1
       0
       2
       1
       2
       0
       5
       4
       1
       1
       3
       1
       2
       1
       3
       2
       0
       3
       3
       0
       2
       1
       1
       2
       3
       2
       0
       2
       1
       0
       1
       3
       0
       2
       2
       1
       5
       0
       1
       3
       2
       4
       3
       2
       2
       6
       1
       0
       1
       1
       3
       0
       0
       4
       0
       1
       1
       0
       2
       2
       1
       0
       1
       1
       3
       3
       6
       1
       0
       4
       1
       1
       2
       5
       3
       0
       1
       2
       5
       0
       2
       2
       3
       5
       6
       0
       3
       1
       0
       0
       4
       4
       0
       0
       3
       2
       4
       4
       2
       5
       6
       2
       4
       3
       2
       5
       1
       3
       0
       2
       2
       1
       2
       6
       4
       1
       4
       8
       4
       5
       0
       2
       1
       2
       2
       6
       3
       1
       2
       2
       2
       2
       1
       3
       6
       1
       2
       0
       4
       0
       2
       2
       2
       0
       1
       3
       1
       3
       2
       0
       0
       2
       1
       0
       2
       1
       2
       1
       2
       2
       1
       1
       1
       1
       2
       1
       0
       1
       0
       2
       1
       5
       2
       1
       0
       2
       0
       3
       2
       3
       0
       2
       1
       1
       2
       2
       0
       1
       0
       2
       1
       1
       1
       4
       1
       4
       3
       2
       1
       1
       1
       4
       1
       1
       3
       0
       0
       4
       1
       2
       1
       1
       2
       1
       3
       0
       1
       1
       0
       0
       1
       0
       1
       1
       2
       0
       1
       1
       0
       2
       1
       2
       2
       1
       0
       1
       1
       0
       2
       4
       2
       0
       2
       3
       4
       4
       1
       1
       0
       5
       0
       0
       2
       0
       1
       1
       1
       4
       1
       1
       0
       3
       3
       1
       3
       3
       4
       0
       2
       1
       1
       0
       4
       2
       2
       3
       1
       1
       2
       2
       3
       0
       1
       3
       0
       0
       1
       3
       4
       0
       2
       0
       1
       1
       1
       3
       2
       1
       3
       0
       2
       2
       0
       2
       0
       3
       2
       3
       0
       1
       1
       0
       3
       2
       1
       2
       1
       1
       0
       1
       0
       2
       2
       0
       0
       0
       1
       1
       1
       2
       3
       1
       1
       3
       1
       1
       1
       0
       2
       1
       3
       0
       0
       3
       2
       2
       2
       0
       1
       0
       3
       2
       1
       0
       2
       3
       0
       2
       0
       1
       2
       0
       3
       1
       2
       1
       5
       1
       2
       1
       0
       1
       1
       2
       1
       1
       1
       0
       0
       1
       1
       0
       0
       0
       1
       0
       2
       1
       1
       2
       1
       0
       2
       3
       0
       0
       1
       3
       1
       3
       1
       1
       3
       1
       0
       0
       2
       1
       1
       2
       2
       1
       2
       0
       2
       1
       1
       2
       3
       3
       2
       2
       0
       2
       4
       2
       1
       1
       0
       2
       2
       2
       2
       1
       2
       0
       0
       0
       2
       1
       1
       2
       1
       1
       1
       3
       1
       4
       2
       0
       2
       2
       2
       0
       0
       2
       2
       2
       0
       0
       1
       0
       1
       1
       3
       0
       0
       1
       1
       6
       1
       1
       1
       2
       1
       1
       0
       2
       2
       0
       2
       1
       1
       0
       0
       0
       3
       2
       1
       1
       0
       1
       2
       0
       1
       2
       1
       0
       0
       2
       1
       2
       2
       1
       2
       2
       0
       2
       1
       0
       1
       0
       1
       1
       0
       2
       4
       0
       1
       2
       2
       2
       1
       1
       3
       0
       0
       2
       1
       0
       1
       1
       4
       0
       2
       0
       2
       1
       2
       2
       1
       1
       1
       1
       1
       1
       0
       0
       1
       2
       2
       0
       1
       1
       0
       0
       2
       2
       1
       2
       1
       0
       2
       2
       2
       0
       0
       1
       1
       2
       1
       1
       2
       1
       1
       1
       2
       2
       0
       0
       0
       0
       0
       0
       1
       1
       1
       0
       2
       1
       1
       1
       4
       1
       1
       2
       1
       1
       1
       1
       0
       0
       1
       1
       3
       2
       0
       1
       1
       2
       0
       0
       1
       3
       2
       0
       1
       0
       0
       0
       1
       0
       2
       0
       2
       3
       0
       1
       2
       3
       2
       0
       2
       0
       0
       3
       1
       1
       0
       1
       1
       0
       0
       1
       0
       1
       1
       1
       0
       2
       2
       0
       1
       3
       2
       0
       1
       2
       1
       0
       1
       1
       1
       2
       1
       4
       1
       3
       0
       3
       2
       3
       1
       2
       1
       1
       1
       3
       7
       0
       1
       2
       1
       0
       2
       0
       2
       1
       3
       1
       0
       2
       3
       2
       0
       1
       3
       1
       0
       1
       2
       1
       3
       0
       4
       1
       0
       0
       0
       2
       0
       1
       1
       1
       3
       0
       1
       1
       1
       2
       0
       2
       0
       0
       1
       1
       3
       1
       0
       1
       4
       2
       0
       1
       2
       2
       1
       1
       0
       0
       0
       1
       0
       0
       0
       0
       2
       0
       1
       0
       3
       1
       2
       1
       1
       1
       1
       1
       1
       2
       1
       0
       1
       1
       3
       2
       0
       0
       0
       3
       2
       0
       1
       2
       3
       2
       1
       0
       3
       1
       0
       5
       2
       3
       3
       0
       4
       2
       2
       0
       1
       2
       0
       1
       0
       1
       0
       1
       0
       3
       2
       1
       1
       0
       0
       1
       1
       2
       1
       1
       3
       2
       4
       6
       6
       6
       9
       9
      11
      10
      15
       5
       7
       5
       1
       4
       2
       1
       2
       2
       1
       0
       1
       1
       0
       1
       2
       1
       1
       1
       2
       1
       2
       1
       1
       2
       0
       0
       0
       1
       2
       1
       1
       2
       1
       1
       1
       3
       1
       1
       1
       0
       0
       0
       1
       1
       3
       2
       0
       0
       1
       1
       3
       1
       1
       5
       2
       0
       1
       1
       6
       2
       1
       0
       2
       0
       1
       2
       0
       0
       2
       1
       1
       0
       0
       2
       2
       2
       1
       3
       2
       0
       3
       0
       1
       1
       0
       0
       2
       1
       0
       1
       1
       2
       3
       0
       0
       1
       3
       2
       0
       2
       0
       1
       1
       1
       2
       0
       2
       3
       1
       0
       1
       4
       2
       0
       1
       1
       1
       2
       2
       2
       2
       1
       1
       0
       1
       0
       2
       0
       1
       2
       2
       0
       1
       1
       1
       1
       1
       1
       4
       1
       3
       1
       0
       1
       2
       1
       0
       1
       0
       1
       1
       1
       1
       0
       2
       3
       3
       1
       0
       0
       1
       3
       1
       3
       0
       1
       0
       0
       2
       1
       1
       2
       2
       5
       1
       2
       3
       0
       1
       0
       3
       2
       1
       0
       0
       0
       0
       0
       1
       0
       2
       1
       2
       2
       0
       1
       1
       2
       1
       3
       2
       0
       0
       0
       0
       1
       0
       0
       0
       0
       0
       1
       2
       1
       1
       0
       1
       1
       2
       1
       2
       1
       0
       0
       0
       1
       0
       2
       3
       3
       2
       1
       2
       0
       1
       0
       1
       1
       1
       1
       1
       1
       1
       4
       2
       2
       0
       1
       1
       0
       1
       4
       1
       0
       1
       0
       2
       0
       1
       1
       1
       1
       4
       2
       0
       1
       2
       1
       1
       3
       2
       1
       0
       3
       1
       2
       0
       0
       1
       1
       0
       4
       0
       2
       0
       0
       1
       0
       2
       2
       2
       0
       2
       1
       2
       2
       0
       0
       3
       6
       1
       0
       1
       0
       1
       0
       0
       1
       3
       1
       1
       2
       2
       1
       1
       1
       1
       1
       0
       2
       2
       0
       3
       0
       4
       1
       2
       0
       0
       0
       4
       0
       2
       3
       3
       3
       1
       1
       2
       0
       0
       0
       1
       2
       2
       0
       0
       1
       5
       0
       2
       2
       0
       1
       1
       1
       2
       0
       0
       2
       1
       1
       1
       2
       0
       1
       0
       0
       1
       2
       3
       1
       0
       0
       2
       2
       0
       0
       1
       2
       1
       1
       1
       1
       0
       1
       0
       0
       1
       2
       0
       0
       1
       1
       1
       1
       3
       0
       1
       2
       0
       2
       1
       1
       1
       0
       1
       0
       2
       0
       2
       0
       2
       1
       1
       0
       0
       1
       0
       3
       0
       0
       0
       0
       0
       0
       0
       3
       1
       1
       0
       1
       1
       0
       1
       0
       2
       2
       0
       0
       0
       1
       0
       1
       0
       0
       0
       0
       3
       2
       2
       1
       1
       2
       2
       0
       0
       1
       1
       1
       1
       1
       2
       0
       1
       1
       0
       1
       1
       0
       2
       0
       2
       0
       0
       1
       0
       0
       1
       5
       0
       0
       3
       1
       2
       0
       0
       1
       0
       1
       2
       2
       0
       0
       2
       1
       0
       1
       3
       0
       1
       0
       0
       0
       1
       2
       0
       4
       1
       0
       0
       1
       0
       1
       0
       2
       0
       3
       0
       1
       1
       3
       3
       4
       0
       0
       2
       0
       1
       0
       2
       0
       1
       0
       0
       2
       1
       1
       0
       1
       2
       0
       0
       1
       1
       2
       1
       1
       0
       1
       1
       3
       0
       2
       1
       0
       2
       1
       0
       1
       1
       1
       2
       0
       1
       0
       1
       2
       2
       0
       0
       0
       0
       0
       1
       2
       3
       1
       1
       3
       1
       0
       0
       1
       0
       0
       0
       1
       0
       0
       0
       1
       0
       2
       1
       0
       0
       0
       1
       0
       1
       2
       1
       0
       0
       1
       1
       0
       0
       1
       0
       1
       0
       0
       3
       0
       4
       1
       2
       0
       0
       1
       2
       1
       1
       1
       1
       2
       1
       0
       0
       0
       1
       0
       1
       0
       0
       0
       0
       0
       0
       2
       4
       1
       1
       0
       1
       0
       1
       0
       1
       3
       0
       2
       0
       2
       0
       2
       1
       0
       1
       1
       1
       1
       1
       1
       1
       0
       1
       1
       3
       1
       2
       1
       0
       1
       0
       1
       0
       0
       1
       0
       0
       1
       2
       1
       1
       0
       0
       0
       0
       1
       0
       1
       0
       1
       1
       0
       0
       0
       1
       0
       2
       0
       1
       0
       0
       1
       2
       1
       1
       1
       1
       0
       1
       1
       0
       1
       3
       1
       0
       1
       0
       0
       1
       0
       1
       1
       1
       0
       1
       1
       2
       0
       1
       1
       1
       0
       0
       0
       2
       1
       0
       0
       0
       0
       1
       1
       1
       2
       1
       2
       1
       1
       0
       1
       2
       1
       0
       1
       0
       0
       1
       0
       0
       2
       1
       0
       0
       0
       2
       2
       1
       0
       1
       0
       0
       0
       1
       0
       2
       2
       1
       0
       3
       0
       2
       1
       2
       1
       0
       0
       1
       1
       3
       1
       3
       1
       1
       2
       0
       0
       0
       1
       0
       0
       1
       0
       0
       1
       2
       1
       0
       0
       2
       0
       1
       3
       0
       0
       2
       1
       0
       1
       0
       0
       2
       1
       1
       0
       3
       0
       1
       0
       1
       1
       0
       2
       0
       0
       0
       2
       0
       0
       1
       1
       0
       0
       1
       1
       2
       0
       3
       0
       1
       0
       1
       1
       2
       0
       0
       0
       0
       1
       0
       0
       0
       0
       0
       0
       0
       0
       0
       0
       0
       0
       0
       0
       0
       0
       0
       0
       0
       0
       0
       0
       0
       0
       0
       0
       0
       0
       0
       0
       0
       0
       0
       0
       0
       0
       0
       0
       0
       0
       0
       0
       0
       0
       0
       0
       0
       0
       0
       0
       0
       0
       0
       0
       0
       0
       0
       0
       0
       0
       0
       0
       0
       0
       0
       0
       0
       0
       0
       0
       0
       0
       0
       0
       0
       0
       0
       0
       0
       0
       0
       0
       0
       0
       0
       0
       0
       0
       0
       0
       0
       0
       0
       0
       0
       0
       0
       0
       0
       0
       0
       0
       0
       0
       0
       0
       0
       0
       0
       0
       0
       0
       0
       0
       0
       0
       0
       0
       0
       0
       0
       0
       0
       0
       0
       0
       0
       0
       0
       0
$ROI:
2
1936 2287
5338 5513
$PRESETS:
Integral
500000
0
$ENER_FIT:
0.000000 0.245432
$MCA_CAL:
3
0.000000E+000 2.454316E-001 0.000000E+000 keV
$SHAPE_CAL:
3
7.465718E+000 0.000000E+000 0.000000E+000
