$SPEC_ID:
No sample description was entered.
$SPEC_REM:
DET# 1
DETDESC# BUNCHER Easy-MCA-8k SN 9051292
AP# Maestro Version 6.08
$DATE_MEA:
07/26/2019 14:21:47
$MEAS_TIM:
315 404
$DATA:
0 8191
       0
       0
       0
       0
       0
       0
       0
       0
       0
       0
       0
       0
       0
       0
       0
       0
       0
       0
       0
       1
      13
      63
     459
    1417
    2901
    4297
    5009
   12084
    5924
     484
     221
     114
     224
     716
    1522
    1946
    1823
    1762
    1563
    1419
    1287
    1309
    1362
    1357
    1370
    1334
    1306
    1330
    1419
    1383
    1383
    1280
    1303
    1339
    1297
    1244
    1269
    1244
    1254
    1210
    1258
    1221
    1188
    1193
    1167
    1172
    1219
    1202
    1160
    1091
    1166
    1089
    1187
    1015
    1127
    1092
    1075
    1092
    1102
    1063
    1095
    1066
    1125
    1091
    1066
    1028
    1055
    1000
    1050
    1020
    1047
    1037
     967
     976
     980
     961
    1056
     964
     963
    1026
     974
    1007
    1010
     972
     983
     943
     970
     903
     989
     964
     971
     874
     974
     963
     962
     956
     972
     873
     977
     921
     962
     853
     922
     880
     854
     958
     916
     830
     957
     938
     885
     886
     925
     897
     862
     880
     925
     859
     878
     921
     826
     860
     913
     928
     824
     872
     847
     883
     822
     913
     906
     899
     924
     805
     913
     862
     838
     845
     887
     829
     828
     838
     880
     867
     838
     862
     819
     898
     851
     841
     841
     874
     814
     818
     876
     855
     830
     832
     853
     831
     865
     814
     823
     845
     874
     804
     768
     872
     824
     827
     865
     826
     867
     846
     801
     828
     823
     812
     822
     857
     817
     840
     807
     850
     804
     840
     901
     820
     856
     793
     847
     845
     802
     828
     795
     897
     853
     794
     834
     874
     848
     837
     821
     811
     847
     946
     840
     904
     884
     864
     839
     797
     826
     883
     904
     892
     839
     843
     887
     851
     833
     812
     858
     870
     894
     873
     812
     826
     868
     838
     829
     844
     858
     870
     846
     899
     917
     893
     836
     892
     920
     865
     841
     893
     908
     877
     909
     875
     913
     905
     858
     878
     873
     944
     872
     846
     849
     898
     946
     881
     887
     879
     955
     930
     925
     881
     928
     881
     885
     998
     868
     941
     988
     971
    1050
    1031
    1017
     988
     963
     955
     978
    1111
    1193
    1238
    1138
    1045
     955
     977
     950
     975
     869
     993
     975
     966
     943
     963
     981
     996
     980
    1012
    1021
    1019
     909
     944
    1028
     990
     965
    1015
     975
     983
     958
     974
    1051
    1014
    1005
    1034
    1035
    1070
    1020
    1066
    1072
    1171
    1147
    1184
    1111
    1187
    1071
    1011
    1029
    1004
    1102
    1022
    1049
    1054
    1087
    1125
    1022
    1026
    1059
    1111
    1035
    1002
     970
    1068
    1063
    1034
    1071
    1051
    1064
    1012
    1106
    1053
     998
     990
    1115
    1058
    1018
    1086
    1024
    1112
    1040
    1052
    1090
    1020
    1132
    1039
    1063
    1054
    1088
    1072
    1068
    1123
    1130
    1117
    1106
    1102
    1079
    1095
    1076
    1044
    1047
    1087
    1116
    1132
    1064
    1153
    1126
    1067
    1116
    1074
    1140
    1111
    1181
    1154
    1118
    1177
    1159
    1188
    1148
    1123
    1092
    1108
    1188
    1124
    1180
    1135
    1148
    1105
    1140
    1149
    1134
    1152
    1161
    1194
    1165
    1065
    1193
    1203
    1179
    1154
    1133
    1194
    1140
    1143
    1220
    1209
    1137
    1111
    1155
    1217
    1192
    1138
    1138
    1165
    1248
    1200
    1218
    1163
    1248
    1116
    1137
    1194
    1112
    1192
    1200
    1191
    1204
    1156
    1228
    1202
    1210
    1205
    1251
    1154
    1234
    1175
    1153
    1217
    1187
    1209
    1146
    1205
    1201
    1185
    1154
    1191
    1171
    1211
    1197
    1176
    1242
    1151
    1193
    1193
    1203
    1194
    1185
    1102
    1086
    1127
    1171
    1166
    1163
    1178
    1131
    1180
    1165
    1176
    1154
    1185
    1152
    1174
    1161
    1155
    1119
    1162
    1160
    1196
    1164
    1207
    1203
    1209
    1159
    1108
    1207
    1182
    1210
    1071
    1177
    1098
    1176
    1189
    1126
    1165
    1153
    1071
    1149
    1127
    1109
    1169
    1115
    1169
    1115
    1178
    1134
    1100
    1185
    1121
    1124
    1168
    1152
    1197
    1147
    1187
    1053
    1155
    1177
    1101
    1169
    1110
    1157
    1118
    1179
    1138
    1126
    1169
    1155
    1105
    1118
    1149
    1141
    1122
    1132
    1080
    1120
    1032
    1160
    1100
    1140
    1103
    1086
    1109
    1101
    1085
    1125
    1157
    1106
    1054
    1081
    1110
    1163
    1093
    1137
    1110
    1118
    1162
    1097
    1127
    1153
    1099
    1105
    1158
    1067
    1120
    1145
    1092
    1131
    1137
    1107
    1067
    1121
    1153
    1132
    1159
    1039
    1086
    1161
    1228
    1066
    1106
    1099
    1091
    1198
    1097
    1163
    1136
    1142
    1152
    1127
    1065
    1144
    1121
    1085
    1139
    1061
    1132
    1104
    1138
    1059
    1084
    1128
    1153
    1095
    1108
    1129
    1085
    1085
    1091
    1122
    1139
    1160
    1097
    1072
    1113
    1105
    1083
    1085
    1070
    1136
    1076
    1103
    1165
    1162
    1100
    1077
    1120
    1060
    1103
    1134
    1103
    1073
    1142
    1075
    1042
    1125
    1097
    1115
    1060
    1038
    1085
    1117
    1151
    1158
    1108
    1090
    1155
    1165
    1109
    1188
    1132
    1088
    1144
    1203
    1125
    1191
    1180
    1155
    1206
    1151
    1178
    1200
    1190
    1220
    1208
    1231
    1218
    1215
    1153
    1147
    1102
    1097
    1117
    1104
    1128
    1134
    1149
    1204
    1161
    1139
    1233
    1156
    1155
    1122
    1087
    1101
    1163
    1094
    1174
    1121
    1154
    1100
    1105
    1069
    1102
    1103
    1092
    1085
    1165
    1147
    1056
    1081
    1094
    1087
    1131
    1081
     990
    1048
    1100
    1074
    1095
    1149
    1087
    1032
    1022
    1060
    1067
     987
    1040
    1020
    1065
    1052
    1061
     996
    1032
     999
     995
    1045
    1094
    1042
    1053
    1039
    1043
    1014
    1036
     992
    1013
    1056
    1053
     970
    1003
     994
    1051
    1018
     957
     969
     968
    1002
    1004
    1008
     975
    1002
     947
     948
     974
     918
     965
     945
     996
    1003
     968
     931
     997
     994
     982
     959
     973
     922
     976
     973
    1003
     921
     965
     918
     927
     959
     958
     921
     922
     990
     919
     977
     914
     917
     860
     928
    1001
     924
     932
     942
     896
     953
     951
     915
    1009
     916
     848
     901
     920
     900
     943
     888
     916
     952
     928
     915
     848
     945
     898
     915
     964
     922
     940
     878
     918
     913
     906
     880
     946
     884
     935
     864
     918
     879
     861
     897
     854
     914
     865
     881
     911
     916
     905
     881
     901
     882
     870
     866
     916
     885
     907
     889
     871
     861
     871
     853
     859
     889
     949
     873
     900
     942
     872
     867
     883
     859
     832
     878
     901
     892
     925
     880
     863
     912
     894
     928
     898
     871
     850
     912
     848
     892
     903
     846
     879
     861
     865
     846
     878
     879
     900
     871
     855
     884
     886
     891
     903
     869
     846
     905
     831
     878
     906
     864
     817
     887
     867
     818
     893
     859
     919
     875
     845
     846
     861
     912
     883
     852
     917
     889
     824
     880
     882
     868
     883
     867
     885
     815
     870
     847
     834
     844
     923
     863
     870
     835
     859
     868
     878
     857
     880
     862
     924
     902
     861
     856
     850
     868
     852
     881
     876
     901
     823
     858
     858
     869
     912
     867
     897
     891
     855
     845
     910
     948
     883
     846
     862
     848
     866
     862
     889
     880
     864
     869
     827
     861
     940
     879
     815
     849
     849
     851
     886
     894
     867
     948
     874
     867
     865
     918
     868
     859
     886
     843
     877
     917
     857
     856
     868
     888
     844
     854
     873
     840
     934
     867
     907
     896
     866
     878
     849
     940
     846
     828
     896
     912
     875
     832
     946
     863
     835
     869
     912
     882
     916
     856
     854
     824
     854
     862
     858
     908
     911
     860
     889
     827
     896
     882
     887
     870
     890
     842
     885
     907
     890
     881
     864
     863
     868
     841
     889
     898
     857
     848
     854
     915
     892
     916
     870
     847
     899
     897
     893
     900
     844
     911
     910
     867
     884
     856
     859
     902
     858
     908
     891
     858
     898
     809
     875
     904
     856
     872
     862
     909
     905
     889
     894
     836
     864
     862
     911
     929
     939
     871
     871
     869
     895
     883
     909
     927
     918
     930
     897
     895
     907
     839
     855
     931
     893
     887
     903
     870
     910
     914
     910
     905
     884
     861
     900
     903
     903
     890
     913
     905
     840
     942
     884
     939
     871
     921
     874
     871
     948
     867
     886
     929
     937
     899
     893
     921
     938
     887
     893
     887
     907
     886
     978
     951
     900
     930
     906
     923
     918
     893
     932
     923
     888
     884
     877
     903
     898
     911
     904
     950
     885
     948
     894
     892
     888
     956
     929
     926
     962
     945
     901
    1016
     934
     992
     922
     953
     971
     925
     917
     923
     972
     958
     918
     912
     976
     927
     960
     865
     931
     884
     951
     954
     991
     888
     964
     973
    1018
     972
     959
     971
     951
    1001
     960
     921
    1007
    1032
     957
     969
     924
     928
     968
     942
     991
     978
     994
     926
     923
    1011
     973
    1017
     982
    1014
     981
     962
     918
     974
    1007
    1030
     981
     977
    1016
    1002
     930
    1008
     994
    1005
     988
     966
     995
    1018
     974
     962
    1054
     950
    1012
    1005
    1067
     959
    1016
    1014
     999
     979
     946
     986
     980
     990
     999
    1028
     988
    1046
    1016
    1062
    1000
    1052
     970
    1048
    1039
    1055
     992
     976
    1058
    1051
     976
    1051
    1057
    1048
     999
    1033
    1094
    1040
    1009
    1011
    1010
    1025
    1027
    1016
     992
    1050
    1048
     961
    1005
    1036
    1064
    1002
    1003
    1028
    1066
    1017
     997
    1045
    1013
    1032
    1013
    1092
    1043
    1019
    1027
    1066
    1013
    1037
    1097
     975
    1031
    1057
    1074
    1086
    1101
    1021
    1114
    1078
    1065
    1053
    1012
    1090
    1059
    1081
    1004
    1035
     976
    1085
    1018
    1026
     995
    1024
    1012
    1046
    1007
    1013
     974
     965
    1024
     993
     981
     941
    1009
     964
     943
    1002
     916
     949
     923
     956
     940
     937
     824
     831
     905
     881
     886
     849
     846
     827
     793
     804
     802
     804
     809
     788
     778
     718
     811
     814
     762
     762
     661
     776
     713
     774
     719
     787
     767
     760
     755
     722
     731
     769
     726
     759
     677
     662
     672
     736
     654
     713
     688
     666
     683
     670
     719
     721
     737
     678
     696
     672
     639
     667
     680
     695
     675
     706
     631
     658
     613
     656
     673
     651
     635
     659
     674
     631
     654
     623
     632
     598
     681
     600
     600
     634
     644
     654
     652
     636
     627
     598
     634
     619
     650
     592
     589
     640
     591
     634
     579
     597
     614
     595
     592
     585
     631
     608
     608
     621
     636
     632
     622
     684
     586
     593
     583
     595
     585
     609
     616
     516
     620
     620
     575
     564
     589
     617
     601
     547
     592
     630
     583
     548
     555
     566
     571
     616
     610
     542
     594
     542
     551
     569
     516
     561
     578
     561
     586
     520
     558
     557
     531
     544
     568
     523
     547
     532
     591
     524
     572
     537
     572
     539
     513
     523
     508
     538
     522
     512
     504
     541
     528
     571
     543
     525
     553
     533
     522
     491
     561
     517
     526
     484
     520
     505
     547
     487
     501
     510
     528
     503
     497
     482
     468
     497
     510
     520
     500
     511
     528
     507
     480
     500
     520
     497
     462
     501
     442
     453
     429
     479
     491
     489
     472
     447
     504
     458
     437
     496
     531
     450
     463
     422
     455
     462
     450
     464
     508
     476
     471
     441
     485
     466
     455
     487
     502
     517
     453
     486
     469
     461
     482
     441
     444
     423
     488
     474
     473
     475
     431
     458
     440
     431
     463
     439
     427
     406
     468
     444
     473
     435
     424
     417
     417
     441
     460
     435
     400
     421
     473
     412
     465
     417
     490
     418
     440
     450
     431
     448
     449
     427
     439
     467
     448
     419
     431
     449
     426
     461
     445
     433
     428
     442
     444
     410
     416
     400
     444
     384
     395
     407
     407
     451
     413
     435
     391
     403
     406
     419
     423
     411
     411
     428
     459
     422
     388
     430
     424
     436
     419
     422
     434
     432
     386
     418
     414
     401
     405
     411
     423
     416
     408
     411
     403
     405
     458
     418
     380
     406
     420
     431
     407
     442
     450
     375
     388
     411
     419
     376
     442
     395
     401
     378
     408
     405
     386
     399
     415
     434
     416
     411
     402
     364
     401
     407
     391
     395
     364
     366
     397
     377
     386
     443
     436
     419
     411
     382
     380
     388
     380
     401
     416
     433
     408
     428
     387
     404
     409
     363
     415
     406
     430
     375
     391
     417
     394
     400
     428
     402
     423
     399
     420
     412
     398
     413
     388
     410
     447
     388
     406
     371
     357
     382
     382
     410
     390
     416
     400
     395
     376
     434
     432
     393
     394
     386
     395
     435
     395
     392
     418
     415
     426
     410
     420
     395
     397
     395
     386
     346
     427
     333
     379
     398
     404
     423
     375
     392
     395
     409
     421
     373
     374
     367
     366
     388
     368
     392
     381
     422
     408
     415
     386
     388
     412
     392
     362
     398
     391
     361
     344
     365
     390
     394
     368
     410
     364
     396
     370
     388
     377
     385
     372
     381
     409
     407
     370
     382
     375
     408
     385
     409
     402
     416
     389
     388
     361
     380
     370
     412
     366
     361
     388
     410
     370
     349
     382
     375
     384
     386
     372
     364
     361
     373
     381
     388
     384
     384
     357
     387
     407
     399
     368
     346
     367
     378
     407
     393
     379
     382
     385
     357
     349
     399
     376
     386
     377
     391
     355
     397
     384
     367
     368
     395
     328
     364
     368
     379
     400
     397
     362
     376
     372
     365
     364
     368
     365
     379
     344
     397
     355
     425
     354
     363
     354
     367
     352
     405
     349
     357
     387
     354
     345
     369
     376
     355
     373
     342
     380
     359
     356
     361
     386
     375
     366
     374
     355
     405
     351
     408
     360
     341
     383
     349
     342
     368
     403
     360
     410
     373
     360
     360
     357
     360
     358
     382
     360
     390
     377
     391
     324
     354
     366
     363
     359
     384
     388
     388
     384
     360
     368
     383
     371
     388
     327
     375
     368
     356
     349
     378
     404
     351
     356
     355
     374
     374
     399
     339
     352
     328
     327
     331
     390
     337
     358
     395
     363
     338
     337
     405
     393
     346
     342
     359
     377
     335
     370
     380
     394
     373
     377
     352
     375
     364
     367
     401
     377
     388
     357
     404
     391
     422
     396
     412
     398
     364
     394
     403
     400
     444
     468
     464
     443
     504
     467
     561
     551
     672
     749
     818
    1072
    1339
    1606
    2142
    2925
    3881
    5352
    7199
    9646
   12681
   15772
   19411
   23221
   26564
   29328
   31229
   31651
   31257
   29804
   27176
   23701
   20023
   15837
   12609
    9499
    6989
    4969
    3583
    2617
    1902
    1317
    1081
     882
     679
     599
     483
     475
     418
     367
     331
     325
     358
     320
     314
     269
     251
     220
     237
     252
     253
     261
     208
     243
     243
     208
     221
     215
     207
     216
     207
     191
     197
     186
     203
     175
     208
     172
     191
     181
     171
     176
     173
     160
     193
     165
     178
     153
     181
     195
     157
     154
     157
     182
     160
     172
     162
     162
     152
     152
     143
     150
     160
     146
     146
     159
     123
     130
     136
     159
     136
     155
     134
     126
     153
     129
     129
     132
     120
     144
     144
     147
     128
     140
     148
     143
     136
     131
     128
     125
     127
     123
     131
     140
     129
     128
     134
     112
     127
     138
     122
     110
     113
     100
     126
     114
     105
     122
     132
     120
     109
     128
     117
     129
     115
     103
     112
     113
     106
     113
     135
     110
     124
     116
     115
     117
     127
     119
     127
     107
     123
     116
     132
     125
     103
      98
     124
     124
     121
     117
     100
     114
     136
     111
     115
     118
      97
     117
      97
     114
     124
     110
     111
     102
     119
     125
     115
      97
     112
      94
     121
     105
     109
      90
     121
     100
     106
      98
     103
     101
     107
     114
     106
     114
      97
      92
      86
      97
     121
     113
     105
     111
      88
      86
     104
     102
      95
      93
      95
     106
     107
      85
     108
      91
     101
      80
     115
      95
      92
      70
     124
     102
      95
     102
      78
     117
     100
      99
     125
      94
      97
     105
     112
      89
     105
     119
      77
      88
      96
      89
      73
      97
      89
      92
      83
      81
      97
      87
      73
      78
      82
      99
     101
     104
      81
      93
      91
      93
      92
      81
     100
     110
      91
      97
      93
     107
      95
     103
      86
      84
      73
      87
     100
      93
      86
     102
      96
      75
      96
     106
      87
      90
      88
      96
      95
      83
     102
      86
      82
      83
      99
      75
      90
      92
      94
     100
      92
      95
      94
      90
      84
      98
     103
      94
      90
      80
      93
      76
     105
      76
      86
      79
      78
      86
      85
      82
      93
      88
      92
      99
      83
      90
      90
      86
      71
      73
      80
      74
      73
      86
      83
      83
      80
      77
      77
      80
      80
      82
      73
      97
      76
      81
      65
      82
      90
      92
      87
      96
      70
      96
      73
      81
      73
      75
      75
      91
      85
      73
      76
      79
      93
      92
      90
      64
      99
      75
      82
      84
      80
      86
      90
      68
      71
      88
      77
      73
      81
      75
      82
      63
      74
      72
      88
      84
      64
      95
      62
     108
      85
      79
      79
      80
      85
      81
      77
      76
      71
      69
      73
      67
      91
      76
      85
      78
      80
      84
     105
     133
     118
     119
     103
     104
      81
      72
      72
      79
      84
      75
      68
      94
      65
      65
      92
      69
      63
      73
      63
      75
      70
      68
      85
      79
      82
      68
      68
      83
      76
      71
      79
      73
      76
      69
      88
      53
      70
      67
      63
      68
      68
      70
      64
      74
      69
      90
      69
      70
      60
      82
      68
      62
      72
      79
      83
      74
      57
      71
      74
      61
      48
      67
      77
      87
      68
      80
      57
      62
      55
      69
      62
      78
      70
      79
      54
      77
      77
      69
      69
      82
      82
      69
      58
      77
      65
      59
      62
      77
      55
      58
      72
      60
      58
      94
      78
      66
      70
      81
      84
      82
      72
      57
      62
      66
      80
      70
      65
      65
      67
      66
      76
      68
      63
      59
      69
      47
      72
      81
      56
      69
      73
      75
      65
      65
      60
      85
      71
      56
      44
      71
      52
      70
      67
      64
      63
      74
      61
      54
      72
      65
      64
      58
      72
      60
      60
      59
      57
      55
      57
      50
      56
      49
      70
      63
      63
      61
      67
      66
      67
      69
      50
      70
      58
      61
      54
      57
      43
      66
      58
      58
      59
      53
      65
      67
      60
      56
      59
      56
      67
      58
      59
      52
      65
      67
      64
      54
      57
      70
      48
      84
      64
      54
      49
      74
      70
      75
      63
      73
      58
      61
      60
      62
      58
      63
      69
      54
      57
      48
      65
      68
      47
      70
      60
      57
      56
      53
      58
      67
      53
      67
      62
      53
      52
      65
      58
      65
      56
      59
      58
      63
      61
      56
      61
      55
      52
      61
      58
      51
      44
      55
      47
      59
      46
      61
      57
      59
      49
      61
      60
      57
      55
      54
      63
      65
      64
      53
      57
      47
      71
      55
      60
      55
      54
      48
      75
      60
      68
      51
      61
      68
      49
      55
      61
      53
      65
      58
      47
      52
      39
      54
      52
      48
      49
      48
      49
      57
      47
      50
      52
      48
      56
      70
      52
      62
      61
      61
      63
      53
      47
      55
      46
      50
      57
      51
      56
      51
      51
      47
      53
      58
      53
      55
      56
      49
      51
      53
      61
      50
      40
      55
      59
      46
      31
      49
      46
      56
      42
      52
      48
      56
      59
      52
      45
      54
      44
      62
      47
      49
      31
      45
      38
      46
      52
      58
      46
      66
      38
      50
      34
      55
      51
      44
      50
      46
      47
      53
      45
      58
      49
      36
      38
      53
      53
      47
      54
      55
      47
      59
      41
      49
      54
      50
      45
      44
      46
      50
      50
      51
      45
      62
      50
      43
      51
      47
      37
      47
      51
      55
      52
      50
      55
      46
      49
      53
      53
      47
      54
      58
      56
      49
      54
      50
      49
      57
      40
      55
      45
      55
      44
      56
      47
      50
      37
      42
      42
      46
      50
      51
      46
      40
      44
      48
      39
      49
      37
      46
      40
      39
      54
      43
      49
      47
      45
      50
      41
      57
      58
      48
      43
      46
      61
      53
      51
      38
      43
      35
      45
      44
      50
      35
      50
      48
      47
      35
      37
      36
      40
      49
      45
      51
      44
      44
      39
      46
      34
      39
      34
      28
      48
      40
      36
      34
      42
      38
      39
      38
      46
      49
      41
      42
      42
      54
      38
      36
      51
      45
      34
      37
      40
      34
      42
      53
      40
      38
      41
      46
      50
      43
      51
      37
      35
      40
      39
      31
      39
      52
      51
      33
      39
      43
      43
      49
      41
      43
      46
      41
      41
      56
      40
      36
      39
      41
      45
      45
      37
      39
      43
      44
      49
      34
      41
      47
      40
      35
      35
      37
      41
      41
      48
      35
      37
      33
      42
      49
      26
      39
      41
      48
      38
      45
      41
      51
      39
      42
      39
      40
      42
      48
      39
      42
      41
      35
      41
      42
      37
      45
      46
      41
      41
      49
      41
      37
      42
      32
      32
      34
      47
      36
      41
      26
      31
      46
      47
      39
      44
      30
      37
      47
      31
      41
      27
      37
      43
      39
      48
      34
      37
      34
      43
      38
      40
      41
      37
      40
      36
      43
      46
      54
      38
      41
      41
      43
      41
      26
      32
      40
      38
      36
      35
      35
      37
      40
      56
      51
      35
      39
      41
      44
      38
      36
      26
      34
      36
      33
      39
      48
      36
      22
      38
      35
      35
      33
      37
      36
      37
      41
      28
      48
      39
      34
      34
      48
      40
      32
      42
      25
      30
      48
      35
      38
      41
      44
      38
      33
      32
      28
      34
      37
      45
      37
      42
      45
      36
      35
      41
      33
      49
      31
      39
      40
      33
      40
      36
      46
      26
      43
      26
      37
      46
      45
      55
      50
      35
      31
      40
      34
      33
      23
      43
      35
      30
      38
      35
      44
      31
      39
      39
      46
      41
      25
      37
      39
      35
      42
      51
      35
      46
      42
      33
      33
      33
      44
      34
      36
      38
      32
      29
      41
      27
      41
      35
      26
      37
      34
      40
      33
      36
      38
      38
      26
      41
      53
      38
      30
      36
      42
      28
      34
      31
      25
      28
      44
      32
      34
      36
      26
      50
      39
      35
      37
      37
      34
      35
      35
      32
      42
      33
      33
      23
      31
      41
      26
      42
      36
      35
      41
      34
      29
      30
      39
      46
      22
      43
      20
      33
      38
      35
      31
      33
      45
      25
      30
      31
      20
      28
      32
      21
      38
      24
      36
      38
      39
      38
      39
      36
      35
      37
      35
      43
      34
      47
      33
      28
      38
      25
      32
      37
      44
      32
      36
      34
      31
      47
      37
      34
      27
      27
      32
      43
      26
      28
      41
      33
      31
      40
      32
      35
      21
      45
      27
      38
      29
      29
      33
      36
      25
      45
      24
      28
      35
      22
      32
      41
      34
      27
      35
      28
      25
      34
      31
      23
      34
      29
      23
      34
      34
      43
      26
      31
      28
      30
      32
      28
      35
      31
      35
      30
      42
      35
      37
      33
      30
      28
      30
      28
      33
      35
      30
      37
      25
      33
      25
      27
      35
      27
      28
      39
      37
      34
      31
      40
      27
      16
      24
      31
      31
      35
      29
      33
      39
      42
      33
      33
      30
      34
      33
      30
      33
      44
      36
      38
      25
      37
      33
      30
      29
      28
      31
      27
      33
      29
      26
      32
      35
      41
      33
      23
      28
      20
      27
      34
      30
      30
      36
      31
      26
      33
      20
      31
      21
      25
      32
      35
      29
      25
      36
      38
      22
      28
      40
      39
      31
      31
      24
      31
      35
      31
      38
      27
      41
      22
      37
      38
      44
      23
      28
      36
      22
      26
      18
      33
      25
      26
      32
      23
      34
      26
      20
      21
      26
      21
      23
      24
      29
      28
      25
      29
      20
      34
      33
      27
      18
      26
      20
      34
      28
      31
      25
      27
      28
      30
      26
      27
      23
      28
      27
      27
      27
      22
      29
      27
      38
      35
      34
      24
      33
      30
      22
      27
      32
      35
      21
      23
      31
      18
      24
      16
      30
      25
      20
      21
      24
      27
      27
      29
      25
      20
      21
      20
      23
      19
      25
      19
      25
      27
      21
      29
      28
      22
      30
      31
      34
      27
      36
      25
      13
      25
      29
      24
      30
      27
      35
      30
      14
      19
      20
      30
      19
      19
      24
      22
      25
      27
      21
      19
      18
      25
      16
      22
      30
      20
      28
      30
      18
      26
      22
      16
      25
      30
      27
      27
      10
      26
      28
      25
      21
      23
      19
      25
      17
      25
      31
      24
      27
      23
      20
      18
      26
      24
      13
      33
      23
      31
      23
      24
      30
      22
      22
      20
      18
      22
      20
      29
      19
      18
      16
      26
      28
      24
      22
      26
      23
      24
      27
      19
      30
      15
      19
      11
      18
      21
      28
      23
      34
      22
      25
      21
      29
      18
      27
      26
      18
      27
      23
      18
      21
      17
      35
      18
      21
      13
      25
      24
      14
      25
      17
      12
      27
      25
      26
      23
      23
      25
      30
      22
      25
      26
      24
      26
      28
      19
      32
      25
      22
      24
      24
      29
      26
      25
      22
      24
      21
      25
      19
      23
      23
      30
      19
      22
      30
      32
      36
      20
      30
      27
      27
      27
      22
      31
      18
      25
      22
      32
      20
      20
      20
      22
      21
      40
      28
      18
      26
      23
      32
      23
      26
      17
      30
      26
      25
      19
      24
      30
      37
      25
      28
      16
      12
      22
      27
      29
      22
      18
      21
      25
      21
      19
      31
      26
      20
      28
      20
      15
      23
      22
      35
      17
      14
      18
      20
      29
      31
      20
      16
      23
      21
      21
      14
      21
      18
      24
      25
      20
      21
      19
      20
      22
      16
      20
      25
      25
      17
      26
      23
      26
      22
      23
      19
      16
      27
      27
      23
      21
      20
      18
      32
      18
      26
      16
      28
      21
      23
      22
      21
      20
      19
      30
      17
      15
      23
      23
      20
      30
      24
      22
      19
      25
      24
      26
      23
      21
      21
      22
      32
      22
      18
      33
      15
      11
      22
      30
      19
      23
      23
      19
      19
      24
      15
      22
      20
      27
      26
      27
      29
      19
      19
      21
      15
      15
      17
      14
      22
      23
      26
      24
      26
      25
      23
      23
      19
      22
      27
      33
      23
      17
      28
      33
      27
      31
      29
      22
      26
      21
      26
      17
      23
      26
      23
      23
      22
      18
      19
      14
      26
      26
      15
      20
      30
      17
      23
      24
      24
      23
      11
      24
      23
      23
      24
      26
      13
      22
      23
      23
      20
      22
      22
      19
      24
      30
      22
      20
      19
      24
      25
      28
      21
      21
      23
      25
      20
      27
      30
      21
      22
      14
      24
      13
      29
      14
      25
      10
      15
      19
      22
      18
      25
      22
      18
      20
      23
      17
      24
      20
      11
      24
      22
      23
      19
      21
      18
      28
      14
      25
      28
      27
      13
      31
      23
      24
      22
      28
      18
      18
      21
      17
      32
      12
      29
      21
      12
      28
      21
      25
      22
      25
      17
      16
      17
      19
      25
      17
      21
      24
      23
      23
      11
      15
      18
      20
      19
      18
      19
      17
      22
      17
      27
      15
      16
      29
      21
      14
      17
      25
      19
      25
      16
      23
      25
      15
      17
      22
      21
      16
      18
      10
      24
      14
      26
      18
      19
      23
      24
      20
      17
      10
      24
      14
      18
      22
      22
      17
      26
      29
      22
      17
      24
      20
      22
      25
      21
      22
      15
      21
      20
      20
      20
      22
      23
      35
      20
      21
      17
      25
      18
      15
      21
      21
      26
      21
      18
      21
      17
      24
      16
      27
      18
      20
      15
      20
      18
      25
      21
      18
      16
      20
      16
      20
      21
      19
      20
      21
      18
      24
      24
      17
      20
      32
      24
      25
      18
      18
      20
      25
      22
      18
      23
      21
      27
      16
      17
      18
      18
      22
      20
      22
      24
      14
      23
      26
      20
      23
      24
      21
      24
      25
      21
      19
      15
      25
      24
      22
      18
      19
      26
      25
      26
      15
      27
      14
      23
       9
      27
      19
      22
      18
      20
      25
      24
      26
      24
      28
      26
      23
      20
      32
      27
      21
      18
      26
      25
      26
      28
      25
      28
      27
      19
      19
      25
      29
      24
      42
      25
      34
      48
      38
      32
      33
      30
      38
      31
      36
      36
      36
      29
      30
      25
      18
      23
      18
      24
      20
      14
      10
      16
      18
      12
      16
      16
      12
      22
      10
      13
       9
      14
      11
      13
       9
       7
      14
      14
      12
       8
      17
      10
      12
       4
       6
       6
      20
      14
      11
      17
      10
      13
      16
      21
      10
       8
      14
      15
       7
      12
      11
       9
       8
      11
       9
      10
      10
      13
      13
      11
      11
       9
       9
      10
      11
      13
       7
      14
      11
      13
      10
       9
      16
      12
      10
      12
      17
      19
      11
      11
       8
      11
       9
      11
      14
       8
      13
       5
       6
      10
      11
       8
      11
      16
       7
      13
      10
       7
      12
      13
       9
       6
      18
       7
      10
       7
      10
       6
      19
      13
       9
      12
      12
      11
      16
      15
      18
       6
      13
       9
      12
      13
      11
      14
       8
      20
      12
      13
       9
      16
      17
      13
      13
       9
       6
      11
      10
       6
      14
      12
      11
      13
      13
       8
       5
      12
      10
       5
       8
      14
      14
       6
       6
       6
      12
       9
      10
       9
       8
       9
       7
      11
      12
      13
      10
      10
      14
      12
      10
      11
       5
       6
      14
      11
      12
       4
       7
      10
      12
      12
       7
      11
      10
      12
       9
      14
       5
       7
       8
      11
      10
      16
      12
       9
      13
       8
      12
      15
      10
      11
      10
       8
       9
      14
      14
       9
       8
      10
       6
      16
      11
       9
      13
      11
       8
       8
      11
       9
      11
      10
      10
      15
      11
      10
       7
       8
      12
      14
      10
      14
      11
      17
      15
      11
       5
       9
      14
      11
      14
      11
      13
       9
      12
       4
       6
       3
      12
       9
       9
      16
      13
      10
       8
       9
      15
       9
       9
       9
      15
      11
      14
      11
       8
      10
      11
      12
      14
      11
       9
      10
       9
      11
      10
      14
       9
       5
       6
      10
       9
       8
      14
      14
       9
       8
       4
      11
       8
      13
      12
      15
       9
       5
       9
       7
       9
      10
      12
       9
      13
      13
      15
       8
       8
       6
       5
       9
      17
       9
       8
      12
      14
      11
       9
      11
      11
       6
       8
      14
       8
       7
       6
       6
      10
       6
      10
      10
      14
       7
      19
       8
       9
      11
      15
       6
      14
      12
       4
      11
      17
      16
       5
       8
       7
      13
      12
       7
       8
       9
      14
      10
       9
       6
       9
      14
       4
       7
      10
       7
       6
      17
      10
       8
       8
      17
       9
       8
      12
       6
       7
      11
       6
       5
       5
      19
      12
       5
       7
       8
       8
       7
      14
      10
      15
       9
       7
       9
      11
      11
      12
      10
      10
       8
       8
       8
      10
      14
       9
      13
      20
      13
      14
      10
      17
      24
      16
       9
      12
       5
      11
       9
       7
      11
      11
       9
       9
       6
       7
      11
      10
       4
      10
      14
      10
       9
       5
       6
       6
       9
       4
      11
      14
       5
       8
      11
       9
       7
       8
      12
       6
      10
       5
      10
       6
      10
       6
       9
       7
       8
      11
       8
       6
       6
       6
       7
       6
       6
       6
      11
       7
      17
       8
       3
       4
      11
      10
      12
       8
       8
       5
      11
       2
       8
       6
       9
       6
      10
       7
       9
       7
       7
       7
       5
      10
       7
       7
       6
       3
       9
       9
      12
      13
       5
       9
       6
       8
       9
       8
       6
       4
       9
       5
       6
       8
      10
       6
       6
      11
       9
       6
      10
       8
       7
       9
      13
      11
       4
       9
       9
       9
       5
      13
       6
       4
       5
      12
      10
      10
      12
      11
       6
       6
       6
       8
       4
       5
       5
       8
       5
       9
      11
       9
       5
       2
       6
       6
       9
      11
      13
      11
       6
      11
       7
       4
       7
       4
      11
       8
       9
      11
       8
      11
       6
       7
       4
       5
      13
       3
       6
       7
       5
      10
       7
       8
       5
       7
      11
       8
       6
       8
       9
       4
       8
      11
       6
       7
      10
       8
       7
       5
       6
       1
       9
       5
       7
      15
       8
       5
       8
      11
       8
       4
      13
       5
       9
       5
      12
      11
       6
      10
      14
      27
      44
      59
     111
     152
     212
     271
     320
     293
     300
     221
     144
     109
      55
      31
      16
       9
       3
      11
       8
       9
      11
       4
      10
      11
      11
       5
       4
       8
       6
       3
       4
       3
       7
       9
       5
       7
       7
       7
       8
       6
       7
      11
       9
      10
       7
       9
      15
       6
       9
       3
       6
       2
       3
       4
       4
       6
       5
      12
       5
       4
       6
       4
       2
       8
       5
       8
       6
      10
       6
       7
       7
       6
       4
      10
       8
       5
       5
       8
       3
       8
       6
       6
      13
       9
       6
      11
       3
       6
       5
       8
      10
       7
       8
       6
       7
       0
       3
       8
       5
       5
       2
       9
       8
      12
       6
       7
       5
       3
       4
       5
       6
       8
       2
       8
       5
       4
       2
       5
       8
       5
      12
       6
       5
       4
       4
       6
       6
       4
       2
       3
       4
       5
       6
       4
       2
       4
       4
       5
       4
       4
       8
       4
       7
       4
       5
       5
       6
       7
       4
       2
       3
       8
       7
       7
       4
       2
       7
       4
       5
       9
       3
       6
       2
       2
       2
       7
       6
       7
       2
       7
       6
       5
      11
       5
       3
       2
       4
       4
       6
       3
       5
       6
       5
       2
       9
       9
      10
       5
       7
       5
       5
       6
       7
       5
       6
       8
       3
       3
       5
       3
       1
       1
      11
       3
       6
       9
       2
       2
       4
       7
       5
       3
       5
       7
       6
       1
       6
       5
       5
       4
       5
       3
       2
       9
       2
       1
       4
       3
       6
       6
       1
       7
       2
       4
       5
       7
       7
       7
       3
       4
       3
       3
       4
       5
       6
       4
       7
       3
       4
       5
       5
       6
       3
       5
       1
       4
       4
       7
       6
       2
       2
       4
       8
       7
       6
       9
       5
      10
       5
       8
       5
       8
       8
       7
       6
       7
       2
       5
       7
       5
       3
       5
       4
       7
       6
       8
       3
       0
       3
       9
       2
       5
       6
       1
       4
       5
       2
       4
       1
       5
       3
       3
       4
       1
       2
       1
      13
       4
       1
       2
       6
       5
       2
       4
       6
       5
       8
       3
       4
       2
       4
       2
       4
       2
       3
       7
       5
       2
       4
       5
       3
       2
       2
       3
       4
       3
       2
       3
       2
       7
       3
       5
       8
       6
       1
       2
       3
       4
       3
       3
       5
       3
       4
       4
       3
       1
       3
       5
       5
       4
       4
       5
       7
       3
       5
       3
       3
       3
       4
       5
       2
       1
       7
       2
       3
       3
       4
       2
       4
       6
       2
       1
       2
       3
       4
       4
       3
       4
       3
       2
       4
       2
       4
       2
       2
       2
       6
       2
       9
       4
       2
       5
       5
       2
       5
       1
       6
       4
       6
       2
       4
       7
       2
       6
       6
       2
      10
       6
       6
       5
      10
      11
      13
      11
       9
       3
       3
       5
       0
       3
       4
       4
       3
       3
       3
       4
       6
       2
       4
       3
       6
       8
       4
       6
       6
       4
       4
       5
       3
       4
       6
       2
       2
       6
       3
       2
       5
       3
       7
       1
       7
       8
       5
       1
       0
       3
       4
       3
       3
       2
       5
       5
       4
       1
       6
       2
       6
       3
       4
       3
       1
       4
       5
       4
       5
       3
       5
       0
       1
       2
       5
       3
       6
       3
       5
       3
       2
       7
       1
       3
       2
       3
       1
       5
       4
       2
       3
       1
       3
       4
       3
       1
       7
       1
       3
       3
       2
       2
       5
       6
       4
       2
       4
       7
       6
       5
       3
       3
       1
       3
       1
       3
       4
       0
       4
       0
       4
       7
       4
       2
       2
       3
       3
       1
       5
       5
       3
       5
       2
       0
       0
       4
       1
       0
       4
       2
       4
       2
       2
       4
       3
       1
       2
       4
       2
       8
       4
       1
       3
       2
       4
       3
       4
       5
       5
       4
       1
       3
       1
       2
       8
       5
       5
       0
       4
       6
       4
       5
       2
       3
       5
       1
       5
       1
       2
       3
       2
       4
       7
       1
       1
       4
       3
       6
      10
       2
       3
       4
       5
       4
       1
       0
       4
       6
       0
       3
       2
       1
       4
       4
       4
       3
       6
       1
       2
       3
       3
       2
       4
       1
       3
       5
       3
       4
       2
       2
       2
       7
       2
       6
       3
       4
       2
       3
       9
       4
      11
      21
      32
      33
      67
      64
     151
     156
     209
     250
     237
     258
     197
     177
     119
      74
      41
      22
      12
       4
      10
       3
       4
       3
       6
       5
       5
       3
       4
       4
       3
       5
       2
       2
       2
       6
       1
       2
       6
       3
       0
       5
       3
       6
       5
       2
       1
       2
       7
       5
       1
       3
       1
       4
       2
       3
       2
       3
       5
       3
       0
       3
       6
       5
       1
       3
       4
       2
       2
       2
       2
       3
       2
       3
       3
       1
       3
       3
       3
       2
       6
       3
       3
       1
       1
       2
       5
       1
       4
       2
       2
       2
       0
       2
       1
       0
       0
       2
       2
       3
       3
       3
       3
       1
       0
       1
       1
       2
       1
       1
       5
       2
       2
       4
       3
       1
       2
       3
       4
       2
       2
       3
       0
       1
       3
       2
       2
       3
       1
       4
       4
       2
       5
       3
       0
       4
       3
       1
       4
       2
       2
       2
       3
       0
       4
       4
       5
       7
       2
       1
       3
       1
       1
       1
       1
       3
       4
       1
       0
       6
       4
       3
       4
       1
       0
       3
       2
       2
       3
       2
       5
       3
       2
       4
       3
       3
       2
       5
       3
       2
       4
       3
       1
       2
       7
       1
       2
       2
       2
       7
       4
       4
       8
       4
       3
       5
       3
       2
       3
       5
       2
       3
       4
       6
       5
       4
       2
       4
       1
       1
       4
       1
       1
       2
       0
       2
       2
       3
       4
       3
       1
       1
       2
       2
       5
       6
       3
       3
       3
       1
       2
       1
       4
       1
       2
       4
       4
       3
       3
       3
       4
       2
       1
       1
       3
       1
       1
       3
       1
       4
       2
       5
       4
       1
       4
       7
       4
       2
       1
       1
       2
       1
       2
       1
       2
       3
       1
       1
       8
       1
       3
       3
       4
       2
       2
       3
       1
       0
       7
       3
       6
       1
       5
       4
       4
       5
       3
       1
       3
       3
       5
       1
       4
       0
       3
       4
       2
       6
       7
       0
       1
       2
       3
       0
       3
       0
       2
       4
       4
       3
       3
       3
       2
       2
       1
       4
       4
       9
       4
       1
       2
       5
       5
       1
       0
       1
       4
       4
       3
       2
       6
       2
       1
       2
       3
       0
       3
       2
       0
       0
       1
       3
       1
       4
       1
       1
       2
       2
       1
       1
       2
       1
       2
       4
       5
       4
       0
       5
       3
       1
       1
       3
       0
       1
       4
       2
       0
       4
       3
       1
       3
       1
       3
       1
       1
       0
       2
       2
       1
       0
       3
       2
       4
       2
       4
       1
       0
       2
       2
       1
       3
       1
       1
       3
       5
       3
       0
       1
       3
       5
       0
       1
       0
       3
       3
       2
       2
       5
       2
       1
       3
       2
       2
       3
       0
       5
       3
       0
       1
       1
       2
       0
       0
       4
       0
       1
       4
       2
       1
       0
       0
       2
       1
       3
       2
       1
       4
       2
       1
       0
       2
       2
       0
       8
       2
       5
       1
       2
       2
       4
       1
       0
       2
       3
       2
       1
       2
       1
       0
       1
       4
       2
       2
       3
       3
       2
       3
       0
       4
       4
       4
       3
       2
       1
       2
       3
       1
       2
       2
       3
       0
       0
       2
       2
       0
       2
       1
       2
       1
       4
       3
       2
       2
       2
       2
       0
       1
       2
       5
       2
       3
       0
       2
       2
       2
       3
       1
       2
       3
       3
       0
       0
       4
       2
       0
       2
       3
       1
       1
       2
       3
       0
       3
       1
       3
       4
       8
      18
       8
      12
      28
      30
      33
      35
      37
      28
      21
      16
      11
       9
       3
       5
       1
       2
       3
       2
       0
       2
       3
       3
       0
       0
       3
       2
       2
       1
       2
       3
       0
       1
       1
       1
       2
       3
       1
       2
       1
       3
       2
       1
       1
       3
       3
       3
       4
       2
       0
       4
       0
       1
       2
       0
       2
       5
       1
       3
       1
       2
       1
       2
       3
       2
       3
       2
       0
       2
       4
       2
       1
       0
       0
       4
       2
       1
       1
       2
       2
       0
       2
       4
       1
       0
       2
       1
       3
       0
       3
       0
       2
       1
       4
       2
       0
       3
       2
       2
       2
       2
       0
       1
       2
       3
       1
       2
       1
       2
       3
       1
       0
       2
       4
       2
       1
       0
       2
       4
       4
       1
       3
       2
       1
       0
       0
       2
       0
       1
       1
       1
       1
       1
       1
       5
       1
       0
       3
       0
       3
       1
       2
       3
       3
       2
       2
       1
       3
       1
       3
       1
       1
       2
       3
       1
       4
       3
       2
       2
       0
       2
       3
       1
       1
       1
       1
       1
       2
       1
       0
       4
       1
       0
       0
       3
       0
       0
       4
       0
       0
       2
       4
       2
       1
       0
       1
       1
       1
       1
       2
       2
       1
       2
       0
       1
       0
       1
       0
       4
       2
       3
       0
       2
       1
       2
       3
       1
       4
       4
       1
       1
       5
       1
       3
       1
       0
       3
       5
       1
       1
       1
       2
       4
       1
       0
       3
       3
       2
       3
       1
       1
       3
       2
       1
       1
       1
       3
       0
       4
       2
       1
       0
       2
       5
       3
       1
       2
       5
       2
       2
       1
       2
       3
       1
       0
       0
       1
       3
       0
       2
       2
       2
       1
       0
       2
       0
       1
       2
       0
       3
       3
       1
       0
       2
       0
       0
       3
       2
       3
       1
       2
       1
       3
       3
       1
       1
       0
       1
       3
       2
       1
       0
       3
       2
       1
       0
       0
       3
       4
       0
       3
       1
       1
       1
       3
       1
       1
       1
       4
       1
       1
       1
       2
       1
       2
       1
       1
       3
       0
       3
       0
       1
       3
       2
       2
       1
       3
       1
       2
       1
       4
       1
       0
       0
       3
       2
       1
       0
       4
       1
       1
       0
       1
       3
       1
       3
       2
       2
       2
       1
       1
       1
       2
       0
       0
       0
       3
       3
       1
       2
       3
       1
       0
       2
       4
       0
       1
       2
       1
       0
       1
       0
       1
       2
       1
       3
       4
       4
       2
       3
       0
       1
       1
       3
       1
       2
       3
       2
       3
       0
       1
       0
       4
       1
       1
       1
       0
       0
       0
       3
       4
       1
       3
       2
       1
       1
       0
       2
       1
       0
       0
       0
       1
       3
       3
       1
       1
       0
       0
       4
       1
       2
       0
       3
       1
       1
       0
       2
       3
       2
       2
       1
       0
       4
       2
       0
       1
       0
       2
       4
       1
       0
       1
       2
       2
       1
       1
       1
       0
       3
       2
       0
       0
       2
       2
       1
       0
       1
       2
       1
       3
       1
       1
       1
       0
       0
       1
       0
       1
       2
       2
       1
       1
       1
       3
       0
       1
       2
       3
       3
       1
       3
       2
       1
       1
       0
       0
       0
       2
       3
       0
       1
       2
       4
       2
       0
       0
       0
       1
       2
       3
       0
       1
       1
       1
       7
       1
       1
       3
       3
       0
       4
       2
       1
       1
       0
       3
       3
       2
       1
       1
       0
       2
       0
       1
       3
       2
       1
       1
       1
       0
       1
       1
       0
       1
       3
       1
       2
       1
       0
       3
       1
       2
       3
       2
       0
       3
       2
       1
       3
       1
       2
       0
       1
       1
       1
       0
       2
       3
       0
       2
       3
       3
       1
       3
       0
       2
       0
       2
       1
       2
       1
       3
       2
       1
       1
       0
       2
       0
       1
       1
       2
       1
       1
       1
       0
       3
       1
       0
       2
       3
       1
       0
       0
       1
       2
       1
       2
       1
       1
       1
       1
       4
       1
       0
       2
       0
       2
       1
       1
       1
       1
       0
       2
       1
       1
       2
       1
       0
       2
       1
       0
       0
       1
       1
       3
       1
       0
       0
       0
       2
       0
       0
       0
       1
       0
       0
       2
       0
       0
       1
       2
       1
       1
       4
       3
       1
       2
       1
       1
       2
       1
       2
       0
       1
       4
       1
       3
       0
       1
       1
       1
       1
       1
       1
       3
       1
       1
       1
       1
       1
       3
       1
       2
       2
       2
       0
       2
       2
       3
       3
       0
       2
       0
       1
       1
       0
       3
       1
       1
       1
       0
       1
       0
       0
       3
       1
       1
       1
       3
       1
       1
       0
       1
       0
       0
       1
       2
       2
       0
       1
       2
       1
       3
       2
       0
       3
       1
       1
       1
       0
       0
       1
       1
       0
       0
       2
       1
       2
       2
       0
       0
       2
       0
       0
       4
       2
       2
       1
       2
       0
       3
       1
       0
       1
       0
       1
       4
       2
       1
       0
       0
       1
       2
       1
       1
       0
       0
       3
       0
       2
       3
       0
       0
       1
       0
       1
       2
       2
       1
       3
       0
       1
       1
       2
       2
       3
       0
       2
       1
       0
       3
       0
       2
       1
       1
       3
       1
       1
       1
       0
       1
       0
       0
       1
       0
       1
       1
       0
       1
       1
       0
       0
       0
       0
       1
       0
       1
       0
       0
       2
       2
       2
       0
       3
       2
       1
       3
       2
       1
       1
       0
       2
       1
       1
       0
       0
       3
       0
       2
       2
       1
       1
       2
       3
       0
       2
       1
       3
       2
       0
       1
       0
       2
       2
       0
       1
       2
       0
       1
       3
       0
       3
       1
       2
       1
       0
       1
       1
       2
       5
       2
       3
       0
       2
       0
       1
       2
       3
       0
       2
       4
       0
       0
       1
       0
       3
       1
       1
       1
       2
       2
       1
       0
       1
       2
       1
       1
       0
       1
       0
       0
       3
       0
       1
       1
       1
       0
       1
       1
       1
       0
       1
       0
       1
       1
       2
       2
       1
       1
       1
       2
       3
       0
       0
       0
       4
       1
       0
       2
       3
       1
       2
       3
       1
       1
       2
       0
       0
       0
       1
       2
       0
       0
       1
       0
       0
       2
       1
       1
       1
       1
       1
       0
       1
       1
       1
       0
       1
       0
       0
       0
       0
       2
       0
       1
       1
       3
       1
       0
       0
       0
       1
       2
       0
       2
       0
       1
       2
       0
       0
       0
       1
       1
       1
       0
       2
       0
       1
       1
       0
       0
       2
       1
       2
       1
       2
       1
       0
       2
       0
       1
       1
       1
       0
       0
       0
       0
       2
       1
       2
       0
       2
       3
       1
       0
       2
       1
       1
       0
       2
       3
       1
       4
       1
       1
       1
       3
       0
       0
       0
       4
       0
       1
       1
       1
       2
       0
       1
       0
       2
       0
       1
       3
       0
       0
       2
       1
       1
       0
       3
       1
       2
       2
       1
       0
       0
       1
       1
       1
       0
       2
       1
       2
       3
       0
       2
       2
       1
       3
       2
       3
       1
       2
       0
       1
       0
       0
       1
       0
       0
       0
       1
       2
       0
       0
       0
       1
       0
       1
       0
       0
       0
       1
       0
       4
       2
       1
       1
       2
       1
       1
       2
       0
       0
       2
       0
       1
       5
       3
       4
       1
       3
       3
       4
       4
       1
       2
       0
       1
       1
       1
       1
       1
       0
       1
       1
       2
       1
       0
       0
       0
       0
       0
       0
       2
       1
       1
       2
       0
       1
       0
       1
       2
       1
       0
       0
       1
       2
       1
       0
       0
       1
       0
       1
       0
       0
       0
       0
       2
       0
       1
       1
       0
       3
       0
       2
       1
       1
       3
       2
       2
       1
       0
       1
       1
       1
       3
       1
       2
       1
       0
       1
       0
       0
       1
       0
       2
       0
       0
       2
       0
       1
       1
       0
       1
       1
       0
       1
       0
       0
       0
       1
       2
       0
       2
       2
       0
       0
       0
       0
       0
       1
       1
       0
       1
       0
       1
       1
       0
       0
       0
       2
       0
       2
       0
       1
       2
       2
       1
       0
       1
       2
       2
       1
       1
       2
       1
       2
       0
       0
       0
       0
       0
       2
       2
       0
       3
       3
       2
       3
       7
       9
      11
       7
       5
      12
       7
       3
       4
       5
       1
       0
       0
       0
       0
       0
       4
       0
       0
       1
       0
       0
       0
       0
       3
       1
       0
       1
       1
       0
       0
       1
       0
       1
       0
       0
       0
       1
       1
       0
       0
       0
       2
       1
       0
       1
       0
       1
       1
       2
       0
       0
       2
       1
       0
       0
       1
       1
       0
       0
       1
       1
       2
       0
       1
       0
       2
       1
       3
       0
       4
       1
       1
       0
       0
       2
       1
       0
       2
       1
       2
       2
       0
       0
       1
       1
       2
       1
       0
       0
       0
       2
       0
       0
       0
       1
       0
       1
       0
       1
       1
       1
       2
       0
       1
       0
       0
       0
       0
       0
       1
       0
       3
       1
       0
       0
       2
       1
       3
       0
       3
       1
       0
       1
       0
       0
       1
       1
       0
       0
       1
       0
       1
       2
       1
       1
       0
       0
       0
       0
       0
       2
       0
       1
       0
       0
       0
       0
       0
       0
       1
       0
       1
       0
       0
       1
       0
       0
       1
       0
       1
       0
       0
       1
       0
       1
       1
       1
       1
       2
       0
       0
       0
       0
       2
       0
       0
       1
       0
       1
       4
       1
       1
       1
       1
       0
       1
       1
       1
       1
       0
       2
       2
       1
       0
       2
       2
       1
       2
       0
       0
       0
       1
       2
       0
       0
       1
       0
       1
       1
       0
       0
       2
       1
       1
       3
       4
       1
       1
       0
       0
       1
       1
       0
       1
       0
       0
       1
       1
       1
       1
       1
       1
       1
       0
       2
       0
       3
       1
       0
       2
       0
       0
       1
       2
       0
       2
       1
       2
       3
       1
       1
       2
       1
       3
       0
       0
       0
       0
       0
       1
       1
       1
       1
       1
       0
       2
       0
       0
       0
       0
       1
       0
       0
       2
       1
       1
       0
       1
       0
       0
       2
       1
       1
       0
       0
       0
       2
       0
       0
       0
       0
       3
       1
       3
       1
       1
       2
       0
       0
       0
       1
       1
       1
       4
       1
       0
       0
       1
       0
       0
       2
       3
       0
       2
       0
       1
       4
       1
       0
       1
       4
       0
       1
       2
       0
       1
       2
       1
       1
       1
       0
       2
       1
       1
       1
       2
       0
       0
       2
       0
       1
       2
       2
       1
       1
       1
       0
       0
       1
       0
       3
       2
       1
       2
       1
       0
       0
       0
       1
       0
       0
       1
       0
       1
       1
       2
       1
       1
       1
       1
       0
       0
       1
       0
       2
       0
       3
       0
       0
       0
       0
       1
       0
       0
       1
       0
       0
       1
       0
       1
       0
       0
       0
       4
       1
       0
       1
       0
       1
       0
       1
       1
       1
       1
       0
       3
       1
       1
       0
       2
       2
       0
       2
       0
       1
       0
       1
       0
       0
       1
       0
       1
       0
       1
       0
       0
       0
       0
       0
       0
       1
       0
       0
       1
       1
       0
       0
       0
       0
       2
       1
       1
       1
       0
       0
       0
       2
       1
       1
       1
       0
       2
       0
       0
       1
       0
       0
       0
       0
       0
       0
       1
       0
       2
       1
       0
       0
       1
       0
       1
       1
       0
       0
       0
       1
       0
       0
       2
       0
       1
       0
       1
       0
       0
       0
       1
       0
       0
       0
       0
       0
       0
       1
       0
       2
       1
       1
       1
       1
       1
       1
       0
       1
       1
       0
       0
       1
       0
       2
       0
       1
       0
       1
       0
       1
       0
       0
       0
       0
       0
       0
       1
       0
       0
       0
       0
       1
       1
       0
       0
       2
       0
       0
       1
       0
       0
       0
       0
       0
       0
       0
       3
       2
       0
       3
       0
       0
       2
       2
       0
       0
       1
       1
       1
       1
       1
       0
       1
       0
       1
       0
       2
       0
       1
       2
       0
       1
       0
       0
       0
       2
       1
       2
       1
       0
       1
       0
       1
       1
       1
       0
       0
       2
       1
       0
       1
       0
       0
       0
       0
       0
       0
       1
       3
       1
       0
       0
       0
       0
       1
       1
       0
       0
       1
       2
       2
       2
       0
       1
       1
       2
       0
       1
       1
       0
       0
       0
       0
       0
       1
       0
       0
       0
       0
       2
       2
       0
       1
       2
       0
       0
       0
       0
       2
       0
       0
       0
       1
       0
       1
       0
       1
       0
       2
       0
       0
       1
       1
       0
       0
       1
       1
       1
       1
       0
       1
       0
       0
       0
       1
       0
       0
       0
       0
       0
       0
       1
       0
       1
       0
       1
       1
       0
       1
       0
       0
       1
       2
       0
       1
       0
       1
       1
       1
       0
       1
       0
       1
       1
       1
       1
       0
       2
       0
       1
       0
       0
       0
       0
       0
       2
       0
       0
       0
       0
       1
       0
       1
       0
       1
       0
       0
       0
       0
       0
       1
       2
       0
       0
       0
       2
       2
       0
       2
       0
       0
       2
       2
       1
       0
       0
       0
       0
       0
       2
       2
       0
       1
       0
       0
       1
       0
       1
       0
       1
       0
       0
       0
       0
       1
       0
       0
       0
       1
       0
       0
       0
       1
       0
       0
       0
       1
       1
       0
       0
       0
       0
       0
       0
       2
       0
       1
       0
       0
       0
       0
       1
       2
       4
       0
       0
       2
       2
       0
       0
       1
       0
       2
       1
       0
       1
       0
       1
       1
       1
       0
       0
       1
       0
       0
       2
       1
       0
       0
       1
       0
       0
       0
       1
       0
       0
       0
       2
       0
       1
       3
       0
       2
       0
       2
       0
       0
       2
       0
       1
       1
       1
       1
       0
       1
       0
       1
       1
       1
       1
       0
       2
       0
       0
       0
       1
       0
       3
       0
       1
       0
       0
       1
       1
       1
       0
       0
       1
       0
       0
       0
       1
       0
       0
       0
       1
       0
       0
       1
       0
       0
       0
       1
       0
       0
       1
       0
       0
       1
       0
       0
       0
       0
       0
       0
       0
       0
       0
       0
       0
       0
       0
       0
       0
       0
       0
       0
       0
       0
       0
       0
       0
       0
       0
       0
       0
       0
       0
       0
       0
       0
       0
       0
       0
       0
       0
       0
       0
       0
       0
       0
       0
       0
       0
       0
       0
       0
       0
       0
       0
       0
       0
       0
       0
       0
       0
       0
       0
       0
       0
       0
       0
       0
       0
       0
       0
       0
       0
       0
       0
       0
       0
       0
       0
       0
       0
       0
       0
       0
       0
       0
       0
       0
       0
       0
       0
       0
       0
       0
       0
       0
       0
       0
       0
       0
       0
       0
       0
       0
       0
       0
       0
       0
       0
       0
       0
       0
       0
       0
       0
       0
       0
       0
       0
       0
       0
       0
       0
       0
       0
       0
       0
       0
       0
       0
       0
       0
$ROI:
2
1936 2287
5338 5513
$PRESETS:
Integral
500000
0
$ENER_FIT:
0.000000 0.245432
$MCA_CAL:
3
0.000000E+000 2.454316E-001 0.000000E+000 keV
$SHAPE_CAL:
3
7.465718E+000 0.000000E+000 0.000000E+000
