$SPEC_ID:
No sample description was entered.
$SPEC_REM:
DET# 1
DETDESC# BUNCHER Easy-MCA-8k SN 9051292
AP# Maestro Version 6.08
$DATE_MEA:
07/26/2019 14:52:34
$MEAS_TIM:
326 415
$DATA:
0 8191
       0
       0
       0
       0
       0
       0
       0
       0
       0
       0
       0
       0
       0
       0
       0
       0
       0
       0
       1
       1
      14
      79
     466
    1467
    2838
    4315
    5390
   12102
    6174
     541
     241
     121
     267
     817
    1662
    1951
    1869
    1754
    1569
    1414
    1361
    1329
    1313
    1392
    1444
    1381
    1438
    1379
    1410
    1369
    1377
    1325
    1314
    1298
    1291
    1262
    1197
    1289
    1241
    1240
    1243
    1251
    1237
    1192
    1149
    1183
    1172
    1167
    1185
    1122
    1141
    1144
    1163
    1124
    1116
    1112
    1103
    1134
    1107
    1067
    1098
    1050
    1071
    1141
    1036
    1079
    1094
    1098
     929
    1010
    1022
    1017
     956
    1023
    1016
    1011
    1001
    1007
    1011
     950
     971
    1036
    1001
     991
    1015
     992
     959
     988
     928
     964
     948
     999
     935
     934
     980
     943
     940
     933
     949
     917
     889
     886
     958
     886
     897
     941
     900
    1002
     876
     931
     899
     915
     875
     916
     846
     887
     928
     877
     858
     904
     871
     933
     888
     965
     886
     923
     868
     872
     904
     894
     820
     876
     873
     908
     904
     901
     823
     844
     902
     837
     851
     921
     868
     884
     850
     865
     886
     852
     822
     824
     805
     905
     879
     855
     863
     892
     869
     905
     846
     843
     886
     817
     876
     846
     904
     803
     836
     812
     843
     836
     813
     874
     843
     797
     830
     800
     849
     851
     827
     836
     831
     926
     848
     852
     792
     834
     813
     799
     866
     870
     904
     785
     819
     872
     853
     957
     888
     823
     851
     810
     839
     880
     827
     886
     840
     916
     896
     838
     872
     895
     847
     816
     889
     834
     849
     869
     874
     871
     862
     822
     861
     863
     888
     914
     874
     909
     897
     892
     935
     953
     884
     906
     905
     906
     866
     839
     819
     853
     919
     881
     896
     852
     822
     882
     901
     908
     896
     938
     885
     911
     898
     892
     892
     990
     926
     906
     923
     981
     955
     962
     905
     909
     916
     892
     982
     949
     930
     938
     955
     908
     961
     935
     964
    1002
    1070
    1028
     957
     979
     938
     996
    1074
    1063
    1101
    1285
    1182
    1069
    1033
     923
     996
     983
     978
     966
    1002
     998
     986
     970
     923
     942
     980
     984
     980
    1027
    1040
    1015
     995
     964
     967
     999
    1011
     995
    1018
     970
    1043
    1018
    1013
    1078
    1053
    1007
    1023
    1066
    1041
    1134
    1148
    1200
    1186
    1168
    1081
    1075
    1040
    1057
     992
     990
    1143
    1097
    1149
    1097
    1097
    1093
     994
    1045
    1084
    1058
    1062
    1070
    1028
    1059
    1081
    1061
    1112
    1052
    1032
    1006
    1013
    1075
    1087
    1123
    1071
    1144
    1051
    1090
    1046
    1034
    1015
    1078
    1153
    1136
    1037
    1072
    1067
    1097
    1076
    1120
    1030
    1107
    1052
    1044
    1109
    1045
    1048
    1102
    1156
    1167
    1063
    1159
    1096
    1171
    1128
    1129
    1118
    1087
    1164
    1170
    1191
    1081
    1197
    1123
    1125
    1141
    1185
    1164
    1272
    1138
    1169
    1141
    1246
    1154
    1121
    1186
    1190
    1202
    1120
    1204
    1152
    1183
    1123
    1147
    1120
    1102
    1185
    1112
    1236
    1144
    1186
    1193
    1177
    1213
    1217
    1192
    1131
    1209
    1140
    1215
    1165
    1213
    1173
    1285
    1233
    1191
    1195
    1264
    1189
    1147
    1112
    1123
    1192
    1179
    1229
    1221
    1169
    1163
    1126
    1266
    1225
    1167
    1145
    1179
    1156
    1193
    1193
    1255
    1259
    1222
    1230
    1156
    1162
    1186
    1196
    1185
    1159
    1177
    1159
    1235
    1193
    1195
    1197
    1188
    1201
    1200
    1223
    1164
    1176
    1244
    1291
    1202
    1176
    1191
    1189
    1204
    1140
    1170
    1157
    1159
    1160
    1170
    1108
    1185
    1205
    1180
    1150
    1196
    1206
    1172
    1195
    1223
    1234
    1176
    1232
    1171
    1139
    1190
    1211
    1162
    1158
    1195
    1198
    1132
    1186
    1157
    1150
    1178
    1142
    1157
    1162
    1145
    1139
    1180
    1159
    1177
    1181
    1161
    1179
    1153
    1167
    1147
    1167
    1146
    1211
    1117
    1130
    1192
    1198
    1104
    1123
    1156
    1201
    1197
    1199
    1232
    1107
    1159
    1150
    1110
    1206
    1168
    1096
    1135
    1132
    1228
    1214
    1182
    1151
    1193
    1218
    1193
    1134
    1124
    1126
    1174
    1138
    1167
    1205
    1110
    1164
    1178
    1178
    1148
    1095
    1169
    1161
    1133
    1162
    1135
    1082
    1060
    1172
    1174
    1164
    1159
    1149
    1131
    1117
    1103
    1171
    1164
    1107
    1147
    1146
    1091
    1109
    1121
    1166
    1122
    1152
    1074
    1155
    1123
    1155
    1144
    1116
    1139
    1110
    1133
    1124
    1142
    1107
    1166
    1116
    1161
    1122
    1115
    1105
    1120
    1130
    1118
    1073
    1134
    1118
    1142
    1040
    1111
    1207
    1076
    1116
    1133
    1116
    1082
    1122
    1116
    1074
    1114
    1102
    1078
    1116
    1069
    1151
    1157
    1119
    1105
    1120
    1158
    1148
    1098
    1189
    1075
    1104
    1114
    1140
    1199
    1142
    1124
    1215
    1110
    1078
    1095
    1146
    1177
    1148
    1164
    1120
    1169
    1134
    1114
    1197
    1203
    1131
    1229
    1174
    1240
    1177
    1159
    1187
    1193
    1233
    1175
    1255
    1273
    1258
    1187
    1221
    1228
    1267
    1153
    1234
    1176
    1178
    1196
    1114
    1187
    1185
    1136
    1051
    1166
    1206
    1190
    1157
    1165
    1123
    1115
    1113
    1127
    1140
    1143
    1143
    1168
    1105
    1193
    1140
    1134
    1124
    1166
    1080
    1105
    1065
    1129
    1075
    1111
    1060
    1099
    1101
    1054
    1078
    1131
    1142
    1076
    1079
    1094
    1090
    1092
    1078
    1032
    1064
    1061
    1067
    1029
     999
    1085
    1006
    1042
    1038
    1075
    1042
    1002
    1077
     991
     986
    1023
     968
     983
     962
     995
    1027
    1020
    1078
     971
    1029
    1037
     991
    1008
     995
    1047
     992
    1027
     983
     990
    1007
     967
    1060
     982
    1002
     917
     980
     897
    1007
     964
    1018
     954
     951
     940
     987
     936
     989
     946
     951
     904
     991
     964
     924
     928
     974
     932
     945
     954
     927
     918
    1032
     960
     961
     954
     961
     896
     943
     980
     910
     926
     929
     949
     917
     938
     929
     869
     917
     957
     937
     908
     983
     929
     952
     900
     935
     876
     958
     857
     905
     874
     942
     945
     918
     890
     879
     934
     880
     959
     907
     941
     938
     935
     916
     895
     941
     832
     882
     905
     847
     924
     910
     935
     946
     893
     861
     873
     913
     863
     893
     935
     863
     934
     864
     906
     874
     917
     892
     880
     905
     961
     865
     898
     892
     923
     868
     865
     905
     869
     884
     895
     923
     904
     865
     855
     893
     886
     895
     940
     858
     896
     884
     899
     842
     926
     884
     899
     879
     881
     848
     905
     892
     836
     877
     914
     885
     865
     890
     877
     920
     812
     906
     876
     886
     910
     894
     901
     888
     898
     855
     885
     871
     886
     884
     962
     827
     900
     954
     833
     871
     795
     838
     920
     882
     865
     905
     883
     829
     909
     937
     881
     864
     871
     922
     898
     859
     898
     920
     945
     856
     870
     874
     880
     901
     886
     922
     841
     830
     913
     934
     914
     869
     839
     846
     888
     887
     878
     900
     841
     860
     861
     861
     856
     868
     830
     880
     836
     880
     842
     926
     878
     873
     898
     830
     895
     868
     854
     824
     876
     911
     825
     883
     887
     866
     858
     863
     851
     880
     874
     847
     919
     891
     849
     902
     857
     879
     899
     874
     897
     928
     929
     886
     883
     915
     926
     908
     848
     866
     891
     928
     902
     848
     853
     960
     897
     831
     864
     927
     937
     852
     871
     871
     864
     943
     880
     814
     913
     901
     932
     869
     874
     863
     919
     886
     876
     883
     868
     903
     914
     840
     837
     917
     871
     870
     822
     898
     891
     841
     898
     854
     871
     846
     895
     878
     876
     857
     908
     892
     863
     908
     929
     875
     869
     871
     858
     813
     921
     934
     845
     892
     863
     930
     896
     910
     896
     859
     845
     902
     907
     947
     883
     898
     938
     845
     875
     849
     889
     888
     913
     859
     913
     882
     921
     871
     885
     903
     880
     891
     891
     893
     949
     822
     901
     928
     867
     869
     887
     882
     900
     913
     922
     941
     906
     878
     914
     866
     895
     935
     921
     904
     886
     878
     890
     945
     901
     940
     878
     940
     913
     910
     868
     892
     816
     923
     944
     898
     883
     887
     928
     937
     891
     910
     903
     912
     867
     970
     939
     890
     948
     932
     948
     922
     900
     882
     979
     969
     965
     968
     959
     931
     908
     871
     910
     916
     984
     977
     939
     892
     906
     973
     977
     922
     978
     871
     903
     974
     949
     958
     935
     952
     959
     932
     928
    1007
     932
     945
     967
     977
     970
     949
     949
     955
     959
     964
     895
     958
     956
     925
     921
     973
     961
    1022
     952
     930
     954
     996
    1009
     974
     953
    1008
     944
    1000
     947
    1002
     970
     971
     976
     955
    1034
    1010
     937
    1016
     960
     949
     942
    1031
    1026
    1035
    1024
     962
     923
     941
     953
    1004
    1002
     989
     999
     955
     999
     962
     980
     995
    1013
    1076
     982
     947
     988
     992
     980
     937
     996
    1010
    1009
     992
     976
     974
    1003
     974
     993
     954
     979
     995
    1024
     960
    1072
    1024
    1031
     986
    1018
    1058
    1062
     975
    1010
    1005
    1061
     996
    1006
    1034
    1052
    1051
     957
    1025
    1033
    1049
    1040
    1017
     985
    1054
    1063
    1005
    1058
    1056
     994
    1066
    1046
    1016
    1026
     992
    1092
    1110
    1068
    1057
    1100
    1034
    1088
    1010
    1045
    1089
    1081
    1011
    1017
     991
    1017
    1047
    1057
    1156
    1060
    1036
    1063
    1037
    1060
    1044
    1029
    1058
    1057
    1002
    1017
    1089
    1032
    1038
    1077
    1097
    1003
    1036
    1046
    1040
    1038
    1090
    1002
    1000
    1011
    1046
     981
    1051
    1039
    1018
    1027
     910
     931
     915
     993
     924
     909
     974
     892
     920
     884
     886
     873
     862
     829
     816
     861
     818
     854
     848
     770
     821
     790
     790
     794
     742
     789
     719
     691
     721
     756
     761
     772
     704
     706
     748
     750
     754
     709
     717
     753
     732
     705
     726
     771
     770
     744
     685
     726
     727
     663
     699
     688
     727
     681
     758
     697
     655
     698
     646
     670
     677
     638
     684
     664
     656
     663
     686
     657
     671
     673
     700
     648
     647
     672
     652
     669
     630
     660
     641
     621
     643
     632
     614
     618
     649
     667
     621
     595
     623
     676
     645
     590
     639
     624
     591
     624
     600
     590
     638
     645
     612
     546
     627
     634
     642
     665
     682
     637
     664
     601
     607
     605
     581
     585
     598
     536
     589
     552
     593
     567
     574
     610
     586
     575
     545
     571
     608
     572
     557
     586
     581
     557
     565
     567
     539
     567
     529
     545
     572
     564
     560
     581
     542
     600
     509
     552
     570
     556
     563
     558
     522
     571
     572
     585
     577
     550
     567
     529
     558
     559
     561
     519
     586
     530
     515
     538
     522
     528
     539
     549
     540
     527
     518
     555
     553
     543
     500
     505
     501
     506
     506
     517
     464
     511
     494
     510
     528
     466
     494
     523
     457
     488
     485
     522
     490
     508
     506
     494
     545
     459
     475
     497
     463
     513
     511
     507
     443
     488
     490
     486
     480
     507
     479
     492
     444
     464
     517
     489
     438
     487
     508
     464
     485
     491
     508
     478
     491
     457
     513
     501
     480
     495
     474
     475
     481
     477
     428
     453
     459
     449
     431
     456
     499
     443
     428
     429
     433
     443
     473
     467
     480
     443
     430
     464
     427
     462
     459
     436
     424
     487
     463
     428
     445
     447
     470
     457
     432
     439
     462
     401
     440
     469
     423
     470
     463
     426
     430
     409
     417
     422
     417
     438
     467
     414
     431
     440
     433
     432
     435
     423
     456
     423
     417
     406
     432
     442
     453
     445
     393
     411
     395
     403
     438
     417
     397
     390
     415
     426
     407
     419
     423
     433
     411
     432
     428
     433
     421
     437
     458
     452
     398
     397
     407
     399
     374
     399
     412
     397
     366
     432
     424
     420
     409
     428
     421
     436
     448
     412
     421
     412
     423
     377
     382
     437
     413
     410
     419
     391
     391
     413
     393
     415
     385
     416
     385
     386
     367
     403
     417
     377
     405
     378
     388
     402
     379
     415
     393
     381
     416
     436
     424
     410
     417
     415
     412
     471
     428
     405
     408
     377
     387
     385
     369
     403
     407
     412
     370
     365
     416
     420
     416
     400
     430
     401
     402
     381
     403
     438
     396
     385
     416
     401
     402
     409
     420
     384
     400
     382
     401
     384
     404
     355
     440
     430
     408
     386
     429
     410
     386
     394
     402
     392
     416
     392
     419
     407
     391
     381
     419
     453
     442
     395
     431
     400
     401
     379
     426
     391
     382
     388
     405
     413
     369
     406
     353
     404
     416
     401
     387
     400
     383
     407
     373
     409
     388
     381
     373
     395
     416
     359
     367
     380
     387
     392
     384
     410
     378
     384
     378
     424
     419
     397
     382
     394
     405
     372
     374
     384
     407
     398
     401
     410
     388
     391
     384
     385
     379
     392
     397
     399
     399
     388
     373
     394
     393
     346
     400
     383
     366
     393
     386
     395
     412
     377
     362
     359
     365
     402
     369
     405
     392
     395
     360
     384
     381
     407
     336
     363
     389
     378
     363
     393
     373
     367
     362
     394
     362
     345
     335
     391
     417
     347
     373
     372
     378
     380
     349
     389
     348
     382
     408
     386
     424
     383
     393
     383
     405
     369
     398
     373
     397
     395
     362
     364
     390
     372
     357
     396
     360
     416
     339
     369
     350
     359
     366
     385
     394
     381
     355
     365
     395
     363
     375
     408
     358
     317
     372
     364
     337
     387
     369
     382
     347
     391
     357
     381
     405
     360
     403
     381
     365
     389
     370
     400
     372
     365
     370
     376
     378
     369
     412
     378
     400
     378
     394
     378
     364
     347
     361
     387
     360
     388
     400
     398
     385
     383
     367
     394
     367
     374
     372
     379
     340
     347
     376
     365
     350
     366
     360
     392
     364
     377
     396
     385
     388
     342
     359
     380
     378
     369
     383
     362
     361
     391
     369
     348
     361
     376
     402
     376
     368
     389
     384
     382
     383
     379
     363
     362
     405
     418
     377
     387
     398
     370
     387
     417
     383
     392
     403
     425
     375
     400
     413
     449
     429
     471
     478
     479
     524
     568
     611
     686
     805
     890
    1066
    1276
    1627
    2037
    2489
    3264
    4265
    5504
    7399
    9642
   12276
   15446
   19016
   22305
   26051
   28561
   30131
   30515
   30308
   29085
   26061
   23139
   19686
   15984
   12927
    9773
    7426
    5588
    4130
    3088
    2328
    1835
    1447
    1131
     852
     747
     656
     573
     465
     402
     420
     387
     348
     287
     282
     254
     257
     267
     249
     253
     255
     216
     227
     213
     211
     213
     205
     214
     192
     218
     222
     236
     211
     182
     185
     216
     190
     179
     201
     178
     187
     193
     198
     180
     165
     170
     187
     169
     177
     146
     169
     161
     198
     141
     153
     154
     192
     158
     163
     153
     153
     138
     158
     137
     150
     137
     149
     166
     135
     142
     138
     151
     131
     150
     141
     132
     151
     132
     126
     114
     134
     134
     124
     137
     113
     144
     145
     121
     119
     110
     159
     142
     124
     119
     134
     135
     137
     120
     135
     129
     117
     113
     134
     127
     158
     149
     104
     118
     127
     121
     122
     130
     112
     101
     112
     117
     102
     120
      96
     110
     125
     105
     135
     134
     113
     130
     120
     111
     106
      97
     117
     101
     116
     114
      97
     115
     119
     109
     105
     114
     100
     109
     115
     101
     109
     130
     117
     118
      84
     113
     102
      97
     102
     102
     114
     110
     131
     110
      91
     101
     101
     106
     106
     121
     100
      93
      94
      73
      90
     101
     121
     102
     118
      95
     103
     116
      92
      80
     120
     102
     102
     100
      96
      91
      94
      94
      87
      92
      88
      91
      98
      86
      94
      89
     103
      74
     102
      92
      85
     103
     109
     101
      91
      96
      89
      89
      88
      92
      83
      94
     105
     105
      95
      95
     106
      81
      83
      97
      91
     113
      82
      76
      95
      97
     123
     103
      92
      87
      89
      99
      83
      90
      86
      98
      95
      98
     105
      76
     108
      85
      78
     113
      85
      86
      94
     100
     106
      99
      95
      98
      96
      57
      84
      96
      83
      70
      96
      94
      81
      79
      83
      85
     100
      94
     106
      76
      87
      98
      90
     102
      86
      85
      78
     103
      92
      89
      88
      76
     100
      88
     107
      97
      85
      74
      87
      92
      89
      85
      86
      87
      94
      89
      82
      83
      93
      87
      80
      82
      69
      77
      81
      79
      72
      94
      80
      87
      89
      72
      82
      84
      72
      84
      77
      84
      71
      94
      80
      73
      89
      76
      75
      65
      91
      65
      69
      85
      64
      94
      83
      88
      98
      71
      79
      91
      80
      78
      72
      77
      79
      78
      80
      77
      79
      68
      85
      65
      65
      83
      84
      72
      81
      94
      82
      92
      79
      83
      78
      84
      67
      72
      82
      69
      84
      85
      70
      87
      89
      86
      75
      68
      77
      89
      76
      86
      69
      75
      80
      73
      61
      69
      86
      64
      87
      86
     100
      94
     115
      91
     102
     100
      96
      94
      74
      84
      86
      81
      77
      76
      74
      89
      72
      73
      72
      83
      69
      84
      76
      80
      78
      66
      78
      71
      81
      78
      64
      85
      69
      75
      81
      79
      66
      66
      80
      73
      82
      83
      65
      77
      70
      64
      72
      65
      66
      80
      77
      68
      77
      82
      75
      65
      64
      75
      79
      94
      82
      77
      73
      76
      60
      77
      74
      74
      80
      64
      51
      75
      52
      75
      71
      69
      67
      63
      62
      88
      79
      66
      66
      78
      75
      61
      61
      67
      59
      61
      60
      81
      74
      55
      65
      70
      65
      54
      75
      63
      59
      68
      67
      62
      63
      64
      50
      71
      74
      69
      86
      70
      56
      77
      67
      69
      56
      58
      74
      66
      75
      64
      53
      50
      63
      66
      58
      57
      52
      64
      69
      59
      72
      47
      69
      58
      63
      62
      68
      63
      57
      64
      59
      68
      74
      53
      69
      60
      61
      50
      62
      60
      66
      67
      62
      55
      56
      71
      55
      74
      85
      67
      56
      68
      67
      47
      59
      57
      60
      64
      66
      62
      55
      62
      72
      74
      52
      66
      55
      65
      69
      65
      68
      58
      63
      58
      50
      54
      74
      51
      68
      65
      63
      64
      67
      60
      72
      62
      50
      74
      53
      61
      50
      72
      47
      65
      71
      55
      58
      62
      57
      58
      49
      60
      52
      69
      59
      63
      71
      57
      68
      55
      74
      52
      43
      58
      58
      43
      46
      60
      64
      45
      46
      49
      77
      60
      64
      42
      54
      51
      52
      47
      61
      64
      56
      36
      60
      47
      68
      54
      55
      53
      61
      62
      53
      50
      56
      49
      60
      46
      52
      61
      47
      45
      64
      53
      59
      62
      55
      50
      54
      67
      47
      47
      53
      46
      47
      52
      63
      64
      55
      63
      50
      47
      43
      59
      58
      44
      37
      66
      50
      41
      52
      46
      39
      63
      58
      55
      66
      65
      39
      45
      43
      62
      47
      46
      62
      60
      54
      60
      42
      58
      46
      41
      45
      55
      40
      52
      49
      51
      43
      43
      59
      51
      54
      47
      50
      47
      53
      47
      63
      41
      51
      54
      61
      53
      39
      41
      57
      47
      59
      54
      74
      44
      50
      54
      42
      47
      54
      51
      49
      51
      41
      57
      42
      46
      46
      42
      45
      49
      50
      44
      43
      53
      53
      46
      45
      44
      48
      51
      52
      50
      45
      42
      57
      55
      56
      61
      45
      46
      53
      46
      49
      47
      50
      58
      44
      49
      49
      41
      40
      41
      49
      54
      46
      42
      60
      60
      48
      50
      36
      44
      54
      39
      44
      54
      48
      47
      42
      42
      57
      39
      41
      49
      45
      32
      37
      57
      42
      50
      40
      42
      58
      39
      40
      47
      50
      59
      38
      46
      37
      38
      48
      45
      45
      43
      42
      51
      49
      44
      45
      35
      44
      46
      35
      46
      43
      41
      44
      38
      53
      37
      51
      44
      47
      55
      46
      45
      42
      47
      45
      40
      45
      41
      35
      40
      43
      43
      47
      42
      36
      42
      44
      50
      56
      42
      35
      41
      52
      54
      36
      42
      53
      47
      45
      47
      40
      38
      39
      43
      32
      57
      42
      39
      43
      36
      37
      43
      40
      41
      31
      45
      44
      33
      37
      38
      49
      40
      53
      47
      32
      45
      44
      61
      46
      35
      41
      44
      51
      39
      47
      37
      40
      39
      32
      44
      37
      51
      51
      41
      38
      35
      51
      42
      36
      51
      50
      40
      34
      31
      36
      38
      47
      43
      46
      44
      59
      32
      36
      58
      35
      37
      33
      38
      35
      50
      34
      30
      34
      40
      24
      51
      37
      40
      45
      41
      54
      40
      36
      38
      43
      24
      46
      47
      44
      35
      35
      35
      35
      36
      37
      49
      39
      44
      42
      47
      39
      38
      41
      31
      40
      35
      38
      39
      42
      35
      36
      46
      32
      40
      43
      45
      36
      44
      42
      52
      34
      57
      38
      42
      38
      30
      43
      50
      41
      41
      37
      38
      46
      22
      42
      36
      41
      31
      33
      38
      35
      33
      44
      35
      36
      35
      40
      41
      41
      46
      38
      41
      38
      37
      31
      29
      24
      32
      41
      33
      43
      35
      38
      35
      45
      47
      40
      39
      34
      36
      27
      29
      33
      50
      29
      43
      30
      32
      30
      34
      38
      36
      28
      40
      31
      34
      25
      37
      24
      40
      32
      37
      41
      29
      32
      36
      42
      44
      33
      36
      39
      24
      43
      37
      37
      48
      35
      30
      32
      30
      38
      24
      31
      32
      41
      22
      27
      29
      38
      42
      37
      31
      35
      42
      45
      32
      35
      38
      30
      32
      46
      43
      39
      36
      43
      45
      33
      31
      40
      30
      38
      35
      34
      40
      30
      38
      32
      29
      29
      38
      26
      36
      32
      31
      27
      30
      31
      32
      33
      38
      32
      22
      36
      37
      28
      39
      38
      30
      32
      37
      36
      36
      35
      32
      35
      44
      45
      33
      34
      32
      45
      44
      45
      25
      37
      30
      42
      30
      31
      36
      32
      34
      36
      38
      33
      33
      33
      42
      31
      33
      21
      41
      27
      40
      38
      29
      34
      28
      42
      29
      38
      30
      35
      29
      31
      44
      34
      32
      26
      31
      39
      36
      25
      30
      26
      42
      31
      41
      34
      37
      28
      37
      34
      37
      32
      33
      33
      38
      29
      28
      33
      38
      29
      22
      38
      36
      26
      26
      34
      31
      27
      41
      30
      29
      33
      34
      38
      23
      37
      25
      35
      29
      24
      40
      32
      47
      32
      29
      33
      32
      43
      34
      27
      45
      23
      36
      38
      45
      39
      30
      26
      35
      35
      29
      35
      34
      34
      26
      26
      32
      27
      42
      30
      31
      30
      30
      23
      35
      34
      46
      40
      34
      34
      22
      30
      38
      29
      22
      26
      46
      28
      27
      28
      33
      33
      32
      31
      33
      33
      33
      44
      23
      28
      29
      37
      28
      33
      38
      36
      23
      26
      21
      30
      29
      27
      35
      31
      18
      28
      33
      20
      27
      33
      38
      27
      29
      26
      22
      27
      26
      38
      25
      26
      26
      37
      33
      27
      23
      29
      31
      27
      35
      27
      36
      33
      25
      23
      33
      36
      28
      30
      22
      36
      36
      22
      24
      33
      26
      24
      27
      27
      25
      39
      31
      35
      29
      24
      37
      31
      28
      40
      34
      31
      32
      34
      28
      18
      24
      24
      32
      26
      32
      25
      22
      30
      27
      31
      27
      35
      26
      28
      27
      16
      21
      28
      13
      25
      12
      15
      28
      30
      29
      27
      24
      27
      29
      32
      18
      36
      35
      21
      27
      32
      34
      20
      32
      22
      28
      27
      33
      25
      16
      26
      28
      30
      28
      30
      29
      17
      17
      31
      25
      34
      33
      31
      15
      30
      22
      28
      27
      29
      30
      21
      28
      28
      25
      19
      27
      35
      28
      31
      26
      29
      25
      26
      26
      26
      18
      20
      24
      26
      31
      21
      34
      35
      17
      28
      19
      27
      19
      23
      21
      28
      31
      24
      28
      39
      19
      33
      25
      22
      30
      30
      33
      23
      27
      19
      24
      23
      37
      19
      31
      18
      29
      18
      26
      32
      26
      25
      30
      27
      24
      28
      24
      21
      15
      26
      19
      33
      28
      26
      26
      20
      24
      20
      28
      25
      21
      23
      22
      27
      18
      29
      33
      32
      23
      17
      13
      29
      26
      23
      23
      21
      21
      22
      24
      19
      17
      24
      26
      16
      23
      23
      34
      21
      29
      26
      34
      21
      25
      15
      19
      21
      33
      25
      17
      28
      22
      27
      24
      21
      20
      24
      16
      25
      28
      23
      21
      18
      16
      16
      35
      21
      26
      20
      19
      30
      27
      28
      22
      17
      25
      24
      23
      21
      21
      28
      26
      38
      21
      27
      28
      22
      29
      27
      30
      33
      21
      27
      28
      22
      22
      28
      20
      19
      27
      21
      20
      28
      16
      17
      21
      31
      35
      15
      34
      25
      31
      19
      20
      25
      21
      24
      17
      17
      23
      30
      21
      32
      33
      28
      27
      30
      21
      18
      24
      27
      20
      17
      19
      22
      32
      18
      23
      23
      26
      14
      23
      25
      18
      21
      22
      20
      25
      21
      29
      23
      26
      23
      25
      17
      29
      20
      29
      22
      15
      22
      20
      21
      26
      32
      24
      18
      26
      29
      20
      24
      32
      29
      18
      23
      25
      20
      31
      26
      23
      22
      23
      18
      25
      25
      13
      24
      17
      30
      20
      25
      19
      25
      25
      21
      24
      23
      20
      25
      17
      21
      22
      19
      17
      30
      25
      30
      21
      18
      12
      19
      28
      25
      19
      22
      30
      22
      16
      25
      25
      21
      28
      26
      21
      25
      24
      18
      24
      22
      29
      24
      24
      18
      26
      21
      23
      24
      31
      15
      21
      27
      23
      20
      20
      23
      21
      27
      19
      25
      22
      25
      22
      23
      20
      21
      17
      28
      30
      21
      24
      21
      25
      23
      27
       7
      23
      29
      16
      23
      16
      24
      23
      26
      18
      24
      22
      36
      18
      18
      20
      26
      23
      21
      27
      24
      19
      22
      23
      26
      16
      16
      18
      34
      20
      18
      25
      21
      30
      16
      18
      24
      17
      19
      23
      22
      17
      29
      25
      26
      26
      19
      11
      26
      24
      24
      10
      24
      13
      19
      15
      13
      24
      28
      18
      16
      19
      22
      20
      20
      26
      25
      22
      25
      20
      23
      20
      16
      30
      24
      16
      18
      20
      30
      16
      24
      26
      18
      19
      19
      17
      18
      15
      17
      19
      18
      21
      20
      23
      14
      14
      17
      27
      25
      21
      20
      20
      17
      23
      19
      26
      25
      20
      31
      19
      14
      26
      19
      17
      19
      15
      18
      20
      21
      18
      13
      28
      18
      16
      22
      24
      20
      29
      12
      28
      18
      16
      22
      30
      18
      21
      17
      21
      15
      16
      18
      17
      19
      20
      26
      23
      21
      19
      21
      24
      20
      19
      18
      18
      16
      17
      20
      17
      32
      20
      19
      18
      15
      15
      30
      31
      20
      21
      23
      21
      18
      11
      22
      19
      18
      13
      18
      15
      28
      17
      23
      29
      22
      22
      26
      21
      17
      19
      16
      24
      22
      23
      15
      20
      15
      16
      19
      26
      20
      24
      19
      19
      19
      19
      22
      18
      19
      15
      26
      13
      16
      15
      20
      19
      22
      22
      13
      24
      22
      21
      21
      25
      23
      20
      18
      20
      22
      25
      23
      24
      21
      15
      19
      20
      24
      26
      30
      20
      31
      22
      18
      22
      19
      22
      21
      17
      21
      24
      26
      16
      22
      19
      20
      20
      15
      28
      19
      27
      26
      26
      21
      18
      21
      24
      16
      14
      22
      26
      22
      25
      30
      21
      38
      27
      21
      25
      16
      20
      20
      27
      34
      27
      21
      25
      28
      20
      19
      24
      30
      28
      34
      22
      29
      33
      34
      27
      25
      31
      44
      29
      33
      41
      35
      37
      35
      33
      36
      41
      34
      49
      44
      26
      29
      34
      31
      22
      16
      24
      16
      23
      20
      24
       8
      14
      16
      14
      11
      13
      16
      17
      12
      16
       9
      11
      11
       6
      10
      10
      12
      10
      11
      11
      12
      12
       9
      13
      12
      12
      12
      15
      14
      15
      14
      10
      10
      11
      17
       8
      11
      12
       8
      18
      14
      12
       4
      11
      14
      14
       7
      15
       9
      20
       9
      12
       8
      11
      21
      10
      15
       5
      15
      13
       8
       9
      14
      15
      12
      14
       6
       8
      10
       9
      13
      14
      11
      13
       9
      12
      10
      12
      10
      12
      13
       9
       8
       6
      10
      10
      11
       5
      11
       8
      13
      13
      10
      12
       8
       9
       9
      12
       6
      13
      16
      13
      20
      11
      18
       8
      12
      13
      10
      11
      18
       8
      10
       6
      16
      10
      18
      15
       7
      12
      13
      14
      10
      15
      10
       3
       9
       9
       5
      18
       8
      11
      10
      12
      14
      11
      13
      10
      15
      18
       5
      18
      15
      10
       7
       7
       8
       8
       8
      10
      10
      10
       7
      13
      11
      10
      14
      12
      15
      16
       8
      12
       8
      18
       8
      11
      12
      12
       8
       9
       9
      14
      12
      14
       9
       9
      12
      11
      13
      11
      12
      17
       7
       7
       9
      10
      13
      12
       7
      12
       8
      12
      12
      10
      12
      13
       7
      13
       5
      12
       8
      13
       2
      12
      13
      10
      11
      10
      13
       9
      14
      16
      11
       8
       8
       3
      17
      14
       9
      20
      13
      11
      18
       8
      18
      11
      12
      15
       5
      15
       8
      16
      10
      10
      12
      17
       6
       6
      15
       8
      12
      19
       8
       8
      11
      10
      12
       7
      10
       7
      18
      10
      10
       7
      12
      12
      14
       9
       6
      13
      15
      15
      11
      15
      14
      12
       5
       7
      12
       9
      13
       8
       9
      12
      13
       7
      11
      17
      19
      13
       6
      13
      10
       4
      11
      11
      11
      10
       8
      15
      20
       8
       8
       9
       9
      15
      15
       8
      16
      12
      18
      13
       7
      17
      12
      11
      10
      10
      10
      10
       8
       8
       9
       8
       6
      11
       5
      11
      10
      11
      18
      13
      16
       8
      10
      12
       9
      18
      12
       8
      10
      10
      11
       6
      18
      14
      12
      15
       6
       9
       7
      15
       7
       9
      14
       2
      11
       9
       6
       7
      12
      12
       6
      15
       9
      17
      17
      11
       7
       8
       3
      12
      10
      11
      17
      14
      14
       7
      13
       9
       9
       6
      10
       8
       9
       7
      15
       9
      11
       8
       8
      13
      14
      10
       7
       8
      13
      15
      21
      13
      27
      20
      22
      12
      10
      13
       5
       9
      12
       8
       5
      10
       6
       7
      14
      10
       7
      13
       7
       6
       4
      12
      11
       9
      10
      12
       5
       8
      12
       6
       8
       9
       8
       4
       9
       9
       7
       4
       8
       9
      10
      14
       5
      14
      11
      12
       6
       9
       9
       9
      11
      10
       8
       6
       6
      10
       5
       7
      11
       9
      15
       5
      10
       5
      10
       7
       5
       4
       7
      10
       6
       5
       4
       7
       4
       4
       8
       8
       5
       3
      11
       7
       7
      10
       8
       9
      10
       9
       9
       7
      10
      12
       9
      10
       9
      11
       6
      11
       4
       8
       8
      12
       5
      13
       6
       6
       7
       3
       7
       8
       2
       5
       7
       9
       7
       9
       9
       6
       6
       9
      17
       4
      11
      11
       5
       2
       5
       6
       5
       9
       8
       5
      10
       6
       6
       8
      10
       5
       7
      11
       7
       6
       6
       8
       4
       5
       5
       9
       4
       7
      10
       9
       8
      10
       7
       3
       9
       7
      12
       6
       9
       9
       1
       6
       6
       4
       9
       8
      11
      12
      14
      11
       6
      10
       6
       7
       6
       8
       8
       9
       3
       9
       4
       8
      11
       6
       2
      12
       8
      10
       7
      10
       8
       5
       9
       9
       8
      14
       3
       7
       6
       7
       4
       8
       7
      11
       8
      21
      38
      38
      55
     108
     164
     242
     257
     300
     326
     289
     185
     150
     115
      60
      42
      24
      14
       9
      10
      15
       6
       8
       9
       5
       7
       8
      15
      12
       9
       7
       9
      10
       4
      13
      14
       6
       5
       9
       8
      13
       3
       3
       5
       9
       6
      10
       7
       7
       6
       7
       5
       8
      10
       4
       6
       9
       5
      10
       9
       8
       5
      10
       7
       5
       7
       7
       8
       7
       9
       4
       8
       6
       9
       4
       7
       9
       6
       2
       6
       4
       4
       8
       8
       5
       4
       7
       8
       9
       7
      12
       5
       8
       5
       3
       4
       5
       6
       4
       6
       3
       9
       3
       4
       2
       7
       2
       7
       8
       9
       2
       8
       7
       3
       6
       3
       4
       3
       9
       2
       3
       8
       4
       8
       6
       6
       5
       6
       5
       8
       4
       7
       2
       3
       6
       5
       6
       7
       6
       1
       6
       1
       9
       6
       8
      10
       5
       4
      10
       4
       5
       5
       5
       4
       4
       6
       5
       4
       3
       5
       4
       6
       3
       2
       3
       2
       4
       7
       7
       9
       2
       6
       6
       7
       8
       4
       2
       9
       6
       5
       4
       8
       7
       3
       2
       5
       5
       7
       4
       3
       4
       9
       5
       3
       3
       4
      10
       6
       3
       0
       5
       7
       5
       6
       3
       3
       8
       2
       3
       5
       5
       6
       3
       5
       5
       5
       7
       3
       3
       3
      10
       5
       7
       3
       7
       9
       3
       5
       5
       5
       6
       8
       5
       2
       1
       4
       2
       2
       4
       5
       6
       5
       5
       5
       6
       2
       2
       6
       0
       2
       2
       3
       3
       8
       2
       5
       5
       7
       5
       5
      10
       5
       3
       5
       8
       2
       2
       5
       5
       6
       3
      14
       9
      10
       7
       8
       3
       3
       4
       5
       4
       7
       9
       7
       7
       2
       3
       3
       9
       2
       3
       2
       2
       5
       3
       4
       6
       9
       4
       4
       3
       2
       7
       4
       6
       5
       4
       5
       7
       3
       8
       0
       3
       1
       1
       2
       6
       6
       5
       3
       4
       5
       5
       4
       3
       6
       2
       6
       3
       2
       1
       4
       5
       5
       3
       4
       3
       2
       1
       3
       4
       5
       3
       4
       2
       3
       3
       5
       3
       2
       2
       5
       4
       6
       2
       3
       6
       7
       6
       5
       6
       5
       5
       4
       5
       6
       6
       7
       4
       2
       7
       2
       3
       4
       5
       4
       4
       4
       1
       7
       3
       2
       0
       4
       3
       1
       3
       6
       3
       3
       2
       7
      10
       3
       8
       3
       3
       3
       2
       4
       4
       4
       4
       2
       0
       5
       7
       6
       5
       4
       4
       6
       2
       3
       4
       6
       2
       5
      10
       7
       8
       9
       6
       5
       3
       5
       5
       8
       3
       6
       5
       5
       3
       6
       1
       3
       4
       4
       1
       2
       7
       2
       4
       4
       4
       2
       2
      10
       7
       6
       5
       4
       4
       3
       5
       4
       4
       4
       2
       6
       4
       4
       5
       2
       3
       2
       4
       4
       4
       3
       4
       4
       5
       3
       3
       2
       5
       4
       1
       6
       2
       5
       1
       1
       5
       2
       2
       5
       2
       8
       4
       1
       2
       3
       6
       7
       3
       3
       6
       3
       4
       3
       6
       0
       1
       8
       6
       6
       2
       6
       4
       2
       1
       9
       4
       3
       7
       2
       1
       1
       5
       3
       3
       3
       3
       6
       2
       2
       5
       4
       2
       7
       2
       4
       6
       6
       4
       5
       3
       3
       4
       3
       5
       5
       2
       6
       6
       2
       2
       7
       4
       3
       2
       1
       4
       0
       6
       2
       3
       3
       0
       4
       1
       7
       3
       1
       2
       4
       4
       2
       4
       3
       5
       6
       6
       2
       3
       2
      10
       3
       6
       3
       5
       2
       5
       8
       2
       3
       1
       4
       3
       2
       2
       2
       4
       2
       5
       4
       3
       2
       4
       5
       4
       4
       6
       5
       4
       4
       3
       3
       2
       3
       1
       5
       2
       3
       1
       2
       4
       1
       3
       3
       3
       2
       5
       4
       3
       6
       1
       5
       6
       7
       3
       4
       2
       5
       4
       5
       5
       3
       2
       4
       4
       1
       5
       4
       5
       8
       4
      13
      17
      26
      64
      79
     119
     187
     219
     265
     289
     243
     258
     195
     128
      76
      38
      32
      18
       8
       8
       3
       5
       6
       4
       2
       3
       6
       3
       3
       6
       3
       2
       1
       4
       3
      11
       6
       2
       5
       6
       4
       2
       2
       2
       5
       5
       4
       2
       2
       6
       4
       6
       2
       6
       1
       0
       1
       1
       0
       3
       5
       2
       3
       4
       7
       3
       2
       2
       5
       7
       3
       2
       3
       3
       3
       0
       1
       4
       3
       4
       2
       1
       0
       2
       2
       3
       6
       1
       4
       4
       3
       4
       3
       4
       2
       2
       3
       2
       3
       7
       3
       2
       2
       4
       2
       3
       3
       2
       3
       2
       2
       1
       5
       1
       2
       1
       7
       4
       2
       1
       2
       0
       0
       3
       5
       5
       2
       5
       5
       5
       5
       2
       2
       6
       2
       3
       3
       8
       3
       2
       2
       1
       3
       1
       4
       4
       2
       2
       4
       4
       3
       3
       1
       1
       2
       1
       5
       3
       2
       1
       2
       2
       3
       2
       4
       4
       3
       1
       3
       2
       2
       2
       2
       1
       5
       4
       0
       4
       6
       0
      10
       4
       1
       4
       3
       5
       4
       5
       5
       5
       1
       4
       5
       4
       5
       9
       8
       4
       6
       2
       6
       4
       3
       1
       4
       3
       2
       8
       1
       1
       5
       1
       5
       0
       2
       2
       1
       2
       0
       2
       1
       2
       4
       2
       3
       3
       5
       5
       4
       0
       1
       4
       3
       2
       2
       1
       4
       7
       3
       2
       0
       3
       5
       1
       1
       1
       0
       3
       0
       3
       1
       3
       3
       2
       4
       1
       2
       2
       2
       2
       2
       1
       1
       4
       1
       1
       0
       3
       2
       2
       4
       3
       2
       3
       4
       1
       4
       1
       3
       3
       7
       4
       3
       5
       4
       3
       1
       4
       4
       1
       2
       1
       5
       3
       1
       0
       7
       6
       1
       1
       3
       4
       3
       1
       0
       2
       1
       2
       1
       1
       6
       1
       2
       1
       5
       4
       4
       2
       5
       3
       3
       6
       1
       2
       2
       3
       3
       1
       3
       1
       4
       5
       2
       3
       3
       2
       4
       2
       1
       3
       2
       3
       1
       3
       3
       0
       1
       5
       0
       3
       2
       2
       2
       2
       3
       0
       2
       0
       1
       3
       2
       3
       1
       1
       4
       5
       3
       0
       1
       3
       3
       3
       1
       0
       2
       2
       4
       2
       3
       1
       2
       2
       3
       4
       0
       1
       4
       0
       2
       2
       4
       2
       4
       2
       4
       1
       2
       0
       2
       3
       2
       4
       2
       2
       5
       0
       0
       2
       2
       2
       5
       4
       2
       3
       3
       1
       3
       3
       4
       1
       0
       3
       3
       1
       2
       3
       2
       3
       3
       3
       3
       3
       4
       5
       3
       4
       2
       1
       2
       2
       2
       0
       1
       0
       3
       4
       3
       3
       2
       1
       2
       3
       2
       3
       6
       4
       2
       1
       1
       2
       2
       0
       1
       0
       2
       3
       3
       4
       3
       0
       2
       3
       1
       4
       2
       1
       4
       0
       0
       2
       2
       6
       0
       4
       2
       3
       2
       4
       2
       2
       1
       2
       2
       4
       1
       0
       1
       3
       2
       1
       1
       4
       2
       3
       3
       0
       3
       2
       1
       3
       1
       1
       1
       2
       3
       4
       2
       3
       5
       1
       3
       3
       4
       3
       2
       3
       8
      14
      17
      20
      21
      28
      35
      49
      35
      30
      14
      12
      15
       4
       2
       5
       5
       1
       1
       2
       2
       4
       4
       3
       1
       0
       0
       0
       2
       3
       3
       1
       2
       4
       1
       1
       0
       4
       2
       2
       1
       2
       1
       2
       2
       2
       1
       3
       1
       4
       4
       3
       1
       5
       1
       0
       1
       2
       0
       2
       1
       3
       3
       2
       3
       1
       2
       3
       2
       2
       3
       1
       0
       0
       3
       4
       1
       0
       1
       3
       2
       3
       0
       4
       0
       2
       4
       0
       2
       3
       2
       1
       1
       2
       3
       4
       0
       5
       2
       2
       1
       2
       1
       1
       3
       2
       3
       0
       2
       2
       0
       2
       4
       3
       2
       2
       1
       3
       0
       2
       2
       1
       2
       0
       1
       0
       3
       0
       1
       3
       5
       0
       0
       1
       3
       3
       0
       1
       4
       1
       0
       3
       4
       2
       1
       1
       1
       3
       1
       2
       0
       5
       1
       4
       2
       3
       2
       5
       2
       2
       2
       3
       2
       1
       3
       1
       2
       3
       3
       1
       1
       3
       0
       1
       1
       1
       1
       4
       4
       1
       0
       2
       2
       1
       0
       4
       0
       2
       2
       3
       1
       3
       2
       1
       2
       3
       1
       1
       0
       2
       0
       3
       4
       2
       2
       1
       1
       2
       2
       1
       3
       1
       2
       0
       2
       2
       2
       2
       1
       0
       0
       7
       0
       1
       1
       1
       2
       0
       1
       2
       2
       0
       1
       2
       2
       0
       3
       1
       2
       1
       1
       3
       4
       0
       2
       0
       1
       1
       2
       4
       4
       2
       1
       1
       2
       2
       2
       1
       1
       4
       4
       2
       1
       4
       2
       0
       3
       1
       1
       3
       0
       1
       1
       3
       5
       2
       1
       3
       0
       4
       2
       0
       0
       0
       1
       3
       1
       0
       2
       2
       1
       2
       2
       2
       0
       2
       1
       3
       3
       2
       0
       0
       1
       1
       1
       2
       2
       1
       3
       0
       2
       0
       4
       1
       1
       2
       0
       0
       1
       2
       1
       2
       0
       1
       1
       1
       0
       2
       0
       3
       1
       0
       0
       0
       2
       2
       1
       1
       0
       2
       0
       3
       0
       1
       0
       3
       4
       3
       3
       3
       2
       1
       2
       0
       0
       1
       0
       4
       2
       3
       3
       1
       1
       0
       2
       2
       2
       0
       1
       0
       5
       3
       2
       1
       1
       2
       1
       2
       0
       2
       0
       1
       2
       3
       1
       0
       2
       5
       2
       1
       3
       1
       1
       3
       0
       2
       2
       0
       1
       1
       2
       2
       1
       0
       3
       1
       2
       3
       2
       3
       2
       2
       0
       1
       1
       1
       3
       0
       0
       0
       1
       0
       1
       1
       0
       0
       2
       0
       2
       1
       1
       2
       0
       0
       3
       2
       0
       3
       1
       2
       0
       4
       2
       2
       0
       0
       5
       1
       1
       1
       3
       1
       3
       2
       1
       0
       1
       1
       3
       0
       2
       2
       3
       1
       2
       0
       0
       2
       0
       1
       2
       0
       1
       0
       1
       0
       2
       1
       5
       1
       0
       1
       1
       1
       1
       2
       1
       2
       0
       0
       0
       0
       2
       1
       0
       1
       0
       2
       1
       2
       0
       0
       2
       2
       3
       2
       2
       2
       0
       1
       0
       2
       3
       1
       1
       2
       3
       0
       2
       2
       2
       2
       2
       0
       1
       1
       1
       1
       0
       1
       2
       0
       1
       1
       0
       2
       1
       3
       2
       0
       2
       0
       1
       1
       3
       0
       4
       3
       0
       2
       0
       1
       3
       1
       2
       3
       1
       1
       1
       1
       0
       1
       2
       0
       2
       1
       1
       1
       0
       0
       0
       3
       0
       5
       1
       1
       3
       0
       0
       1
       0
       1
       0
       0
       1
       0
       2
       3
       1
       1
       0
       0
       0
       1
       1
       3
       2
       3
       3
       2
       1
       0
       2
       0
       0
       0
       2
       2
       0
       2
       1
       1
       0
       0
       0
       0
       0
       2
       1
       0
       3
       2
       3
       2
       1
       1
       3
       2
       2
       0
       1
       4
       4
       1
       1
       0
       0
       0
       2
       2
       0
       3
       2
       1
       1
       0
       1
       1
       0
       0
       2
       0
       0
       5
       1
       0
       0
       2
       3
       1
       2
       1
       1
       3
       2
       1
       2
       1
       0
       4
       1
       0
       0
       0
       1
       0
       1
       0
       1
       1
       1
       2
       1
       0
       1
       0
       1
       2
       4
       1
       0
       1
       0
       1
       2
       1
       0
       1
       0
       3
       2
       4
       1
       3
       1
       0
       2
       3
       0
       2
       2
       2
       2
       3
       1
       0
       0
       1
       2
       1
       2
       1
       0
       2
       3
       2
       0
       1
       2
       3
       0
       1
       1
       1
       2
       2
       0
       1
       2
       1
       2
       1
       2
       0
       3
       0
       1
       2
       1
       1
       1
       1
       0
       0
       4
       0
       2
       0
       1
       1
       3
       3
       0
       1
       0
       2
       0
       2
       1
       0
       1
       0
       1
       0
       0
       0
       1
       2
       0
       0
       3
       0
       0
       0
       0
       0
       1
       0
       0
       0
       3
       0
       3
       1
       1
       2
       0
       2
       1
       1
       0
       1
       2
       2
       0
       0
       4
       0
       2
       2
       0
       0
       0
       1
       2
       1
       0
       1
       1
       3
       2
       3
       0
       2
       4
       2
       2
       0
       2
       1
       0
       1
       2
       3
       0
       0
       2
       1
       1
       3
       3
       1
       2
       2
       0
       2
       0
       2
       1
       1
       3
       2
       0
       2
       0
       3
       1
       0
       0
       2
       3
       1
       0
       1
       1
       2
       4
       1
       0
       3
       1
       0
       1
       1
       1
       1
       2
       1
       1
       3
       0
       1
       0
       0
       2
       2
       0
       0
       0
       1
       0
       1
       3
       0
       2
       1
       1
       1
       0
       1
       1
       0
       3
       0
       0
       1
       1
       1
       2
       1
       3
       1
       4
       1
       3
       0
       2
       4
       0
       2
       0
       2
       2
       1
       3
       1
       1
       0
       2
       2
       0
       0
       1
       2
       1
       3
       1
       0
       1
       3
       0
       1
       1
       1
       1
       2
       1
       4
       0
       2
       0
       1
       1
       2
       0
       1
       1
       0
       0
       1
       0
       0
       1
       0
       0
       1
       2
       1
       0
       3
       0
       0
       2
       0
       2
       0
       2
       1
       2
       5
       0
       1
       0
       2
       0
       1
       1
       2
       0
       1
       1
       0
       1
       1
       0
       1
       1
       1
       1
       3
       0
       0
       0
       2
       3
       1
       0
       1
       0
       0
       2
       1
       0
       1
       0
       0
       1
       1
       3
       0
       2
       1
       0
       1
       2
       1
       1
       2
       0
       2
       2
       1
       0
       3
       0
       0
       1
       1
       3
       1
       0
       0
       1
       3
       0
       0
       2
       0
       0
       0
       0
       1
       0
       0
       3
       0
       0
       0
       0
       0
       0
       0
       0
       1
       2
       2
       0
       0
       1
       1
       2
       2
       2
       0
       1
       0
       1
       3
       2
       1
       0
       1
       1
       1
       1
       0
       1
       0
       1
       0
       1
       1
       2
       0
       3
       0
       1
       1
       0
       0
       2
       4
       3
       3
       0
       1
       2
       0
       1
       0
       2
       0
       0
       1
       4
       1
       0
       1
       1
       4
       0
       2
       1
       0
       3
       1
       0
       0
       0
       0
       0
       1
       1
       2
       0
       0
       0
       2
       0
       2
       1
       1
       0
       1
       1
       2
       0
       1
       0
       0
       1
       2
       1
       3
       1
       2
       1
       0
       0
       2
       2
       1
       2
       1
       0
       0
       1
       0
       1
       2
       0
       1
       3
       1
       2
       0
       0
       1
       1
       0
       1
       1
       1
       0
       1
       0
       1
       0
       2
       1
       0
       1
       1
       0
       0
       1
       0
       3
       1
       1
       0
       0
       0
       0
       0
       0
       1
       1
       2
       6
       0
       1
       1
       1
       0
       0
       0
       0
       2
       0
       1
       0
       2
       3
       0
       1
       2
       0
       0
       1
       1
       1
       0
       1
       2
       0
       3
       1
       2
       5
       5
       3
      10
      10
      10
      14
       6
       9
       7
       1
       5
       9
       0
       2
       4
       0
       1
       2
       1
       1
       2
       1
       0
       0
       1
       1
       1
       2
       0
       0
       0
       0
       1
       0
       0
       1
       0
       3
       1
       0
       1
       0
       1
       1
       1
       1
       0
       0
       0
       0
       0
       0
       1
       0
       2
       1
       1
       0
       2
       2
       0
       0
       5
       1
       0
       3
       1
       1
       1
       0
       1
       2
       1
       1
       1
       0
       1
       1
       0
       1
       1
       2
       1
       0
       2
       1
       2
       1
       1
       4
       1
       3
       1
       1
       1
       0
       1
       0
       0
       2
       1
       3
       3
       0
       1
       1
       0
       0
       2
       0
       0
       0
       3
       0
       0
       1
       1
       1
       1
       0
       1
       1
       0
       0
       0
       1
       0
       1
       0
       0
       1
       2
       0
       2
       2
       0
       0
       1
       2
       0
       1
       0
       1
       1
       2
       0
       2
       1
       2
       2
       2
       1
       0
       0
       0
       2
       0
       0
       0
       1
       2
       1
       0
       1
       0
       0
       0
       0
       0
       1
       1
       1
       2
       1
       0
       0
       2
       1
       0
       0
       0
       1
       0
       2
       0
       0
       2
       0
       0
       0
       1
       1
       1
       2
       2
       1
       1
       2
       0
       0
       0
       1
       1
       1
       1
       1
       1
       1
       0
       0
       0
       0
       1
       0
       2
       0
       0
       2
       1
       0
       0
       0
       0
       1
       0
       0
       1
       1
       0
       0
       3
       1
       0
       1
       0
       1
       1
       0
       0
       1
       0
       1
       1
       0
       0
       3
       4
       1
       1
       0
       0
       1
       1
       0
       0
       0
       2
       1
       3
       0
       0
       0
       1
       0
       0
       2
       0
       1
       1
       2
       1
       1
       0
       0
       0
       1
       1
       2
       1
       1
       1
       0
       2
       2
       2
       0
       2
       0
       0
       1
       0
       3
       1
       1
       0
       3
       1
       0
       0
       0
       1
       1
       0
       1
       1
       2
       3
       2
       1
       2
       0
       0
       0
       2
       2
       1
       2
       1
       0
       0
       0
       2
       2
       0
       1
       0
       1
       0
       1
       1
       1
       1
       1
       0
       0
       2
       0
       0
       0
       1
       1
       3
       0
       2
       2
       2
       1
       2
       2
       1
       2
       1
       2
       2
       0
       0
       2
       0
       0
       2
       2
       2
       0
       1
       2
       0
       2
       0
       0
       0
       0
       1
       0
       1
       1
       1
       1
       1
       1
       0
       0
       1
       0
       0
       0
       3
       0
       0
       2
       1
       0
       0
       2
       0
       1
       0
       0
       0
       0
       0
       1
       0
       0
       0
       0
       0
       0
       1
       1
       1
       0
       1
       1
       2
       0
       1
       0
       1
       1
       3
       2
       2
       1
       0
       2
       0
       0
       0
       2
       0
       2
       1
       1
       1
       2
       3
       1
       1
       2
       3
       0
       1
       0
       1
       2
       2
       0
       0
       0
       3
       1
       1
       1
       1
       2
       0
       1
       1
       1
       0
       1
       2
       0
       2
       0
       0
       1
       0
       0
       0
       1
       0
       1
       0
       0
       0
       1
       0
       0
       0
       0
       0
       0
       1
       1
       0
       1
       2
       1
       3
       0
       1
       0
       1
       1
       0
       2
       3
       1
       0
       1
       0
       0
       2
       1
       0
       1
       1
       0
       3
       0
       0
       0
       1
       1
       0
       1
       1
       0
       2
       0
       0
       0
       0
       1
       0
       0
       1
       1
       0
       0
       0
       1
       1
       1
       0
       0
       1
       0
       0
       0
       1
       1
       0
       1
       1
       0
       0
       3
       0
       1
       0
       1
       0
       0
       0
       0
       3
       2
       0
       0
       1
       0
       0
       1
       2
       0
       0
       0
       0
       0
       3
       0
       0
       0
       0
       2
       1
       1
       0
       0
       0
       0
       3
       1
       1
       1
       0
       0
       0
       0
       1
       2
       2
       0
       0
       4
       0
       0
       0
       0
       0
       1
       0
       2
       0
       0
       0
       2
       2
       2
       0
       0
       2
       0
       2
       0
       0
       0
       0
       0
       0
       0
       0
       1
       1
       1
       0
       0
       1
       1
       0
       0
       0
       1
       1
       1
       1
       0
       0
       0
       1
       0
       0
       0
       1
       3
       2
       1
       0
       0
       1
       0
       0
       1
       0
       1
       0
       2
       0
       0
       0
       0
       2
       1
       1
       0
       0
       0
       1
       2
       1
       0
       0
       2
       1
       1
       0
       1
       0
       1
       0
       0
       0
       1
       2
       0
       0
       2
       0
       1
       1
       1
       0
       0
       1
       1
       2
       2
       1
       0
       1
       1
       1
       1
       0
       0
       3
       1
       1
       0
       0
       0
       0
       0
       0
       0
       2
       0
       1
       0
       0
       0
       0
       2
       1
       2
       2
       0
       0
       4
       1
       0
       3
       0
       1
       0
       0
       0
       1
       0
       1
       1
       0
       1
       0
       0
       0
       0
       0
       1
       0
       2
       0
       0
       0
       0
       1
       0
       0
       0
       1
       0
       2
       1
       0
       0
       2
       1
       3
       0
       2
       1
       1
       1
       1
       0
       1
       1
       0
       1
       0
       0
       0
       0
       1
       0
       1
       1
       0
       1
       0
       0
       1
       0
       1
       2
       2
       0
       0
       0
       0
       0
       1
       1
       0
       0
       1
       1
       0
       2
       0
       0
       0
       2
       2
       0
       1
       1
       1
       2
       0
       0
       1
       0
       0
       0
       2
       0
       0
       0
       1
       1
       0
       1
       2
       1
       1
       2
       0
       2
       1
       0
       0
       0
       1
       1
       0
       2
       0
       1
       0
       0
       0
       0
       0
       0
       0
       0
       0
       0
       0
       0
       2
       1
       1
       2
       2
       1
       1
       1
       0
       0
       0
       2
       0
       0
       0
       0
       0
       0
       0
       0
       0
       0
       0
       0
       0
       0
       0
       0
       0
       0
       0
       0
       0
       0
       0
       0
       0
       0
       0
       0
       0
       0
       0
       0
       0
       0
       0
       0
       0
       0
       0
       0
       0
       0
       0
       0
       0
       0
       0
       0
       0
       0
       0
       0
       0
       0
       0
       0
       0
       0
       0
       0
       0
       0
       0
       0
       0
       0
       0
       0
       0
       0
       0
       0
       0
       0
       0
       0
       0
       0
       0
       0
       0
       0
       0
       0
       0
       0
       0
       0
       0
       0
       0
       0
       0
       0
       0
       0
       0
       0
       0
       0
       0
       0
       0
       0
       0
       0
       0
       0
       0
       0
       0
       0
       0
       0
       0
       0
       0
       0
       0
       0
       0
       0
       0
       0
       0
       0
       0
       0
       0
$ROI:
2
1936 2287
5338 5513
$PRESETS:
Integral
500000
0
$ENER_FIT:
0.000000 0.245432
$MCA_CAL:
3
0.000000E+000 2.454316E-001 0.000000E+000 keV
$SHAPE_CAL:
3
7.465718E+000 0.000000E+000 0.000000E+000
