$SPEC_ID:
No sample description was entered.
$SPEC_REM:
DET# 1
DETDESC# BUNCHER Easy-MCA-8k SN 9051292
AP# Maestro Version 6.08
$DATE_MEA:
07/26/2019 15:20:09
$MEAS_TIM:
331 420
$DATA:
0 8191
       0
       0
       0
       0
       0
       0
       0
       0
       0
       0
       0
       0
       0
       0
       0
       0
       0
       0
       0
       1
      11
      69
     402
    1478
    2845
    4442
    5321
   12116
    5950
     468
     225
     144
     276
     855
    1477
    1932
    1931
    1732
    1568
    1366
    1367
    1430
    1374
    1405
    1484
    1493
    1453
    1350
    1383
    1378
    1400
    1401
    1342
    1366
    1312
    1263
    1257
    1259
    1337
    1226
    1227
    1172
    1236
    1231
    1256
    1206
    1154
    1172
    1155
    1175
    1153
    1107
    1154
    1077
    1134
    1083
    1101
    1085
    1076
    1120
    1089
    1090
    1039
    1112
    1086
    1044
    1039
    1071
     985
     998
    1037
    1086
    1042
    1041
    1081
     992
    1037
    1026
     989
    1008
    1060
     983
     989
    1016
    1000
     928
    1012
     983
     936
     963
     943
     924
     987
     933
     981
     948
     975
     956
     935
     949
     933
     926
     901
     910
    1019
     963
     889
     920
     889
     918
     983
     949
     906
     927
     961
     915
     869
     908
     892
     908
     983
     944
     899
     923
     938
     899
     877
     902
     932
     894
     843
     846
     856
     881
     839
     826
     848
     876
     827
     841
     827
     841
     786
     912
     854
     842
     876
     883
     790
     880
     817
     844
     819
     851
     880
     853
     898
     848
     887
     880
     894
     892
     881
     858
     801
     886
     878
     843
     882
     863
     852
     861
     837
     856
     886
     848
     917
     756
     833
     855
     864
     860
     894
     846
     799
     822
     815
     809
     827
     820
     852
     842
     865
     887
     898
     857
     897
     843
     885
     876
     895
     883
     867
     867
     864
     854
     827
     860
     865
     834
     882
     851
     890
     887
     847
     882
     910
     811
     854
     898
     828
     904
     845
     893
     857
     874
     878
     867
     816
     849
     842
     916
     894
     862
     875
     905
     827
     854
     926
     961
     897
     869
     852
     925
     928
     910
     923
     885
     914
     906
     942
     927
     941
     939
     906
     925
     956
     955
     971
     940
     948
     904
     874
     899
     938
     938
     975
     938
     928
    1003
     896
     922
     958
    1069
    1078
    1057
     968
     994
     986
     953
    1042
    1131
    1234
    1302
    1162
    1037
    1050
     936
    1017
     980
     948
     964
    1015
     943
     925
     994
    1010
     943
    1033
     973
     997
    1000
    1011
     985
     991
     984
    1010
    1001
    1015
    1012
    1024
    1031
    1021
     980
    1014
    1057
    1006
    1017
    1068
    1043
    1117
    1098
    1230
    1263
    1191
    1131
    1094
    1094
    1098
    1065
    1036
    1059
    1073
    1035
    1168
    1065
    1090
    1042
    1075
    1026
    1037
    1011
    1073
    1049
    1011
    1112
    1040
    1091
    1068
    1075
    1057
    1139
    1084
    1055
    1074
    1065
    1018
    1150
    1056
    1078
    1084
    1102
    1122
    1098
    1127
    1133
    1095
    1104
    1091
    1126
    1097
    1032
    1109
    1157
    1105
    1087
    1174
    1112
    1165
    1133
    1102
    1104
    1102
    1153
    1125
    1196
    1152
    1101
    1208
    1193
    1148
    1203
    1152
    1125
    1132
    1150
    1151
    1088
    1199
    1136
    1130
    1244
    1171
    1127
    1210
    1211
    1182
    1175
    1133
    1121
    1189
    1184
    1148
    1202
    1145
    1232
    1239
    1240
    1249
    1202
    1226
    1172
    1168
    1169
    1236
    1210
    1248
    1145
    1222
    1165
    1204
    1195
    1185
    1208
    1108
    1192
    1172
    1280
    1254
    1195
    1233
    1149
    1230
    1157
    1217
    1260
    1220
    1190
    1235
    1184
    1185
    1236
    1268
    1243
    1219
    1199
    1141
    1175
    1156
    1247
    1214
    1142
    1176
    1210
    1229
    1246
    1215
    1195
    1175
    1198
    1170
    1152
    1231
    1257
    1136
    1222
    1220
    1240
    1229
    1193
    1243
    1235
    1220
    1216
    1223
    1195
    1262
    1141
    1213
    1180
    1257
    1161
    1192
    1197
    1201
    1216
    1202
    1220
    1233
    1155
    1155
    1195
    1175
    1167
    1209
    1181
    1155
    1187
    1148
    1163
    1104
    1201
    1224
    1162
    1182
    1247
    1230
    1157
    1206
    1124
    1204
    1173
    1199
    1180
    1197
    1164
    1181
    1177
    1179
    1169
    1179
    1201
    1161
    1177
    1152
    1232
    1150
    1218
    1129
    1174
    1205
    1096
    1140
    1134
    1209
    1185
    1172
    1200
    1186
    1167
    1127
    1182
    1173
    1220
    1154
    1169
    1181
    1175
    1216
    1224
    1156
    1092
    1092
    1130
    1156
    1148
    1084
    1175
    1115
    1195
    1200
    1130
    1184
    1118
    1154
    1130
    1171
    1199
    1082
    1135
    1174
    1117
    1156
    1152
    1107
    1065
    1135
    1148
    1139
    1161
    1166
    1127
    1133
    1134
    1116
    1167
    1174
    1143
    1135
    1138
    1152
    1187
    1154
    1146
    1092
    1158
    1140
    1156
    1111
    1123
    1127
    1145
    1085
    1169
    1123
    1084
    1182
    1114
    1163
    1112
    1160
    1132
    1162
    1168
    1163
    1069
    1113
    1168
    1143
    1156
    1206
    1168
    1188
    1177
    1137
    1126
    1137
    1151
    1139
    1147
    1166
    1085
    1096
    1148
    1080
    1140
    1150
    1188
    1195
    1081
    1201
    1165
    1125
    1215
    1133
    1134
    1162
    1165
    1181
    1112
    1115
    1081
    1054
    1207
    1146
    1163
    1128
    1161
    1158
    1174
    1202
    1133
    1224
    1188
    1233
    1186
    1191
    1229
    1244
    1178
    1261
    1191
    1273
    1179
    1235
    1198
    1254
    1223
    1181
    1194
    1187
    1191
    1234
    1228
    1201
    1212
    1150
    1171
    1184
    1109
    1117
    1138
    1140
    1146
    1136
    1090
    1167
    1162
    1126
    1173
    1112
    1108
    1124
    1113
    1141
    1091
    1110
    1106
    1124
    1150
    1124
    1049
    1081
    1133
    1117
    1136
    1055
    1152
    1065
    1089
    1079
    1074
    1105
    1037
    1102
    1056
    1103
    1079
    1096
    1072
    1053
    1077
    1038
    1015
    1030
    1067
    1149
    1065
    1001
     996
    1042
    1027
    1042
    1002
     990
    1101
    1029
    1023
    1054
    1049
    1073
    1021
     999
    1040
     906
    1043
    1011
    1016
     971
     987
    1017
    1020
     967
    1001
    1033
     970
     974
     998
     969
     945
     955
    1005
    1020
    1006
    1030
     951
     953
     945
    1000
    1003
     929
     975
     977
     968
     974
     941
     953
     964
     944
     957
     985
    1010
     990
     905
     921
     945
     941
     904
     942
     992
     942
     910
     955
     983
     946
     958
    1022
     964
     966
     971
     927
     967
     890
     932
     952
     941
     943
     930
     972
     917
     948
     925
     908
     901
    1036
     945
     925
     927
     929
     921
     943
     907
     925
     903
     914
     925
     894
     958
     930
     872
     920
     949
     932
     921
     904
     872
     876
     959
     918
     914
     920
     899
     931
     901
     898
     904
     906
     826
     855
     864
     926
     950
     872
     899
     927
     908
     868
     902
     849
     876
     825
     953
     871
     868
     878
     926
     918
     884
     883
     922
     962
     881
     877
     875
     939
     846
     914
     861
     942
     921
     864
     906
     851
     859
     844
     887
     885
     863
     861
     885
     885
     891
     874
     903
     878
     883
     879
     883
     843
     914
     874
     859
     914
     878
     843
     885
     887
     839
     854
     844
     902
     856
     916
     860
     869
     887
     866
     896
     894
     850
     902
     877
     866
     883
     889
     920
     862
     909
     922
     905
     873
     954
     914
     904
     840
     885
     863
     897
     889
     863
     827
     868
     898
     845
     857
     862
     910
     907
     889
     845
     892
     851
     853
     886
     862
     888
     875
     873
     866
     822
     899
     816
     888
     899
     887
     878
     887
     837
     848
     887
     913
     872
     888
     884
     915
     863
     959
     837
     898
     874
     866
     854
     909
     859
     896
     832
     858
     920
     854
     827
     843
     860
     904
     895
     846
     905
     924
     906
     845
     847
     857
     879
     879
     886
     862
     875
     862
     808
     866
     899
     896
     887
     879
     917
     895
     889
     829
     898
     852
     867
     889
     826
     876
     909
     890
     900
     934
     924
     882
     891
     923
     864
     870
     898
     834
     922
     929
     893
     901
     909
     930
     843
     861
     890
     873
     908
     939
     889
     934
     914
     885
     881
     886
     928
     924
     911
     902
     859
     859
     899
     896
     851
     909
     865
     879
     897
     936
     886
     877
     886
     864
     939
     909
     919
     904
     844
     825
     979
     970
     882
     920
     875
     876
     863
     912
     810
     875
     849
     926
     910
     913
     902
     865
     876
     903
     901
     939
     927
     894
     872
     946
     896
     938
     899
     916
     975
     885
     977
     888
     888
     919
     894
     899
     949
     904
     916
     962
     874
     925
     935
     925
     902
     905
     921
     905
     921
     924
     871
     890
     954
     944
     963
     957
     955
     910
     868
     884
     951
     951
     953
     953
     903
     936
     955
     949
     900
    1003
     933
     927
     916
     909
     953
     847
     937
     952
     955
     966
     936
     888
    1001
     975
     984
     913
     933
     937
     985
     993
     911
     920
    1060
     941
     945
     922
     984
     946
     947
     952
     999
     912
     924
     932
     941
     927
     947
     929
     931
     911
     966
    1023
     957
     915
     975
     982
     992
     926
     971
     974
     988
     991
     915
    1006
     939
     926
    1009
     934
    1014
     977
     908
    1038
     983
     986
     968
     943
    1023
     960
     943
    1024
     957
    1033
     999
     981
     971
     992
     968
    1006
     988
     962
     971
     995
    1036
    1008
    1023
    1015
     975
    1007
    1045
     999
     978
     964
     996
    1064
    1050
    1002
    1059
    1016
    1042
    1021
     983
    1040
    1028
     972
     997
    1024
    1004
     943
    1033
    1067
    1044
     984
    1010
    1020
    1015
     976
     983
    1054
     986
    1064
    1095
    1028
    1004
    1042
    1005
    1005
    1018
    1007
    1019
    1033
     971
    1014
    1053
    1036
    1053
    1074
    1000
     987
    1036
    1028
    1033
    1068
    1034
     976
    1047
    1012
    1030
    1122
    1087
    1007
    1014
    1080
    1047
    1023
    1103
    1100
    1046
    1076
    1065
    1086
    1042
    1072
    1081
    1043
    1042
    1007
    1049
    1050
    1138
    1046
    1081
    1051
     987
    1001
    1067
    1028
    1052
    1049
    1019
    1002
    1035
    1009
     998
    1050
    1014
    1058
    1049
    1008
    1036
     945
    1013
    1038
     943
     997
     973
     905
     984
     923
     958
     967
     909
     906
     922
     909
     904
     843
     863
     869
     863
     827
     840
     811
     808
     846
     808
     774
     777
     732
     799
     808
     777
     760
     791
     742
     706
     715
     724
     722
     752
     748
     696
     721
     715
     742
     727
     695
     673
     712
     718
     688
     713
     754
     703
     691
     720
     778
     736
     713
     688
     666
     651
     679
     674
     635
     683
     668
     603
     677
     665
     704
     667
     679
     649
     643
     627
     717
     631
     674
     587
     653
     670
     612
     625
     684
     625
     648
     612
     599
     629
     635
     636
     642
     643
     616
     609
     577
     631
     636
     626
     637
     616
     612
     599
     584
     582
     614
     645
     623
     612
     614
     601
     592
     577
     578
     601
     626
     601
     630
     584
     552
     628
     575
     629
     575
     617
     598
     606
     579
     573
     539
     593
     576
     601
     565
     528
     565
     560
     615
     552
     546
     584
     587
     588
     553
     544
     572
     609
     585
     549
     580
     559
     523
     560
     569
     514
     541
     547
     516
     551
     558
     485
     522
     526
     522
     519
     491
     523
     556
     540
     513
     492
     538
     562
     548
     492
     548
     517
     529
     505
     539
     555
     544
     522
     502
     509
     515
     545
     520
     508
     509
     536
     507
     484
     483
     477
     487
     481
     505
     494
     482
     488
     485
     453
     491
     456
     496
     505
     512
     513
     496
     482
     513
     524
     494
     499
     487
     468
     490
     460
     527
     463
     498
     450
     502
     457
     464
     432
     473
     489
     456
     485
     493
     467
     464
     439
     449
     489
     462
     416
     480
     486
     467
     446
     479
     465
     435
     464
     448
     475
     460
     442
     504
     457
     456
     435
     416
     447
     451
     422
     457
     469
     433
     438
     441
     459
     441
     452
     400
     401
     460
     471
     487
     442
     450
     468
     458
     424
     441
     443
     415
     433
     403
     438
     437
     456
     442
     456
     445
     389
     429
     435
     427
     424
     444
     445
     404
     402
     464
     458
     402
     418
     437
     446
     441
     416
     394
     438
     426
     408
     457
     438
     412
     433
     406
     393
     394
     428
     398
     411
     363
     413
     439
     460
     425
     419
     398
     388
     418
     383
     416
     455
     422
     433
     416
     414
     407
     420
     401
     406
     409
     369
     399
     366
     395
     397
     412
     408
     421
     415
     382
     422
     401
     396
     398
     357
     382
     350
     405
     433
     399
     433
     428
     408
     385
     428
     389
     417
     407
     407
     421
     432
     406
     356
     406
     413
     408
     386
     380
     414
     409
     438
     417
     407
     427
     400
     411
     392
     402
     404
     424
     359
     395
     410
     403
     406
     401
     399
     391
     363
     415
     388
     428
     420
     442
     382
     394
     365
     412
     403
     386
     410
     417
     440
     403
     397
     418
     389
     406
     413
     426
     387
     376
     390
     401
     380
     390
     442
     419
     420
     408
     376
     404
     369
     393
     384
     400
     389
     380
     378
     371
     441
     406
     361
     397
     436
     416
     427
     426
     406
     399
     410
     436
     386
     387
     405
     400
     406
     369
     387
     392
     419
     382
     443
     391
     419
     390
     410
     432
     400
     411
     370
     373
     369
     422
     365
     370
     424
     390
     350
     392
     414
     414
     407
     379
     374
     423
     384
     402
     405
     369
     428
     393
     398
     350
     363
     361
     381
     387
     383
     388
     420
     404
     415
     408
     377
     389
     361
     392
     381
     361
     398
     376
     365
     370
     393
     348
     393
     370
     368
     403
     359
     399
     394
     413
     385
     383
     398
     365
     372
     355
     357
     389
     399
     365
     365
     375
     324
     352
     368
     378
     374
     354
     353
     406
     380
     382
     352
     379
     361
     373
     372
     356
     367
     367
     400
     370
     411
     371
     380
     374
     383
     349
     402
     366
     357
     345
     391
     355
     391
     380
     385
     368
     369
     365
     339
     406
     365
     330
     407
     398
     317
     407
     371
     359
     407
     378
     339
     384
     380
     380
     412
     362
     374
     374
     358
     374
     384
     379
     359
     387
     378
     354
     397
     386
     367
     341
     365
     366
     401
     343
     407
     324
     373
     389
     373
     357
     416
     337
     367
     394
     384
     369
     398
     347
     371
     357
     412
     346
     358
     338
     390
     401
     376
     383
     383
     374
     384
     373
     405
     403
     346
     394
     339
     343
     364
     398
     405
     378
     357
     357
     390
     389
     389
     353
     381
     345
     366
     359
     398
     356
     383
     348
     378
     385
     372
     405
     379
     370
     408
     450
     401
     398
     396
     390
     417
     431
     454
     446
     468
     517
     508
     549
     602
     710
     780
     882
    1001
    1203
    1399
    1769
    2195
    2840
    3659
    4646
    5776
    7673
    9856
   12245
   15006
   18678
   22051
   25317
   27715
   29509
   30203
   29848
   28252
   25889
   22882
   19244
   16018
   12795
    9917
    7670
    5885
    4440
    3416
    2734
    2092
    1650
    1293
    1045
     877
     736
     596
     517
     479
     432
     357
     363
     315
     353
     290
     276
     259
     251
     236
     246
     238
     217
     237
     233
     243
     237
     204
     224
     202
     198
     190
     190
     188
     185
     179
     198
     178
     171
     179
     190
     166
     173
     167
     155
     165
     161
     167
     174
     168
     167
     172
     151
     148
     162
     144
     177
     165
     153
     152
     151
     178
     188
     153
     131
     150
     151
     138
     160
     141
     151
     134
     120
     167
     137
     144
     123
     149
     121
     132
     134
     147
     140
     131
     125
     111
     128
     126
     131
     113
     143
     131
     130
     117
      96
     121
     131
     135
     115
     118
     120
     109
     147
     116
     133
     128
     115
     109
     118
     130
      97
     132
     118
     122
     119
     101
     109
     136
     136
     118
     119
     118
     108
     136
      91
     105
     108
     118
     111
     124
      98
     128
     115
      88
     113
     105
     120
     104
     119
      98
     108
     118
     106
     117
     108
     116
     112
     123
      98
     117
      87
     119
     106
      92
     109
     107
     108
      96
     111
     105
     106
     102
      92
      88
     102
      96
     134
     106
      98
     105
     125
      86
     107
     101
     118
     113
      99
     106
      96
     103
      98
      99
     110
     101
      78
      89
      87
      99
      75
     118
      96
      90
      96
     105
     102
      82
      92
     116
     103
      79
      87
     101
     105
      92
     115
      89
     100
     103
     107
     100
     110
      89
      89
      97
      81
     119
      86
      73
      80
      82
      92
     106
     117
     105
      88
     104
      91
      75
     108
      92
      81
      80
      82
      93
      97
     100
     105
     103
      82
      95
      77
     101
      77
      97
      95
      81
     100
     104
      84
      96
      73
      87
      82
      94
      97
      93
      84
      79
      89
     106
      83
      86
      85
      79
      85
      78
      71
      81
      86
      89
      65
      88
      72
      91
      79
      73
      84
      82
      96
     101
      89
      93
      94
      82
      91
     105
      88
      83
      81
      61
      77
      67
     100
      84
      82
      78
      86
      90
      80
      86
      87
      79
      93
      81
     116
      86
      84
      84
      83
      74
      84
      77
      87
      68
      81
     109
      75
      75
      74
      79
      91
      60
      70
      91
      77
      64
      75
     104
      78
      77
      89
      77
      79
      77
      72
      79
      75
      83
     100
      73
      90
      79
      80
      80
      74
      87
      83
      75
      72
      73
      82
      67
      81
      73
      91
      80
      66
      75
      87
      71
      73
      79
      70
      79
      93
      83
      81
      69
      75
      63
      72
      80
      73
      78
      86
      73
      76
      81
      78
      78
      71
      66
      86
      76
      92
     114
      92
     117
     119
     125
      81
     107
      84
      84
      83
      82
      78
      77
      77
      68
      81
      71
      60
      83
      80
      79
      83
      82
      70
      76
      91
      69
      72
      58
      73
      85
      79
      76
      85
      58
     104
      74
      60
      84
      69
      76
      60
      76
      69
      72
      78
      79
      87
      73
      86
      72
      65
      72
      78
      72
      81
      75
      67
      71
      63
      54
      71
      65
      70
      78
      80
      79
      58
      77
      69
      70
      63
      64
      66
      77
      67
      58
      64
      61
      62
      64
      64
      61
      57
      62
      79
      77
      72
      52
      70
      73
      79
      61
      74
      60
      65
      62
      72
      67
      73
      58
      69
      73
      70
      69
      69
      62
      73
      64
      66
      78
      67
      68
      60
      82
      71
      65
      78
      70
      75
      62
      72
      80
      67
      65
      56
      67
      57
      66
      60
      71
      56
      57
      58
      55
      77
      61
      72
      58
      62
      69
      56
      68
      72
      61
      63
      66
      60
      63
      76
      85
      53
      50
      56
      56
      69
      60
      52
      56
      67
      72
      49
      59
      52
      72
      49
      53
      53
      48
      53
      49
      44
      67
      50
      57
      59
      65
      54
      58
      74
      61
      57
      63
      53
      67
      64
      54
      63
      66
      54
      64
      53
      62
      62
      62
      65
      52
      64
      58
      63
      62
      60
      65
      63
      70
      58
      57
      65
      54
      66
      56
      66
      54
      59
      52
      44
      53
      56
      56
      52
      63
      56
      53
      42
      52
      63
      54
      57
      52
      54
      59
      65
      56
      71
      63
      63
      62
      45
      54
      56
      53
      53
      59
      70
      54
      78
      53
      56
      56
      67
      56
      64
      61
      54
      59
      58
      64
      51
      58
      57
      44
      62
      57
      48
      50
      53
      48
      56
      58
      43
      54
      54
      49
      42
      56
      53
      38
      68
      63
      54
      61
      67
      56
      53
      43
      53
      56
      58
      46
      52
      51
      62
      47
      49
      64
      48
      47
      65
      51
      65
      53
      40
      40
      62
      45
      63
      48
      60
      58
      60
      57
      63
      41
      57
      44
      49
      63
      58
      53
      44
      59
      41
      59
      46
      47
      43
      59
      54
      62
      46
      47
      61
      55
      62
      49
      55
      70
      47
      46
      56
      52
      49
      37
      52
      54
      48
      45
      42
      53
      45
      51
      49
      47
      47
      38
      49
      42
      35
      58
      49
      43
      44
      47
      50
      45
      54
      34
      58
      47
      36
      55
      59
      49
      50
      36
      30
      46
      39
      40
      49
      39
      55
      40
      60
      55
      40
      52
      57
      42
      48
      41
      41
      45
      32
      42
      36
      50
      51
      52
      56
      39
      35
      40
      53
      39
      55
      36
      37
      43
      38
      50
      36
      44
      36
      58
      45
      53
      39
      39
      49
      44
      46
      37
      38
      45
      47
      50
      39
      48
      59
      36
      39
      39
      41
      46
      44
      48
      60
      53
      30
      43
      41
      39
      45
      41
      37
      40
      45
      59
      49
      39
      41
      52
      32
      58
      30
      42
      43
      38
      39
      50
      44
      51
      33
      50
      42
      56
      46
      40
      57
      34
      42
      38
      34
      36
      50
      36
      47
      37
      47
      45
      41
      52
      46
      45
      44
      37
      46
      41
      33
      54
      41
      34
      29
      52
      53
      46
      34
      40
      46
      34
      48
      47
      44
      39
      40
      35
      39
      41
      58
      40
      45
      49
      47
      35
      46
      44
      36
      37
      30
      31
      41
      44
      44
      33
      42
      45
      48
      31
      31
      34
      47
      55
      38
      39
      49
      66
      36
      48
      29
      41
      44
      43
      43
      36
      40
      35
      45
      48
      47
      38
      45
      42
      37
      40
      42
      43
      41
      43
      43
      36
      48
      41
      46
      34
      39
      40
      34
      39
      41
      36
      26
      46
      35
      42
      52
      43
      43
      44
      34
      43
      41
      35
      33
      27
      40
      40
      44
      32
      36
      34
      42
      41
      37
      45
      41
      39
      44
      42
      34
      43
      31
      44
      43
      28
      44
      41
      30
      24
      42
      31
      40
      33
      43
      35
      45
      38
      44
      32
      39
      38
      28
      56
      39
      46
      38
      43
      49
      42
      40
      40
      39
      26
      45
      46
      35
      47
      33
      39
      43
      43
      31
      41
      37
      42
      44
      44
      44
      42
      36
      45
      41
      46
      49
      35
      45
      34
      26
      35
      38
      39
      28
      37
      42
      46
      37
      38
      36
      37
      37
      46
      44
      30
      35
      46
      44
      32
      35
      29
      33
      48
      24
      28
      34
      37
      29
      27
      45
      30
      34
      43
      36
      41
      25
      38
      41
      41
      34
      32
      32
      34
      35
      37
      39
      34
      44
      38
      39
      41
      33
      36
      26
      29
      36
      34
      31
      31
      42
      31
      36
      33
      43
      45
      30
      40
      35
      32
      39
      38
      37
      39
      31
      28
      34
      42
      32
      32
      47
      36
      32
      46
      37
      38
      31
      34
      34
      35
      29
      41
      37
      29
      40
      38
      32
      39
      29
      36
      30
      20
      36
      43
      31
      24
      38
      40
      37
      33
      35
      39
      31
      34
      29
      35
      25
      30
      41
      43
      25
      25
      32
      34
      26
      43
      27
      40
      33
      35
      38
      30
      40
      44
      40
      31
      36
      37
      36
      46
      39
      30
      37
      44
      28
      23
      39
      25
      35
      30
      30
      27
      29
      36
      30
      45
      35
      44
      24
      33
      22
      36
      35
      36
      28
      33
      27
      43
      33
      37
      43
      33
      33
      29
      36
      21
      34
      22
      25
      29
      27
      40
      38
      29
      28
      24
      30
      24
      29
      39
      26
      29
      27
      39
      45
      28
      23
      32
      37
      31
      34
      30
      30
      33
      39
      32
      27
      30
      27
      30
      25
      28
      32
      32
      28
      33
      23
      37
      25
      34
      33
      26
      28
      23
      18
      22
      44
      34
      35
      29
      33
      25
      35
      33
      41
      36
      37
      29
      33
      29
      21
      37
      25
      24
      26
      20
      30
      32
      28
      43
      24
      25
      23
      27
      33
      32
      37
      30
      30
      24
      25
      33
      27
      28
      35
      24
      34
      39
      32
      37
      32
      24
      28
      21
      24
      38
      26
      36
      23
      19
      38
      33
      32
      22
      33
      27
      33
      35
      26
      29
      33
      35
      27
      23
      41
      27
      27
      32
      31
      32
      26
      23
      28
      24
      28
      25
      27
      25
      33
      24
      37
      26
      30
      26
      21
      40
      30
      30
      21
      23
      21
      39
      28
      27
      23
      21
      20
      19
      20
      36
      35
      31
      22
      32
      20
      24
      27
      25
      29
      23
      23
      27
      29
      22
      28
      32
      20
      38
      21
      22
      30
      28
      26
      29
      27
      17
      21
      34
      25
      22
      32
      26
      26
      29
      27
      27
      30
      21
      32
      17
      28
      30
      27
      23
      31
      20
      23
      27
      28
      27
      20
      23
      26
      27
      20
      29
      27
      35
      26
      23
      29
      23
      17
      36
      22
      21
      37
      26
      28
      23
      33
      24
      29
      13
      23
      37
      37
      24
      38
      28
      23
      24
      24
      26
      26
      21
      26
      28
      23
      26
      19
      25
      23
      20
      24
      22
      25
      13
      28
      26
      17
      25
      19
      16
      25
      26
      25
      20
      18
      24
      26
      18
      24
      23
      26
      27
      27
      30
      20
      28
      28
      24
      14
      23
      19
      27
      34
      25
      26
      23
      27
      26
      24
      24
      27
      29
      38
      29
      23
      20
      22
      27
      30
      19
      33
      26
      20
      26
      25
      30
      26
      21
      22
      28
      25
      27
      11
      22
      20
      29
      23
      15
      24
      20
      28
      16
      29
      21
      20
      31
      27
      19
      24
      38
      15
      29
      24
      19
      26
      24
      26
      22
      24
      19
      21
      20
      25
      19
      18
      34
      32
      25
      16
      23
      24
      23
      25
      27
      21
      22
      19
      21
      22
      23
      30
      26
      21
      35
      29
      23
      19
      31
      28
      22
      23
      26
      28
      25
      28
      16
      24
      27
      32
      34
      25
      25
      30
      27
      14
      21
      31
      22
      17
      22
      24
      25
      24
      24
      30
      26
      18
      33
      29
      29
      27
      24
      19
      30
      23
      23
      38
      15
      32
      31
      29
      15
      19
      24
      24
      23
      21
      20
      21
      29
      23
      35
      26
      20
      25
      29
      19
      23
      22
      22
      25
      24
      23
      19
      19
      26
      22
      23
      27
      27
      27
      21
      18
      22
      35
      26
      26
      28
      27
      23
      21
      24
      17
      24
      23
      21
      21
      23
      39
      25
      21
      27
      25
      23
      23
      15
      21
      18
      23
      13
      20
      19
      20
      18
      21
      30
      20
      19
      20
      28
      27
      17
      13
      26
      19
      22
      19
      18
      33
      24
      19
      18
      17
      20
      21
      28
      27
      27
      18
      29
      24
      20
      21
      21
      15
      17
      17
      25
      20
      25
      23
      28
      26
      26
      17
      22
      22
      25
      16
      26
      17
      24
      24
      33
      20
      22
      16
      21
      24
      21
      20
      25
      22
      25
      23
      27
      19
      19
      24
      30
      20
      27
      15
      21
      26
      20
      24
      17
      22
      19
      31
      18
      29
      20
      17
      23
      32
      18
      25
      28
      26
      22
      15
      26
      22
      22
      19
      22
      20
      30
      23
      24
      23
      17
      16
      20
      21
      19
      26
      16
      17
      22
      24
      25
      23
      21
      20
      17
      22
      13
      21
      24
      20
      26
      20
      21
      24
      28
      18
      22
      19
      26
      22
      21
      16
      21
      27
      21
      24
      24
      18
      17
      16
      38
      17
      15
      20
      27
      20
      21
      28
      29
      22
      20
      24
      16
      20
      27
      25
      30
      16
      19
      17
      32
      25
      24
      22
      31
      29
      25
      30
      23
      17
      24
      23
      24
      14
      22
      17
      22
      22
      19
      23
      23
      18
      22
      28
      26
      13
      16
      19
      22
      21
      19
      12
      15
      12
      22
      19
      13
      15
      14
      18
      16
      26
      26
      23
      19
      27
      20
      15
      23
      23
      12
      11
      28
      15
      18
      16
      13
      22
      20
      24
      18
      18
      18
      25
      16
      17
      24
      19
      25
      23
      18
      29
      23
      14
      20
      23
      25
      23
      27
      19
      20
      26
      23
      10
      16
      20
      21
      12
      28
      29
      14
      23
      31
      17
      27
      21
      19
      27
      31
      23
      18
      15
      22
      23
      22
      14
      24
      20
      17
      19
      22
      21
      21
      26
      20
      18
      17
      22
      20
      18
      27
      13
      19
      23
      27
      18
      19
      27
      18
      17
      22
      21
      17
      25
      19
      22
      22
      33
      30
      21
      15
      20
      23
      24
      22
      20
      20
      22
      19
      20
      19
      17
      27
      19
      16
      22
      31
      20
      24
      20
      24
      27
      31
      34
      17
      20
      29
      23
      22
      20
      25
      21
      19
      29
      28
      23
      25
      20
      18
      19
      30
      21
      16
      29
      19
      26
      20
      21
      16
      22
      33
      10
      18
      19
      18
      23
      23
      25
      25
      36
      35
      31
      31
      28
      23
      33
      23
      28
      41
      32
      31
      39
      34
      40
      39
      26
      25
      30
      44
      28
      31
      36
      24
      24
      21
      21
      23
      28
      28
      21
      19
      16
      19
      10
      21
      16
      18
       8
      11
      18
      13
      13
       9
      11
       9
      13
      15
      14
       9
       7
      11
      10
       9
      14
       6
       5
      13
      15
      15
      10
      10
       5
      14
      14
      11
      13
      11
       8
      10
       9
      17
       7
      14
      14
      13
      14
      16
      10
       8
      11
       8
      10
      16
      14
       6
      12
       8
       8
       8
      18
      14
       8
       5
      10
      13
      16
      14
       9
       9
      15
       8
      10
      14
      13
      13
       9
      11
      12
      18
      10
      10
      11
      14
      14
      13
       8
       7
      13
      13
      13
      12
      11
      14
       9
       5
      12
      14
       7
      16
       7
      12
      11
      11
       8
      13
      13
      13
      12
      15
       8
      10
      12
       8
      11
      13
      18
      14
       9
      13
      15
       9
       7
      14
      14
      12
       8
      10
      12
      10
      11
       9
      13
       7
      12
       7
      12
      15
       8
       8
      13
      12
      12
      16
       7
      21
       6
       6
       9
      10
      15
      16
       6
      11
       8
      12
       4
       9
       7
       8
      10
      13
      17
      10
      14
       8
      11
      12
      12
      11
      13
      12
      14
      11
      14
      10
       8
      11
      10
       7
      12
       9
       9
      13
      12
      17
      12
       7
      15
      10
      13
      10
      11
       6
      12
       8
      19
       8
       9
       9
       9
      15
      11
      11
      11
      16
       9
       8
      12
      11
      11
      10
      10
      17
       9
      16
       9
      10
      12
      12
      14
      11
      13
      13
      11
       2
      11
      12
      13
      11
      10
       8
       6
      12
      14
       9
       7
      12
      12
      11
       7
      14
       6
       9
       6
      13
      10
       9
      11
      11
       6
       9
       7
       3
      10
      13
       7
      11
       8
      12
       7
      15
      10
      15
      13
       7
       9
      13
      12
       5
      13
      12
      15
       9
      16
       8
       8
       6
      16
      10
      16
      10
       9
      10
      10
      10
       8
      16
       7
      10
       6
      15
      12
      12
      12
       8
      10
      13
      14
      10
      10
       8
       8
      15
      13
      11
      11
       8
      11
      16
       7
      15
       8
       6
      13
      11
       5
       6
      12
      17
      13
       9
      11
      12
       6
      12
      13
      12
      10
      10
      10
      10
       8
       9
      15
       6
      15
       9
      17
      12
      11
      13
      10
       9
      13
       7
      16
      13
      10
       8
      11
       7
       9
      14
       6
      16
       9
      10
       4
      14
      11
      13
      13
       9
      12
      11
      11
      18
       7
      12
      10
      14
       9
       9
       9
       7
       6
       8
       8
      13
       5
       8
       7
      10
       3
       8
      11
      10
      13
      11
      13
      15
      26
      17
      22
      20
      16
      21
      14
      13
       8
      10
      10
      14
      13
       2
       8
      10
       7
      10
       8
       7
       9
      11
      12
       9
       6
       8
      13
       9
       5
       5
      10
      11
       6
       9
       8
       7
       8
       6
       6
       9
       7
       8
       9
       9
       5
       7
      13
       6
      11
      13
       7
       8
       8
       6
      12
       6
       7
       9
       9
       7
       6
       8
       2
       7
       9
       6
       5
       8
      10
       5
       5
       6
       9
       7
      11
      10
       8
       6
       8
       8
       4
      11
       8
       6
       8
       8
       9
      10
       5
       7
      11
       5
       8
       3
       6
       6
       6
       6
      10
       9
       8
       9
      12
       9
       9
       9
      10
       5
       8
       6
       9
       6
       5
      12
       9
       3
       6
       7
       4
       5
       4
       9
       9
       9
       5
       8
       7
       6
       7
       7
       6
      11
       4
       9
       8
      10
       7
       4
      10
       7
       6
       7
      10
       7
       3
      11
      16
      12
      11
       7
       4
       7
       4
       9
      10
      10
      10
       7
      12
       6
       8
       5
       5
       5
       9
      11
       5
       6
       4
      13
      11
       9
       5
      10
       4
       9
      11
      11
       6
       3
       3
       7
       7
       6
       5
      12
       6
       7
      14
       8
       5
       6
       9
       4
       2
       7
       6
       4
       7
       5
       7
      12
      11
       6
      10
       5
      10
      17
      19
      21
      31
      36
      65
     114
     147
     230
     270
     302
     314
     288
     215
     178
     106
      55
      34
      16
      13
      10
       4
       9
       8
       4
      10
       9
       8
       4
       9
      11
      10
       4
       9
       9
       8
       7
       5
       7
       6
      10
       3
      13
      11
       5
       7
       4
       5
       7
       5
       7
       7
       4
      11
       3
       8
       3
       8
       6
       8
       5
       8
       4
       4
       5
       9
       6
      10
       6
       6
       9
       6
       8
       6
       1
       5
       9
       4
       4
       5
       4
       6
       4
       4
       9
       4
       2
       4
       4
       5
      10
       5
       7
       4
       8
       6
       6
       8
       7
       6
       3
      12
       6
       5
       3
       4
       9
       2
       8
       7
       5
      12
       4
       8
       0
       7
       2
       6
       5
       5
       9
       3
       5
       8
       4
       5
       4
       7
       7
       3
       7
       5
       2
       4
      10
       4
       2
       8
       6
       2
       7
       7
       5
       4
       5
      13
       6
       7
       3
       6
       3
       7
       6
       8
       5
       6
       6
       6
       2
       9
       2
      10
       8
       6
       5
       7
       7
       5
       7
       3
       9
       5
       2
       4
       8
       6
       4
       8
       5
       5
       2
       4
       5
       4
       5
       8
       6
       6
       5
       5
       3
       3
       3
       4
       2
       6
       5
       5
       5
       6
       4
       4
       6
       6
       3
       5
       6
       3
       3
       5
      11
       5
       4
       6
       5
       6
       2
       6
       3
       4
       4
       2
       4
       2
       4
       8
       6
       6
       4
       6
       3
       7
       3
       6
       2
       7
       4
       7
       1
       5
       2
       6
       4
       4
       4
       5
       3
       4
       7
       4
       3
       2
       6
       4
       5
       8
       5
       9
       1
       2
       3
       8
       5
       4
       5
       2
       3
       4
       8
       4
       8
       8
       4
       6
       8
       6
      11
       7
       4
       7
       2
       3
       6
       4
       7
       3
       5
       3
       5
       4
       6
       3
       9
       6
       3
       3
       6
       3
       2
       3
       3
       5
       3
       2
      10
       1
       4
       3
       3
       3
       3
       0
       4
       5
       3
       5
       2
       3
       5
       7
       2
       4
       5
       3
       6
       3
       6
       7
       4
       8
       3
       4
       4
       3
       6
       5
       3
       4
       2
       4
       3
       0
       4
       1
       7
       4
       8
       5
       5
       3
       6
       7
       9
       5
       4
       6
       4
       1
       6
       8
       2
       3
       1
       3
       1
       4
       5
       6
       3
       8
       3
       1
       4
       3
       3
       5
       2
       3
       8
       2
       4
       6
       3
       5
       5
       1
       2
       3
       2
       4
       6
       4
       5
       4
       5
      11
       2
       3
       5
       7
       4
       7
       3
       3
       4
       5
       4
       5
       1
       8
       3
       2
       4
       4
       5
       1
       2
      12
       6
      10
       7
       2
      10
      10
       8
       7
       9
       6
       5
       6
       1
       4
       2
       2
       3
       7
       5
       6
       4
       2
       4
       8
       4
       0
       4
       7
       2
       3
       5
       3
       5
       6
       4
       3
       5
       4
       2
       0
       4
       6
       6
       2
       5
       3
       6
       2
       0
       1
       2
       7
       3
       4
       0
       4
       7
       6
       4
       3
       6
       5
       4
       3
       4
       6
       4
       0
       5
       2
       0
       6
       4
       2
       4
       4
       5
       5
       1
       2
       6
       6
       3
       2
       3
       4
       2
       5
       4
       4
       2
       2
       2
       4
       9
       0
       4
       5
       7
       7
       2
       1
       4
       1
       3
       3
       8
       4
       3
       3
       5
       3
       1
       6
       2
       1
       4
       3
       6
       3
       3
       3
       2
       3
       3
       6
       3
       3
       1
       8
       3
       6
       6
       5
       0
       4
       5
       6
       8
       3
       3
       2
       5
       3
       5
       2
       4
       3
       1
       2
       2
       8
       0
       2
       3
       6
       2
       8
       0
       3
       4
       2
       5
       1
       3
       3
       2
       3
       1
       4
       3
       2
       2
       6
       4
       7
       4
       3
       4
       3
       5
       6
       3
       2
       8
       4
       2
       1
       3
       2
       6
       4
       4
       1
       3
       3
       2
       1
       3
       5
       3
       2
       5
       2
       5
       6
       3
       7
       7
       3
       4
       3
       6
       1
       5
       1
       4
       4
       5
       5
       6
       3
       2
       4
       3
       5
       0
       2
       7
       8
       9
       9
       7
      16
      23
      48
      45
      90
     143
     173
     202
     271
     286
     271
     223
     202
     122
      73
      47
      25
       8
       9
       9
       5
       5
       4
       1
       3
       3
       2
       2
       4
       4
       6
       8
       5
       8
       5
       2
       3
       2
       3
       9
       4
       4
       4
       2
       5
       2
       3
       1
       4
       2
       2
       3
       2
       2
       2
       1
       3
       1
       2
       6
       1
       2
       5
       4
       2
       3
       3
       4
       3
       5
       3
       2
       5
       3
       2
       2
       3
       1
       5
       2
       5
       2
       2
       4
       4
       2
       4
       1
       5
       3
       3
       3
       5
       1
       3
       1
       0
       5
       5
       1
       4
       2
       3
       3
       6
       2
       4
       3
       3
       4
       3
       5
       0
       5
       3
       3
       4
       4
       3
       1
       4
       3
       3
       3
       0
       2
       1
       5
       5
       2
       4
       3
       3
       0
       2
       4
       1
       2
       0
       5
       5
       4
       3
       1
       0
       3
       3
       1
       2
       3
       6
       3
       1
       4
       3
       8
       2
       5
       2
       4
       2
       3
       1
       2
       1
       2
       2
       2
       4
       3
       3
       2
       3
       4
       2
       1
       2
       1
       1
       3
       2
       5
       4
       7
       1
       2
       4
       3
       0
       4
       4
       3
       3
       1
       3
       6
       4
       5
       5
       1
       3
       1
       3
       0
       2
       1
       0
       3
       2
       2
       3
       0
       4
       0
       0
       3
       7
       2
       7
       2
       3
       3
       4
       5
       3
       4
       3
       5
       2
       2
       2
       2
       1
       5
       1
       1
       0
       0
       2
       1
       2
       3
       2
       4
       2
       0
       2
       3
       1
       4
       0
       0
       1
       3
       3
       3
       2
       2
       0
       7
       2
       1
       1
       3
       3
       1
       1
       2
       3
       1
       5
       0
       3
       2
       2
       2
       3
       5
       1
       3
       2
       0
       2
       1
       5
       3
       2
       2
       4
       3
       4
       2
       4
       2
       1
       3
       2
       3
       2
       2
       1
       4
       5
       4
       1
       1
       7
       2
       1
       0
       4
       4
       4
       1
       2
       5
       5
       5
       2
       6
       1
       5
       5
       1
       2
       1
       3
       5
       1
       5
       3
       5
       5
       5
       3
       3
       1
       0
       4
       2
       4
       3
       0
       1
       6
       4
       1
       5
       0
       1
       3
       4
       1
       1
       3
       1
       4
       5
       1
       0
       6
       2
       5
       1
       1
       3
       2
       2
       2
       0
       2
       2
       1
       2
       5
       0
       3
       0
       1
       0
       2
       4
       1
       1
       3
       2
       4
       1
       2
       1
       1
       0
       2
       3
       2
       4
       4
       3
       0
       3
       2
       4
       2
       7
       3
       2
       2
       5
       1
       4
       3
       2
       3
       1
       2
       3
       0
       3
       3
       1
       0
       2
       1
       2
       2
       2
       3
       0
       2
       2
       1
       1
       2
       2
       3
       1
       3
       1
       1
       5
       3
       2
       3
       1
       1
       0
       3
       1
       2
       0
       0
       3
       6
       3
       3
       2
       3
       4
       3
       2
       3
       2
       1
       0
       3
       3
       2
       1
       2
       3
       0
       1
       3
       1
       0
       1
       1
       3
       3
       0
       2
       1
       1
       1
       2
       2
       1
       3
       2
       3
       1
       1
       4
       0
       3
       1
       1
       2
       2
       1
       2
       4
       3
       0
       2
       3
       4
       5
       2
       5
       0
       3
       2
       1
       0
       1
       6
       3
       1
       2
       3
       3
       1
       3
       3
       2
       9
      11
      17
      23
      28
      32
      38
      29
      35
      28
      25
      14
      16
       8
       1
       2
       1
       3
       3
       2
       5
       2
       1
       0
       3
       4
       1
       0
       2
       0
       4
       0
       1
       1
       1
       1
       3
       1
       2
       3
       1
       1
       4
       2
       1
       1
       2
       0
       1
       1
       1
       1
       0
       0
       0
       0
       2
       2
       3
       1
       1
       1
       1
       0
       1
       2
       6
       1
       3
       1
       1
       2
       1
       2
       3
       1
       3
       5
       1
       3
       1
       1
       6
       2
       1
       2
       2
       1
       0
       0
       0
       3
       2
       0
       0
       1
       0
       3
       0
       0
       3
       0
       4
       0
       1
       1
       3
       2
       2
       6
       1
       1
       7
       2
       2
       1
       3
       0
       4
       1
       0
       3
       1
       0
       4
       1
       2
       2
       0
       1
       2
       2
       3
       1
       2
       2
       2
       1
       5
       2
       2
       1
       1
       4
       0
       1
       3
       2
       3
       3
       2
       3
       3
       0
       1
       2
       0
       1
       1
       1
       1
       2
       2
       2
       1
       1
       1
       2
       1
       0
       2
       3
       0
       2
       2
       0
       0
       2
       0
       2
       3
       2
       1
       5
       1
       0
       0
       3
       3
       3
       3
       3
       1
       3
       1
       2
       1
       2
       0
       4
       2
       0
       2
       3
       5
       3
       2
       5
       3
       5
       0
       2
       2
       3
       1
       1
       2
       4
       1
       1
       3
       3
       0
       3
       3
       1
       3
       0
       0
       1
       1
       0
       4
       0
       2
       1
       1
       3
       4
       3
       1
       2
       1
       0
       2
       2
       2
       1
       3
       4
       2
       0
       3
       1
       2
       0
       3
       1
       0
       3
       2
       3
       1
       2
       0
       2
       3
       0
       1
       2
       1
       1
       2
       3
       2
       0
       3
       4
       6
       1
       0
       1
       1
       3
       3
       2
       2
       1
       3
       4
       1
       2
       1
       0
       1
       1
       0
       2
       1
       0
       4
       2
       5
       2
       6
       2
       0
       1
       1
       1
       0
       0
       1
       4
       1
       3
       3
       0
       2
       1
       1
       0
       1
       2
       1
       3
       1
       1
       2
       0
       2
       2
       1
       2
       3
       2
       2
       1
       1
       1
       1
       1
       2
       1
       0
       0
       2
       3
       1
       1
       2
       3
       1
       1
       0
       0
       1
       3
       0
       5
       1
       2
       1
       3
       0
       0
       0
       1
       1
       5
       0
       1
       4
       0
       1
       1
       2
       4
       1
       2
       3
       2
       2
       2
       0
       2
       2
       2
       3
       3
       0
       1
       0
       1
       0
       2
       3
       0
       1
       3
       2
       2
       1
       0
       2
       1
       1
       1
       0
       0
       1
       0
       1
       1
       4
       1
       4
       3
       0
       0
       3
       1
       0
       0
       2
       2
       0
       3
       0
       2
       0
       2
       1
       1
       1
       0
       0
       1
       0
       1
       3
       1
       3
       0
       3
       3
       4
       2
       2
       1
       1
       1
       2
       3
       1
       0
       2
       1
       1
       0
       1
       1
       3
       1
       0
       2
       3
       1
       1
       1
       2
       2
       1
       2
       0
       4
       0
       2
       3
       0
       2
       2
       1
       2
       2
       0
       0
       0
       1
       1
       2
       3
       1
       1
       1
       1
       5
       0
       3
       2
       1
       1
       0
       2
       0
       0
       4
       1
       1
       1
       2
       0
       0
       3
       1
       1
       0
       0
       2
       0
       2
       1
       5
       4
       1
       1
       0
       4
       0
       1
       2
       2
       1
       0
       3
       1
       1
       0
       1
       3
       2
       0
       3
       6
       2
       1
       1
       1
       2
       3
       5
       1
       1
       0
       2
       2
       3
       1
       2
       1
       2
       1
       1
       1
       0
       2
       1
       2
       2
       2
       2
       1
       1
       1
       3
       1
       0
       2
       0
       1
       2
       1
       2
       2
       3
       0
       0
       0
       2
       1
       0
       4
       1
       1
       0
       1
       2
       4
       0
       0
       2
       0
       1
       3
       0
       1
       0
       1
       2
       1
       1
       1
       2
       1
       2
       1
       2
       1
       2
       1
       5
       2
       0
       2
       1
       2
       2
       1
       0
       0
       1
       0
       1
       0
       2
       1
       1
       1
       0
       1
       1
       2
       1
       0
       2
       0
       3
       1
       3
       2
       3
       3
       1
       0
       1
       3
       2
       1
       4
       1
       4
       5
       2
       1
       0
       1
       1
       3
       2
       0
       2
       0
       0
       3
       2
       1
       1
       0
       0
       1
       0
       1
       1
       2
       1
       1
       1
       1
       2
       1
       2
       0
       1
       1
       0
       0
       3
       3
       1
       2
       1
       0
       1
       1
       3
       4
       2
       0
       1
       1
       0
       0
       0
       3
       0
       2
       2
       2
       0
       1
       1
       0
       1
       0
       1
       1
       2
       0
       0
       0
       0
       1
       0
       2
       1
       0
       0
       0
       0
       0
       0
       4
       2
       1
       3
       2
       2
       0
       1
       1
       1
       1
       1
       3
       0
       2
       1
       0
       3
       2
       1
       1
       1
       1
       0
       0
       0
       0
       0
       0
       0
       0
       3
       3
       2
       2
       0
       1
       0
       0
       1
       2
       1
       1
       0
       2
       3
       1
       1
       0
       1
       0
       1
       1
       1
       1
       0
       2
       3
       1
       2
       1
       1
       1
       2
       0
       1
       0
       1
       0
       1
       0
       0
       1
       1
       2
       1
       0
       0
       1
       3
       1
       2
       0
       0
       0
       1
       0
       2
       2
       0
       1
       1
       2
       1
       2
       2
       0
       1
       1
       1
       1
       1
       5
       1
       0
       1
       0
       0
       0
       2
       1
       1
       1
       2
       0
       1
       0
       0
       2
       0
       0
       0
       0
       1
       2
       3
       2
       2
       0
       2
       0
       2
       3
       1
       1
       1
       1
       2
       2
       2
       3
       1
       3
       1
       1
       1
       1
       1
       1
       0
       1
       1
       1
       1
       1
       1
       0
       0
       3
       0
       0
       4
       3
       0
       1
       1
       3
       3
       1
       1
       2
       0
       3
       1
       2
       1
       2
       1
       1
       2
       2
       3
       0
       0
       2
       2
       1
       1
       0
       4
       0
       0
       1
       0
       1
       1
       0
       1
       2
       3
       0
       0
       1
       0
       1
       0
       1
       1
       1
       2
       3
       2
       0
       0
       0
       2
       1
       1
       2
       1
       1
       0
       1
       2
       1
       0
       0
       1
       0
       2
       1
       1
       2
       1
       0
       0
       1
       1
       1
       0
       1
       1
       1
       1
       3
       2
       1
       1
       0
       0
       1
       1
       1
       0
       0
       3
       2
       3
       2
       1
       1
       2
       0
       2
       1
       0
       1
       2
       0
       0
       2
       0
       0
       1
       2
       1
       1
       1
       0
       1
       2
       1
       0
       2
       1
       0
       2
       1
       1
       1
       1
       0
       1
       0
       0
       1
       1
       2
       0
       1
       0
       1
       2
       0
       0
       2
       1
       1
       0
       0
       3
       2
       1
       0
       1
       1
       2
       1
       2
       0
       0
       1
       2
       2
       1
       0
       2
       0
       1
       0
       4
       4
       1
       0
       1
       1
       3
       2
       0
       0
       2
       1
       2
       1
       3
       2
       0
       1
       0
       1
       0
       2
       1
       2
       1
       2
       2
       2
       1
       2
       1
       3
       3
       2
       3
       2
       1
       2
       0
       1
       1
       2
       1
       1
       2
       1
       2
       2
       4
       0
       1
       0
       1
       1
       1
       4
       3
       2
       0
       0
       2
       1
       0
       1
       2
       0
       0
       1
       1
       0
       0
       0
       1
       0
       0
       1
       2
       0
       0
       1
       0
       0
       2
       1
       0
       0
       2
       1
       3
       3
       0
       0
       1
       1
       1
       0
       1
       1
       0
       2
       0
       1
       1
       0
       2
       0
       3
       1
       2
       0
       0
       1
       3
       1
       0
       0
       1
       1
       0
       2
       3
       1
       0
       2
       3
       1
       1
       3
       1
       0
       0
       0
       1
       2
       1
       2
       0
       1
       2
       2
       2
       1
       0
       1
       1
       1
       3
       0
       0
       2
       2
       0
       2
       0
       2
       0
       0
       1
       0
       0
       1
       1
       1
       2
       1
       2
       1
       1
       4
       3
       2
       2
       7
       8
       8
       3
       9
       2
       8
       4
       2
       0
       2
       0
       0
       1
       0
       2
       0
       1
       2
       0
       2
       3
       0
       1
       1
       2
       1
       1
       0
       2
       0
       1
       0
       1
       0
       0
       0
       0
       0
       1
       1
       0
       1
       1
       1
       0
       2
       0
       1
       0
       1
       0
       0
       0
       0
       3
       1
       0
       0
       1
       1
       1
       0
       1
       3
       2
       2
       0
       0
       2
       0
       0
       1
       1
       1
       0
       0
       2
       0
       0
       0
       2
       1
       0
       1
       0
       0
       1
       1
       0
       0
       0
       2
       0
       0
       1
       0
       0
       1
       1
       2
       3
       1
       2
       0
       0
       1
       2
       1
       2
       2
       1
       0
       0
       2
       0
       1
       1
       0
       0
       1
       0
       0
       0
       3
       0
       0
       3
       0
       0
       1
       2
       0
       1
       0
       1
       1
       2
       0
       0
       1
       0
       0
       0
       0
       0
       2
       1
       1
       1
       3
       2
       0
       0
       1
       3
       1
       1
       1
       0
       0
       0
       0
       0
       4
       1
       1
       2
       1
       1
       0
       2
       0
       0
       1
       4
       2
       0
       2
       1
       0
       0
       0
       1
       1
       1
       2
       1
       0
       1
       1
       0
       1
       1
       1
       0
       1
       3
       2
       0
       0
       2
       1
       1
       0
       1
       0
       0
       0
       0
       0
       1
       1
       1
       1
       1
       0
       1
       0
       1
       0
       1
       0
       1
       1
       0
       3
       0
       0
       2
       0
       0
       0
       0
       1
       0
       0
       0
       0
       2
       0
       1
       0
       2
       0
       0
       2
       1
       0
       3
       1
       1
       0
       0
       0
       0
       0
       0
       0
       1
       0
       1
       0
       2
       2
       0
       1
       0
       0
       0
       0
       1
       0
       1
       0
       2
       0
       0
       1
       4
       0
       0
       1
       1
       0
       0
       0
       1
       1
       0
       0
       0
       0
       3
       1
       1
       1
       0
       1
       1
       1
       1
       1
       1
       0
       0
       0
       0
       3
       1
       0
       1
       1
       0
       1
       0
       0
       0
       1
       1
       1
       1
       1
       1
       2
       0
       0
       2
       2
       2
       0
       2
       1
       1
       0
       2
       1
       0
       0
       0
       3
       1
       2
       1
       2
       0
       2
       2
       0
       0
       2
       0
       1
       1
       0
       2
       0
       0
       1
       0
       0
       1
       0
       0
       2
       1
       1
       0
       0
       0
       0
       2
       0
       0
       0
       0
       0
       0
       1
       1
       0
       1
       0
       0
       0
       0
       2
       2
       0
       0
       2
       0
       0
       1
       0
       1
       0
       0
       0
       0
       1
       2
       2
       0
       0
       0
       2
       1
       1
       0
       0
       0
       2
       1
       0
       0
       1
       0
       0
       1
       0
       1
       1
       2
       0
       0
       0
       0
       1
       1
       0
       0
       2
       1
       1
       1
       1
       0
       0
       1
       1
       0
       0
       2
       2
       2
       2
       2
       1
       0
       0
       0
       0
       0
       0
       0
       0
       0
       0
       1
       1
       0
       0
       0
       1
       0
       0
       2
       1
       0
       0
       0
       0
       1
       2
       2
       0
       1
       0
       0
       0
       1
       1
       1
       3
       2
       0
       1
       2
       0
       1
       1
       1
       1
       0
       3
       0
       0
       0
       0
       1
       1
       2
       1
       1
       1
       2
       0
       1
       0
       0
       1
       0
       0
       0
       0
       0
       0
       2
       3
       0
       0
       0
       2
       0
       0
       0
       0
       1
       0
       0
       1
       0
       2
       1
       1
       1
       0
       1
       0
       0
       1
       1
       0
       1
       1
       0
       1
       2
       1
       3
       0
       0
       1
       1
       0
       1
       3
       0
       0
       0
       1
       0
       0
       0
       0
       0
       1
       0
       0
       1
       0
       0
       1
       0
       2
       1
       1
       1
       0
       0
       0
       1
       0
       1
       0
       2
       1
       0
       0
       1
       3
       0
       1
       1
       1
       0
       2
       1
       0
       2
       1
       0
       0
       0
       0
       0
       1
       2
       3
       1
       1
       1
       0
       0
       0
       1
       2
       2
       1
       0
       0
       0
       0
       0
       0
       0
       0
       0
       2
       1
       0
       3
       3
       1
       2
       0
       2
       0
       0
       1
       0
       1
       1
       3
       1
       1
       0
       0
       0
       2
       1
       0
       2
       1
       2
       1
       0
       0
       1
       0
       1
       0
       2
       1
       2
       1
       0
       0
       1
       1
       1
       0
       1
       0
       0
       0
       0
       0
       1
       1
       1
       1
       2
       1
       1
       0
       0
       0
       0
       1
       1
       1
       0
       0
       0
       0
       1
       0
       1
       1
       3
       0
       0
       2
       1
       2
       1
       0
       2
       0
       1
       0
       2
       2
       0
       0
       2
       2
       0
       1
       0
       0
       3
       1
       1
       1
       1
       1
       0
       1
       0
       2
       0
       1
       4
       0
       0
       0
       0
       1
       1
       0
       0
       0
       0
       0
       2
       0
       0
       2
       0
       1
       1
       1
       0
       0
       2
       0
       1
       0
       5
       1
       1
       1
       1
       2
       0
       0
       1
       1
       1
       0
       2
       2
       1
       2
       1
       0
       1
       1
       1
       0
       3
       0
       2
       0
       1
       0
       2
       0
       0
       1
       1
       2
       0
       1
       1
       0
       0
       0
       3
       0
       1
       1
       0
       0
       0
       0
       0
       0
       0
       2
       2
       1
       1
       0
       0
       1
       2
       1
       0
       1
       2
       1
       1
       1
       2
       1
       0
       1
       0
       1
       0
       1
       0
       0
       0
       1
       0
       0
       1
       1
       0
       0
       0
       0
       0
       0
       0
       3
       0
       1
       1
       1
       0
       0
       0
       2
       0
       3
       0
       2
       0
       0
       0
       0
       0
       2
       0
       0
       0
       0
       0
       0
       0
       0
       0
       0
       0
       0
       0
       0
       0
       0
       0
       0
       0
       0
       0
       0
       0
       0
       0
       0
       0
       0
       0
       0
       0
       0
       0
       0
       0
       0
       0
       0
       0
       0
       0
       0
       0
       0
       0
       0
       0
       0
       0
       0
       0
       0
       0
       0
       0
       0
       0
       0
       0
       0
       0
       0
       0
       0
       0
       0
       0
       0
       0
       0
       0
       0
       0
       0
       0
       0
       0
       0
       0
       0
       0
       0
       0
       0
       0
       0
       0
       0
       0
       0
       0
       0
       0
       0
       0
       0
       0
       0
       0
       0
       0
       0
       0
       0
       0
       0
       0
       0
       0
       0
       0
       0
       0
       0
       0
       0
       0
       0
       0
       0
       0
       0
       0
       0
       0
       0
       0
       0
       0
       0
       0
       0
$ROI:
2
1936 2287
5338 5513
$PRESETS:
Integral
500000
0
$ENER_FIT:
0.000000 0.245432
$MCA_CAL:
3
0.000000E+000 2.454316E-001 0.000000E+000 keV
$SHAPE_CAL:
3
7.465718E+000 0.000000E+000 0.000000E+000
