$SPEC_ID:
No sample description was entered.
$SPEC_REM:
DET# 1
DETDESC# BUNCHER Easy-MCA-8k SN 9051292
AP# Maestro Version 6.08
$DATE_MEA:
07/26/2019 15:08:19
$MEAS_TIM:
330 419
$DATA:
0 8191
       0
       0
       0
       0
       0
       0
       0
       0
       0
       0
       0
       0
       0
       0
       0
       0
       0
       0
       1
       6
      15
      80
     458
    1463
    2884
    4347
    5372
   12228
    5978
     467
     256
     139
     237
     805
    1572
    1923
    1923
    1743
    1521
    1410
    1367
    1316
    1304
    1437
    1456
    1456
    1413
    1380
    1468
    1361
    1418
    1370
    1395
    1265
    1338
    1336
    1269
    1224
    1242
    1251
    1224
    1217
    1255
    1158
    1236
    1102
    1076
    1150
    1156
    1209
    1179
    1085
    1166
    1109
    1079
    1123
    1111
    1071
    1096
    1106
    1097
    1040
    1050
    1113
    1041
    1077
    1100
    1040
    1069
    1041
    1063
    1003
    1053
    1003
     999
    1016
    1023
    1080
     968
     984
     968
    1038
     966
     976
     932
     994
     976
     941
     977
     982
     923
     921
     897
     985
     933
     924
     952
     990
     991
     906
     854
     942
     895
     951
     925
     894
     940
     925
     923
     922
    1001
     954
     909
     917
     932
     903
     857
     896
     866
     908
     896
     872
     926
     892
     851
     897
     887
     921
     928
     896
     859
     884
     881
     846
     865
     853
     843
     920
     869
     892
     797
     870
     847
     873
     913
     862
     837
     849
     871
     922
     880
     881
     809
     846
     901
     866
     917
     863
     874
     868
     858
     893
     835
     867
     889
     818
     806
     831
     900
     837
     793
     809
     831
     834
     859
     848
     829
     837
     897
     858
     828
     895
     871
     798
     818
     842
     824
     861
     845
     865
     827
     881
     814
     801
     856
     861
     882
     854
     843
     807
     910
     839
     906
     822
     866
     893
     876
     892
     852
     874
     892
     818
     968
     888
     873
     912
     853
     869
     907
     834
     887
     812
     851
     844
     894
     815
     843
     897
     900
     866
     918
     883
     890
     852
     869
     926
     873
     869
     881
     910
     886
     932
     916
     843
     939
     941
     890
     905
     911
     931
     967
     903
     926
     946
     884
     896
     968
     907
     904
     977
     950
     978
     901
     904
     886
     937
     929
     989
     960
     947
     938
     966
    1016
    1057
    1044
    1065
     994
     982
    1004
    1049
    1004
    1151
    1223
    1194
    1075
    1079
     973
    1012
     963
     947
     947
     963
    1013
    1010
     976
     967
     971
     927
    1025
    1013
     990
     986
     984
     985
     951
     983
    1006
    1087
    1038
    1000
     973
    1021
    1034
    1033
     949
    1043
    1009
    1070
    1048
    1051
    1157
    1140
    1183
    1202
    1204
    1126
    1131
    1005
    1093
    1031
    1081
    1056
    1084
    1084
    1156
    1091
    1085
    1080
    1099
    1052
    1073
    1046
    1003
    1078
    1059
    1026
    1129
    1036
    1088
    1075
    1072
    1057
    1068
    1063
    1051
    1039
    1058
    1139
    1099
    1108
    1115
    1117
    1061
    1105
    1065
    1078
    1128
    1109
    1097
    1113
    1086
    1092
    1130
    1075
    1116
    1163
    1135
    1146
    1167
    1091
    1118
    1173
    1141
    1079
    1129
    1105
    1172
    1143
    1144
    1083
    1158
    1169
    1105
    1124
    1140
    1138
    1145
    1198
    1162
    1164
    1189
    1137
    1236
    1148
    1203
    1129
    1207
    1227
    1124
    1175
    1149
    1230
    1245
    1170
    1173
    1168
    1156
    1212
    1189
    1166
    1186
    1153
    1206
    1185
    1203
    1166
    1236
    1264
    1231
    1213
    1205
    1169
    1190
    1147
    1217
    1222
    1239
    1176
    1291
    1190
    1271
    1213
    1231
    1186
    1212
    1205
    1212
    1190
    1156
    1241
    1214
    1207
    1197
    1282
    1205
    1222
    1210
    1207
    1225
    1186
    1181
    1151
    1225
    1299
    1176
    1218
    1194
    1210
    1132
    1232
    1153
    1196
    1162
    1222
    1258
    1215
    1201
    1153
    1204
    1197
    1214
    1161
    1192
    1172
    1226
    1148
    1212
    1154
    1286
    1221
    1203
    1175
    1200
    1182
    1221
    1182
    1210
    1182
    1210
    1185
    1221
    1196
    1204
    1174
    1160
    1178
    1186
    1210
    1170
    1253
    1217
    1173
    1219
    1159
    1129
    1141
    1141
    1228
    1202
    1193
    1177
    1140
    1230
    1178
    1137
    1258
    1183
    1208
    1232
    1230
    1072
    1178
    1212
    1164
    1164
    1156
    1127
    1148
    1178
    1140
    1254
    1185
    1193
    1141
    1131
    1216
    1097
    1185
    1149
    1160
    1200
    1179
    1133
    1112
    1143
    1162
    1161
    1179
    1150
    1171
    1153
    1083
    1164
    1162
    1172
    1204
    1201
    1097
    1146
    1170
    1138
    1151
    1161
    1159
    1148
    1144
    1159
    1153
    1130
    1184
    1165
    1143
    1154
    1081
    1145
    1181
    1140
    1172
    1209
    1079
    1169
    1146
    1100
    1147
    1113
    1143
    1141
    1111
    1136
    1103
    1124
    1161
    1100
    1092
    1170
    1104
    1146
    1183
    1125
    1177
    1129
    1165
    1123
    1129
    1129
    1138
    1118
    1187
    1067
    1175
    1198
    1179
    1083
    1130
    1136
    1119
    1162
    1103
    1162
    1111
    1147
    1154
    1087
    1143
    1077
    1100
    1132
    1128
    1144
    1129
    1144
    1163
    1097
    1129
    1119
    1151
    1193
    1124
    1126
    1096
    1141
    1171
    1170
    1206
    1151
    1120
    1162
    1122
    1199
    1140
    1098
    1111
    1149
    1092
    1132
    1186
    1198
    1168
    1193
    1176
    1244
    1228
    1226
    1158
    1123
    1203
    1260
    1137
    1257
    1189
    1300
    1236
    1208
    1218
    1176
    1201
    1252
    1259
    1193
    1202
    1162
    1188
    1134
    1178
    1231
    1209
    1150
    1208
    1223
    1130
    1150
    1195
    1153
    1166
    1113
    1142
    1115
    1175
    1092
    1114
    1090
    1118
    1132
    1077
    1168
    1072
    1137
    1129
    1123
    1105
    1164
    1132
    1134
    1051
    1148
    1096
    1116
    1110
    1070
    1063
    1101
    1060
    1080
    1101
    1122
    1127
    1115
    1091
    1079
    1064
    1062
    1002
    1048
    1029
    1080
    1051
    1014
    1061
     986
    1036
    1040
    1055
    1057
     966
    1005
     986
    1061
     981
     967
    1022
     966
    1059
    1056
    1012
     983
    1009
    1015
     987
     955
     991
     995
     984
     966
     997
     959
     980
     966
     987
     960
    1005
     977
    1022
    1016
     980
     976
     987
     977
     990
     951
     979
     940
     989
     952
    1003
    1027
     974
     995
    1032
     936
     942
     983
     907
     976
     944
     956
     933
    1025
     945
     951
     940
     936
    1002
     905
     951
     934
     948
     958
     953
     976
     923
     926
     936
     944
     938
     902
     957
     968
     915
     920
     952
     897
     940
     948
     925
     913
     861
     873
     912
     847
     960
     921
     915
     959
     927
     912
     947
     869
     883
     938
     943
     902
     872
     939
     929
     849
     873
     873
     933
     876
     944
     852
     887
     947
     875
     896
     934
     929
     866
     917
     909
     935
     945
     871
     939
     900
     901
     907
     898
     920
     912
     936
     875
     879
     919
     936
     919
     913
     842
     943
     901
     858
     961
     882
     879
     921
     848
     861
     878
     900
     864
     859
     894
     846
     856
     897
     911
     871
     879
     884
     855
     878
     822
     961
     908
     906
     825
     870
     875
     861
     861
     906
     852
     869
     927
     825
     902
     919
     873
     917
     827
     900
     839
     904
     831
     898
     876
     866
     869
     855
     829
     883
     921
     868
     911
     832
     864
     891
     928
     849
     919
     861
     902
     891
     839
     922
     865
     866
     871
     902
     882
     874
     882
     841
     914
     872
     889
     871
     811
     883
     869
     892
     862
     943
     850
     874
     851
     936
     843
     880
     858
     886
     908
     869
     864
     846
     898
     860
     843
     926
     898
     888
     861
     903
     886
     880
     861
     900
     932
     866
     895
     901
     852
     844
     854
     816
     924
     880
     835
     866
     832
     849
     906
     848
     847
     843
     902
     922
     867
     860
     887
     908
     829
     860
     879
     885
     896
     865
     924
     902
     886
     915
     926
     855
     901
     905
     878
     930
     845
     909
     919
     901
     835
     917
     842
     917
     855
     890
     795
     897
     832
     879
     896
     851
     899
     884
     858
     855
     886
     885
     874
     877
     916
     869
     912
     907
     892
     926
     892
     883
     820
     904
     909
     893
     897
     894
     861
     916
     863
     913
     853
     931
     918
     887
     912
     929
     863
     837
     866
     922
     869
     908
     868
     939
     909
     924
     882
     854
     885
     883
     900
     923
     887
     911
     922
     879
     931
     950
     920
     888
     908
     918
     909
     888
     920
     859
     895
     880
     925
     912
     919
     867
     902
     893
     933
     880
     923
     895
     964
     875
     921
     908
     938
     921
     928
     923
     950
     959
     886
     904
     886
     903
     928
     907
     891
     935
     936
     886
     928
     889
     929
     923
     952
     915
     878
     954
     955
     893
     924
     938
     943
     912
     925
     879
     901
     964
     936
     891
     898
     940
     955
     919
     946
     934
     922
     994
     947
     998
    1001
     948
     963
     965
    1003
     941
     945
     899
     903
     944
     894
     940
     988
     951
     916
     924
     958
     975
     957
     910
     928
     946
     930
     943
     950
     942
     986
    1000
     902
     969
     972
     938
     959
     992
     972
     962
     983
     954
     971
    1003
    1015
     971
     975
     951
     993
    1038
     929
     992
     957
     991
     998
     954
     952
    1020
    1001
     973
     979
     959
    1030
     989
    1005
     981
     962
     984
     971
    1058
     982
    1000
     981
     989
     951
     967
     979
    1003
    1022
    1095
    1075
     984
     967
    1068
    1014
     979
     961
    1013
    1017
    1058
     992
     963
    1073
    1003
    1047
    1003
     990
    1062
     986
    1038
     986
    1005
    1033
     988
    1045
     987
    1016
     993
    1079
     958
    1065
    1028
    1061
    1053
     999
    1066
    1055
    1030
     980
    1009
    1037
    1103
    1037
    1077
    1049
    1046
    1011
    1037
    1130
    1029
    1042
    1057
    1014
    1015
    1041
    1067
    1029
    1024
    1015
    1039
    1036
    1053
    1084
    1093
    1050
    1055
    1017
    1033
    1020
    1000
    1061
    1031
    1027
    1066
    1026
    1059
    1034
    1105
    1050
    1058
    1007
    1062
    1046
    1076
    1071
    1073
    1063
    1001
    1029
     957
    1018
    1085
    1099
     978
     958
    1030
    1096
    1051
    1060
     995
    1025
    1016
     997
     995
    1015
    1005
     950
     941
     970
     967
     934
     992
     949
     926
     878
     913
     926
     838
     836
     901
     842
     867
     855
     786
     816
     833
     840
     795
     796
     763
     810
     769
     775
     752
     767
     762
     732
     787
     785
     767
     738
     721
     724
     707
     752
     729
     665
     708
     727
     721
     751
     675
     692
     714
     720
     688
     728
     710
     717
     660
     745
     704
     706
     697
     692
     663
     688
     651
     699
     697
     659
     643
     684
     651
     620
     662
     673
     689
     635
     641
     644
     615
     646
     673
     646
     697
     629
     634
     617
     625
     688
     613
     607
     614
     629
     595
     620
     644
     616
     604
     650
     647
     632
     601
     600
     628
     644
     665
     592
     613
     585
     610
     644
     617
     547
     597
     569
     632
     607
     610
     539
     557
     626
     617
     567
     557
     581
     602
     568
     593
     579
     633
     568
     584
     543
     552
     617
     583
     552
     591
     559
     562
     576
     480
     582
     590
     577
     525
     549
     588
     546
     587
     527
     536
     589
     535
     576
     526
     572
     574
     560
     543
     548
     537
     535
     572
     555
     516
     565
     548
     528
     536
     501
     513
     552
     569
     572
     507
     504
     552
     518
     539
     498
     510
     519
     505
     514
     522
     491
     514
     476
     553
     484
     526
     508
     503
     532
     507
     507
     454
     485
     490
     500
     469
     520
     510
     462
     479
     527
     464
     466
     486
     490
     534
     513
     480
     479
     505
     494
     518
     436
     418
     494
     507
     498
     507
     492
     448
     475
     457
     483
     511
     474
     456
     467
     487
     439
     440
     471
     472
     480
     482
     442
     489
     468
     473
     461
     485
     490
     458
     462
     485
     462
     475
     496
     468
     492
     407
     444
     472
     438
     460
     417
     465
     429
     480
     458
     471
     500
     428
     459
     461
     426
     468
     452
     455
     430
     477
     424
     495
     434
     460
     411
     405
     449
     471
     464
     446
     437
     471
     452
     447
     426
     410
     430
     442
     433
     431
     426
     430
     441
     416
     449
     410
     428
     419
     461
     437
     469
     425
     440
     430
     417
     419
     416
     411
     424
     437
     433
     401
     444
     413
     385
     437
     421
     401
     401
     428
     447
     412
     393
     439
     425
     397
     417
     414
     424
     352
     405
     386
     436
     385
     423
     430
     387
     366
     407
     419
     422
     435
     410
     436
     381
     417
     382
     409
     449
     445
     413
     413
     412
     409
     403
     396
     416
     431
     467
     425
     400
     379
     388
     365
     394
     414
     385
     432
     389
     424
     401
     423
     370
     379
     426
     435
     405
     435
     407
     417
     397
     398
     377
     383
     461
     372
     391
     414
     430
     430
     442
     427
     431
     419
     399
     440
     416
     422
     423
     414
     379
     361
     401
     425
     411
     396
     416
     409
     418
     405
     420
     418
     407
     384
     434
     440
     390
     408
     394
     408
     381
     387
     400
     410
     406
     387
     396
     399
     392
     413
     389
     383
     413
     396
     418
     420
     399
     397
     381
     406
     397
     429
     417
     403
     382
     386
     366
     371
     376
     384
     403
     428
     385
     412
     408
     413
     400
     387
     390
     400
     410
     408
     393
     380
     372
     417
     383
     396
     390
     366
     405
     415
     386
     381
     374
     441
     379
     410
     377
     424
     409
     403
     404
     363
     421
     405
     429
     375
     378
     390
     366
     377
     360
     391
     355
     442
     418
     384
     381
     348
     392
     380
     365
     392
     399
     371
     379
     355
     402
     386
     387
     396
     409
     384
     343
     369
     409
     405
     371
     364
     374
     388
     371
     379
     410
     376
     362
     371
     380
     393
     350
     374
     408
     397
     374
     341
     379
     379
     391
     387
     375
     387
     390
     357
     381
     384
     373
     388
     393
     350
     374
     360
     389
     413
     361
     375
     386
     411
     390
     361
     415
     349
     389
     355
     368
     356
     402
     360
     361
     430
     400
     358
     387
     369
     373
     375
     370
     385
     404
     372
     363
     369
     358
     337
     408
     360
     367
     407
     370
     420
     348
     357
     361
     374
     360
     372
     359
     349
     367
     347
     377
     365
     396
     411
     323
     361
     370
     382
     378
     361
     354
     360
     371
     351
     393
     353
     377
     361
     325
     347
     354
     370
     371
     335
     361
     381
     359
     385
     351
     368
     386
     357
     367
     373
     365
     360
     401
     359
     393
     377
     379
     375
     385
     369
     373
     331
     373
     405
     361
     376
     376
     374
     417
     386
     369
     387
     357
     373
     373
     380
     400
     401
     371
     367
     424
     397
     430
     427
     415
     387
     426
     408
     436
     436
     441
     475
     510
     576
     599
     631
     716
     808
     979
    1187
    1360
    1759
    2212
    2770
    3475
    4516
    5982
    7538
    9744
   12245
   15140
   18649
   22212
   25578
   27698
   29783
   30497
   29941
   28442
   25949
   23146
   19508
   15891
   12766
   10009
    7495
    5775
    4488
    3400
    2643
    1991
    1554
    1270
    1007
     781
     690
     649
     483
     443
     358
     369
     351
     341
     299
     281
     254
     270
     254
     264
     234
     248
     232
     196
     231
     229
     230
     197
     215
     202
     198
     194
     197
     184
     200
     185
     178
     180
     160
     193
     178
     164
     167
     169
     185
     190
     164
     175
     145
     177
     171
     169
     148
     165
     168
     167
     162
     154
     159
     161
     123
     176
     171
     133
     142
     154
     137
     160
     149
     137
     136
     134
     141
     153
     111
     120
     134
     126
     137
     149
     129
     141
     136
     141
     138
     140
     146
     138
     113
     114
     141
     123
     128
     116
     108
     128
     108
     104
     106
     134
     111
     120
     139
     131
     112
     105
     116
     126
     121
     138
     128
     117
     113
     132
     139
     132
     102
      98
     105
     118
     119
      92
     129
     108
     132
     112
     109
     108
     105
     105
     122
     109
     122
      96
     122
     116
     120
     111
      98
     107
     118
     119
     115
      99
     103
     121
      99
     111
     104
     102
     120
     103
     130
     102
     103
     100
      96
     113
     106
     104
     111
      93
      98
     102
     100
     104
     112
     113
      99
     122
     100
     115
      96
      81
      93
     104
      85
      96
     112
      94
     106
      93
      72
     121
     104
      93
      97
     107
     106
     104
      88
      92
      83
      92
     102
      90
      93
     101
      99
      89
      92
      98
      95
     107
     111
      84
      94
     104
      87
      92
      82
     101
      91
     103
     109
      86
      80
      96
     114
      83
      87
      84
      75
      83
      91
      99
     122
      87
      90
      86
      76
      95
      97
      73
      87
     102
      81
      72
     102
     110
      84
      94
      89
      76
     100
      98
      66
      95
      92
      77
      84
      90
     103
      79
      92
      85
      84
     100
      94
      90
      75
      72
      82
      80
      79
      94
      74
      78
      84
      88
      96
      97
      79
     110
      87
      91
      79
      81
     101
      80
      77
      86
      87
      96
      91
     101
      77
      98
      94
      79
      93
      78
      92
      80
      77
      83
      91
      83
      74
      77
      85
      84
      97
      93
      78
      71
      84
      85
      74
      82
      76
      69
      82
      81
      90
      83
      73
      87
      80
      94
      73
      93
      80
      80
      89
      79
      76
      72
      83
      88
      92
      79
      88
      76
      80
      72
      95
      85
      85
      77
      84
      84
      61
      82
      87
      64
      93
      77
      90
     101
      75
      79
      65
      63
      69
      82
      71
      59
      70
      60
      84
      96
      77
      74
      92
      68
      83
      85
      72
      85
      85
      85
      75
      77
      72
      77
      89
      61
      84
      77
      80
      91
      72
      84
      97
     122
     109
      92
     112
     128
      91
      96
      72
      74
      77
      87
      78
      58
      76
      79
      75
      71
      86
      76
      69
      61
      67
      74
      77
      77
      68
      87
      61
      78
      79
      85
      85
      90
      81
      72
      77
      70
      66
      68
      81
      74
      76
      54
      74
      81
      73
      83
      71
      73
      88
      71
      73
      72
      84
      84
      66
      71
      79
      60
      71
      74
      59
      67
      83
      74
      70
      72
      66
      66
      70
      65
      77
      60
      62
      75
      59
      65
      74
      71
      68
      69
      81
      70
      58
      72
      59
      73
      62
      69
      58
      86
      67
      67
      69
      78
      68
      79
      60
      67
      54
      59
      58
      59
      72
      57
      71
      59
      61
      63
      60
      76
      69
      74
      65
      60
      82
      72
      84
      71
      71
      72
      70
      69
      62
      59
      73
      66
      66
      72
      66
      55
      77
      63
      62
      47
      75
      66
      58
      62
      77
      59
      76
      71
      65
      60
      59
      66
      63
      72
      70
      40
      78
      49
      68
      66
      65
      64
      59
      65
      72
      62
      65
      63
      63
      45
      58
      69
      48
      52
      61
      61
      62
      52
      57
      55
      64
      58
      58
      70
      75
      50
      68
      75
      47
      68
      58
      54
      67
      68
      56
      53
      50
      51
      60
      65
      67
      57
      66
      69
      65
      62
      53
      56
      61
      61
      58
      63
      69
      72
      47
      51
      57
      65
      55
      50
      57
      55
      59
      52
      50
      49
      47
      54
      50
      58
      49
      63
      60
      48
      66
      79
      50
      66
      60
      64
      61
      62
      61
      57
      60
      63
      54
      62
      65
      57
      58
      70
      58
      62
      56
      59
      55
      57
      67
      56
      49
      53
      63
      48
      53
      52
      55
      63
      52
      54
      49
      44
      48
      60
      63
      37
      52
      45
      62
      51
      57
      58
      62
      44
      57
      61
      50
      50
      50
      62
      56
      58
      56
      52
      65
      53
      62
      47
      58
      47
      62
      53
      50
      55
      44
      44
      48
      43
      43
      56
      46
      50
      67
      54
      57
      51
      39
      62
      52
      43
      39
      50
      45
      47
      45
      51
      42
      56
      45
      47
      53
      50
      48
      34
      50
      38
      46
      60
      47
      60
      49
      52
      46
      51
      50
      52
      41
      55
      45
      55
      50
      52
      56
      50
      51
      44
      54
      41
      40
      47
      39
      46
      48
      38
      36
      39
      59
      67
      46
      43
      46
      50
      51
      53
      57
      53
      36
      46
      35
      41
      58
      60
      39
      44
      49
      47
      48
      44
      51
      43
      47
      57
      49
      36
      46
      41
      63
      54
      42
      48
      54
      47
      52
      46
      47
      54
      47
      51
      55
      43
      56
      51
      46
      55
      43
      64
      38
      51
      45
      39
      55
      56
      45
      48
      41
      45
      41
      48
      44
      46
      38
      48
      51
      38
      41
      47
      43
      42
      40
      43
      56
      44
      43
      44
      45
      38
      48
      43
      48
      34
      48
      36
      47
      48
      44
      35
      37
      46
      28
      49
      54
      46
      45
      38
      47
      35
      52
      55
      34
      53
      44
      42
      48
      40
      56
      47
      45
      45
      37
      32
      56
      58
      46
      43
      42
      44
      37
      52
      34
      42
      46
      29
      51
      52
      49
      38
      46
      35
      42
      38
      54
      34
      40
      39
      37
      43
      32
      45
      39
      54
      50
      34
      48
      41
      48
      46
      38
      33
      31
      41
      42
      41
      31
      41
      27
      48
      34
      37
      42
      36
      38
      41
      37
      49
      33
      50
      38
      33
      43
      29
      45
      36
      34
      43
      26
      47
      32
      55
      51
      36
      41
      51
      40
      40
      40
      37
      35
      47
      43
      37
      31
      27
      41
      35
      40
      37
      39
      32
      38
      40
      50
      39
      40
      27
      38
      47
      39
      43
      34
      42
      42
      43
      49
      41
      49
      39
      34
      32
      47
      40
      40
      38
      57
      52
      37
      40
      38
      34
      35
      43
      47
      44
      40
      35
      42
      37
      40
      46
      34
      41
      33
      42
      40
      38
      35
      34
      37
      40
      48
      32
      37
      33
      38
      28
      45
      30
      40
      45
      38
      41
      38
      35
      46
      22
      50
      44
      30
      46
      34
      41
      28
      49
      36
      34
      36
      40
      34
      27
      36
      34
      43
      37
      38
      26
      40
      41
      38
      27
      43
      35
      44
      41
      40
      42
      45
      47
      25
      43
      27
      50
      43
      39
      37
      46
      38
      26
      33
      38
      39
      39
      37
      30
      33
      29
      54
      31
      41
      38
      45
      43
      39
      39
      45
      34
      25
      36
      28
      28
      37
      38
      35
      47
      32
      37
      38
      30
      39
      29
      30
      28
      31
      47
      35
      40
      44
      38
      39
      38
      35
      35
      43
      28
      28
      35
      39
      34
      30
      34
      41
      31
      34
      28
      43
      36
      22
      36
      46
      30
      41
      34
      38
      31
      39
      25
      33
      35
      39
      29
      46
      28
      39
      32
      42
      32
      32
      25
      29
      33
      39
      40
      33
      24
      33
      40
      47
      45
      32
      40
      35
      44
      32
      40
      35
      41
      29
      29
      32
      36
      31
      38
      40
      35
      38
      24
      41
      37
      37
      31
      25
      35
      24
      27
      39
      50
      43
      27
      36
      33
      31
      44
      23
      35
      39
      44
      32
      32
      39
      19
      37
      41
      28
      32
      39
      42
      41
      36
      31
      35
      31
      44
      36
      33
      32
      24
      31
      37
      29
      29
      24
      38
      34
      33
      29
      29
      33
      36
      35
      40
      34
      26
      33
      30
      25
      32
      34
      23
      32
      29
      24
      36
      22
      30
      37
      46
      37
      33
      30
      27
      40
      22
      29
      33
      29
      25
      36
      36
      28
      31
      28
      30
      29
      30
      24
      28
      25
      27
      34
      39
      31
      28
      23
      21
      29
      38
      27
      30
      26
      24
      34
      17
      25
      23
      39
      38
      33
      35
      35
      37
      36
      33
      28
      36
      34
      23
      42
      30
      27
      33
      30
      37
      27
      33
      32
      42
      32
      33
      23
      21
      33
      23
      23
      27
      40
      29
      29
      40
      38
      41
      38
      32
      34
      27
      28
      31
      32
      36
      28
      25
      18
      23
      28
      28
      27
      36
      38
      28
      31
      25
      24
      40
      35
      31
      28
      23
      30
      34
      24
      31
      27
      30
      32
      32
      30
      25
      31
      21
      33
      35
      24
      27
      31
      25
      29
      21
      19
      21
      21
      27
      24
      26
      31
      32
      24
      28
      32
      25
      26
      30
      35
      33
      24
      31
      44
      31
      26
      23
      22
      27
      25
      26
      31
      26
      25
      32
      35
      27
      33
      21
      23
      22
      20
      26
      20
      19
      29
      15
      31
      32
      22
      21
      30
      20
      25
      20
      22
      30
      22
      23
      30
      33
      21
      24
      27
      27
      19
      23
      25
      19
      22
      24
      21
      18
      21
      29
      20
      27
      29
      19
      38
      23
      32
      20
      31
      20
      25
      37
      22
      26
      18
      29
      30
      25
      37
      28
      17
      24
      27
      30
      30
      28
      30
      24
      19
      26
      30
      24
      25
      27
      20
      33
      25
      19
      19
      29
      25
      24
      31
      29
      20
      23
      18
      18
      22
      26
      19
      34
      26
      14
      18
      29
      25
      16
      25
      29
      23
      24
      29
      28
      21
      25
      25
      16
      24
      21
      34
      32
      25
      28
      24
      26
      26
      20
      20
      24
      22
      18
      20
      27
      22
      32
      32
      24
      22
      22
      36
      28
      31
      26
      23
      14
      26
      26
      26
      25
      28
      21
      18
      26
      25
      25
      21
      31
      27
      25
      19
      18
      26
      16
      26
      18
      23
      38
      20
      27
      20
      20
      23
      17
      24
      24
      22
      23
      35
      16
      24
      24
      27
      10
      27
      23
      25
      27
      14
      21
      25
      21
      22
      29
      19
      17
      31
      16
      22
      24
      25
      24
      21
      21
      32
      25
      20
      24
      21
      26
      25
      22
      23
      24
      28
      22
      17
      22
      24
      24
      25
      25
      28
      25
      20
      25
      22
      18
      29
      23
      25
      22
      25
      30
      24
      25
      31
      23
      23
      25
      34
      30
      38
      29
      32
      22
      36
      24
      33
      27
      20
      24
      15
      24
      33
      18
      12
      26
      27
      27
      22
      22
      24
      30
      21
      23
      16
      28
      23
      22
      17
      33
      24
      17
      19
      17
      21
      28
      40
      32
      20
      24
      30
      20
      29
      20
      25
      22
      14
      19
      24
      25
      27
      14
      15
      28
      21
      19
      26
      16
      19
      17
      30
      27
      23
      22
      20
      23
      32
      28
      17
      30
      20
      17
      26
      28
      20
      22
      19
      24
      25
      26
      22
      21
      23
      22
      21
      19
      19
      33
      31
      30
      29
      25
      29
      30
      34
      19
      28
      29
      23
      29
      21
      22
      28
      28
      22
      22
      33
      20
      20
      26
      16
      16
      29
      18
      22
      19
      29
      18
      30
      24
      18
      15
      24
      28
      22
      25
      28
      24
      16
      25
      24
      30
      21
      16
      22
      24
      24
      23
      22
      23
      22
      19
      27
      22
      25
      20
      25
      25
      27
      28
      39
      28
      25
      34
      25
      20
      24
      24
      27
      22
      25
      25
      23
      23
      14
      27
      13
      15
      14
      23
      15
      22
      27
      25
      24
      33
      25
      21
      17
      20
      24
      18
      22
      17
      20
      26
      26
      14
      24
      17
      21
      21
      18
      18
      22
      23
      22
      21
      19
      23
      29
      31
      20
      20
      24
      25
      34
      30
      26
      18
      23
      20
      29
      24
      23
      20
      26
      25
      15
      25
      32
      11
       9
      11
      14
      22
      13
      26
      30
      19
      24
      26
      27
      17
      19
      25
      22
      21
      15
      28
      11
      16
      18
      26
      25
      31
      23
      23
      15
      19
      20
      28
      21
      16
      18
      23
      14
      22
      22
      17
      19
      21
      21
      21
      20
      16
      26
      19
      28
      24
      23
      22
      13
      22
      23
      34
      15
      15
      18
      15
      25
      33
      19
      18
      24
      25
      20
      21
      25
      22
      18
      14
      16
      23
      27
      13
      22
      24
      24
      25
      18
      10
      26
      20
      19
      17
      18
      18
      18
      17
      25
      19
      24
      28
      16
      26
      17
      18
      16
      18
      20
      17
      13
      24
      14
      17
       9
      17
      25
      24
      20
      20
      19
      26
      22
      17
      24
      15
      21
      15
      21
      24
      22
      18
      25
      18
      25
      23
      23
      22
      16
      19
      20
      27
      18
      24
      16
      17
      30
      26
      22
      17
      15
      18
      15
      25
      26
      24
      23
      21
      20
      32
      29
      25
      29
      22
      19
      25
      24
      14
      34
      26
      26
      14
      17
      16
      14
      19
      16
      24
      19
      19
      25
      20
      15
      29
      17
      27
      28
      18
      12
      22
      18
      21
      23
      21
      27
      30
      23
      21
      25
      15
      16
      26
      29
      26
      21
      27
      14
      14
      20
      29
      19
      20
      24
      24
      22
      20
      28
      17
      23
      26
      21
      25
      35
      22
      29
      26
      27
      24
      31
      23
      39
      35
      36
      21
      25
      33
      26
      37
      40
      35
      31
      32
      30
      23
      42
      31
      23
      14
      26
      23
      19
      18
      15
      23
      13
      16
      18
      12
      13
      16
      13
       8
      12
       8
      11
      12
       8
       6
       7
      12
      16
      23
      12
      15
      15
      16
      13
      14
      12
      11
      11
      10
      13
       8
       9
       8
      15
      10
      16
      20
      12
       7
       7
      15
      15
       7
      12
      14
       6
      12
      13
      14
       9
      17
      12
      10
       8
      16
      12
      12
       6
      20
       9
      14
      11
       7
       5
       6
      14
       6
      12
      11
      16
       7
      10
       6
      14
      12
      12
      12
      17
      13
       8
      15
       5
      15
      13
      15
      13
      12
      11
      11
      12
      11
      18
      15
       8
       9
      15
      17
      12
       9
      13
       9
      12
       8
      12
      11
       9
       7
       9
      11
       6
       9
      11
       7
      12
       9
       6
      15
      11
      17
       8
       9
       7
      18
       7
       8
       7
      11
       7
      11
      11
      16
      22
       7
      10
      12
      14
       9
      11
       9
       8
      10
      10
      12
       9
      14
      13
       6
      10
      12
       9
      18
      13
       8
      13
      11
      14
      14
       8
      10
      12
      20
       6
      10
      15
      18
      11
      17
      13
      13
      13
      12
      10
      11
      14
       9
      11
      13
       9
      11
       9
      12
       6
      10
      15
      15
      11
      12
       7
      12
      18
      12
       6
      10
       8
       8
      10
      10
       9
       9
       9
      12
      11
      19
      14
       6
      15
      11
       8
      10
      14
       8
      10
      14
       9
      14
       8
      14
       8
       6
      12
      13
      10
       8
      13
      19
       7
       9
      10
       6
      15
       9
      12
      13
      10
       7
      10
      16
      15
       9
       8
      11
      13
       9
       8
       7
      14
      11
       8
      14
      13
       7
      12
       6
       9
      15
      11
      11
      10
       7
      11
      17
       5
      13
       7
      10
       8
      10
       6
      12
      10
       4
      14
       8
      11
       8
       8
       7
       9
      12
       7
      10
       8
       4
      12
      14
       7
      17
       9
       8
      19
      15
       7
       7
       8
      13
      15
      10
      13
       9
       9
      10
       8
      13
       9
      13
      13
      10
      13
      13
       8
       9
      10
      13
      10
       8
      11
      13
      11
       9
      12
       5
      12
      14
      16
      10
       8
      11
      11
      14
      13
       7
      16
      13
      11
      13
      13
      16
      11
       8
      15
      16
       9
      13
       7
      12
       9
       8
       8
       4
       9
       7
       6
       9
      11
       9
      12
      10
      15
      12
      11
       5
       9
      17
       6
      12
      11
      14
      18
       6
       9
      14
      13
      10
      14
      16
      12
      10
      14
       8
      11
       8
       8
      10
      13
       7
       9
      12
      15
      13
      14
      22
      19
      27
      16
      12
      11
       9
      11
       8
      13
      13
       9
       9
       7
      13
      11
       9
       9
       8
       5
       6
      10
       7
       7
      14
       4
      11
       4
      16
       9
       8
       9
       8
       3
      11
       5
       9
       9
      10
      10
       3
      13
      10
       8
      10
      11
      10
      11
       4
      10
      12
       4
       6
      14
      10
       7
       9
       8
       7
       8
       5
       6
       8
       7
       9
       7
       2
       9
       7
       5
       9
       7
      10
      11
      11
       6
       9
       9
      11
       3
       7
       7
       8
       7
       8
      10
       9
       6
       4
       5
       6
      10
       6
       9
       5
       5
       9
       8
       9
       5
      10
       8
       9
       5
       5
       6
       7
       4
       8
       5
       8
       5
       9
      10
       8
      10
       8
       8
       7
       7
       6
       6
       3
       7
      10
       6
       6
       8
       8
       8
       4
       7
       3
       8
       6
       8
       8
       5
       9
       8
       6
       7
       4
       3
      11
       8
      10
       4
       7
       9
      10
       9
       7
       9
       8
       4
       7
       8
       6
       7
       2
      11
       6
       6
       5
       6
      11
       8
       5
      12
       5
       9
       5
       1
       2
       5
       4
       9
       9
      12
       7
       7
       6
       4
      13
       5
       6
      11
      11
       9
       8
       7
      10
       5
       7
       8
      12
       7
       9
       5
       6
      16
       9
       8
      10
       7
      12
      14
      18
      31
      42
      74
     106
     151
     240
     264
     317
     330
     289
     244
     164
      96
      63
      50
      20
      11
       9
      12
       6
       5
       7
       8
       7
       9
       5
       6
       3
       9
      10
       9
      10
       4
       8
       5
       8
       4
       5
      13
       6
       2
       7
       7
       2
       5
       4
       8
       4
       6
       6
       7
       9
       2
      10
       7
       9
       8
       6
       6
       8
       6
       6
       5
       5
       5
       7
       9
       9
       6
       4
       5
       6
       1
       5
       5
       9
       4
       7
       6
       6
       3
       6
       5
       4
       3
       3
       7
       5
       7
       8
       3
       6
       2
      10
       5
       8
       5
       7
      13
       6
       6
       4
       5
       8
       5
       6
       6
       5
      10
       6
       7
       4
       5
       3
       8
       8
       2
       5
       7
       8
      10
       2
       8
       7
       5
       7
       5
       6
       6
       5
       1
       4
       9
       8
       7
       3
       4
       1
       2
       4
       5
       2
       5
       4
       9
       3
       3
       5
       5
       5
       7
       7
       6
       1
       5
       3
      12
       5
       9
       9
       3
       6
       5
       5
       2
       5
       5
      10
       4
       2
       2
       1
       6
       2
       1
       2
       5
       4
       8
       7
       9
       6
       5
       4
       5
       3
       3
       3
       5
       8
       5
       5
       7
       3
       4
       6
       8
      10
       0
       4
       5
       5
       4
       8
       9
       5
       5
       6
       4
       4
       5
       3
       7
       5
       5
       4
       1
       2
       8
       5
       4
       5
       6
       4
       1
       3
       7
       5
       8
       5
       3
       4
       4
       6
       8
       2
       4
       6
       8
       9
       5
       7
       3
       2
       2
       6
       3
       5
       2
       2
       6
       1
       6
       7
       4
       6
       8
       4
       6
       5
       4
       4
       5
       6
       6
       6
       8
       3
       7
       7
       6
       6
       5
       6
      11
      10
       6
       7
       5
       7
       0
       4
       8
       8
       5
       3
       8
       4
       6
       4
       5
       3
       7
       5
       4
       5
       4
       7
       5
       5
       7
       6
       7
       7
       2
       5
       6
       1
       3
       3
       6
       6
       3
       5
       2
       4
       3
       5
       7
       1
       2
       3
       6
       6
       6
       6
       1
       1
       3
       5
       6
       5
       7
       5
       6
       5
       3
       4
       7
       3
       3
       3
       6
       8
       6
       6
       3
       1
       4
       3
       7
       5
       3
      10
       3
       3
       0
       5
       5
       5
       2
       4
       8
       5
       3
       2
       5
       7
       5
       6
       6
       3
       6
       3
       4
       1
       5
       5
       2
       4
       3
       6
       5
       2
       1
       6
       3
       2
       2
       1
       0
       4
       2
       0
       2
       6
       5
       4
       3
       3
       0
       1
       2
       6
       5
       9
       3
       5
       5
       3
       5
       3
       5
       3
       3
       2
       6
       6
       9
      12
      10
       5
       8
       7
       8
       5
      10
       9
       3
       5
       8
       5
       8
       6
       3
       5
       7
       3
       3
       1
       3
       8
       3
       6
       4
       3
       0
       1
       7
       2
       6
       5
       4
       4
       5
       3
       1
       3
       2
       5
       5
       3
       9
       2
       6
       1
       5
       4
       6
       2
       4
       5
       2
       2
       0
       7
       4
       3
       7
       5
       0
       4
       4
       4
       2
       3
       1
       4
       2
       2
       1
       5
       2
       5
       4
       4
       6
       6
       6
       7
       4
       4
       8
       4
       4
       7
       3
       2
       9
       4
       5
       5
       4
       0
       4
       1
       4
       4
       4
       3
       4
       2
       5
       3
       1
       3
       1
       4
       3
       2
       0
       4
       4
       5
       6
       5
       0
       4
       7
       1
       4
       4
       5
       3
       5
       2
       2
       2
       3
       3
       2
       5
       3
       3
       4
       6
       3
       5
       3
       2
       0
       7
       0
       2
       4
       5
       7
       3
       4
       3
       0
       2
       2
       5
       2
       7
       4
       1
       4
       3
       2
       1
       1
       2
       4
       2
       5
       2
       3
       2
       2
       7
       7
       0
       4
      11
       3
       0
       2
       3
       6
       3
       1
       3
       1
       1
       3
       0
       3
       2
       3
       2
       5
       3
       4
       3
       7
       5
       3
       7
       0
       5
       3
       5
       1
       2
       3
       6
       1
       3
       6
       2
       4
       4
       2
       1
       5
       5
       6
       8
       3
       5
       6
       3
       6
       9
       8
      11
      17
      18
      38
      62
      83
     125
     188
     228
     258
     280
     256
     218
     185
     130
      90
      38
      21
       8
       4
       6
       9
       6
       7
       4
       3
       3
       1
       3
       6
       2
       2
       4
       4
       3
       6
       7
       3
       1
       1
       4
       3
       7
       0
       6
       6
       3
       0
       6
       5
       3
       3
       2
       2
       3
       3
       3
       7
       4
       2
       2
       5
       4
       1
       4
       2
       2
       1
       3
       3
       2
       5
       3
       4
       3
       2
       0
       4
       1
       4
       5
       1
       2
       4
       2
       4
       3
       4
       3
       1
       0
       1
       2
       1
       3
       1
       1
       6
       2
       3
       4
       1
       1
       3
       1
       1
       4
       2
       3
       1
       0
       3
       1
       2
       3
       3
       1
       6
       2
       6
       3
       1
       3
       2
       0
       4
       3
       0
       2
       2
       3
       4
       6
       4
       2
       0
       5
       2
       0
       0
       5
       2
       4
       4
       3
       4
       3
       3
       2
       6
       0
       2
       6
       1
       3
       2
       3
       1
       3
       1
       3
       4
       5
       2
       2
       0
       4
       4
       2
       1
       4
       5
       5
       3
       2
       3
       1
       0
       3
       2
       2
       3
       5
       2
       4
       1
       3
       4
       2
       3
       3
       3
      12
       6
       3
       6
       7
       8
       3
       9
       1
       2
       1
       1
       7
       3
       5
       2
       4
       1
       2
       2
       3
       2
       1
       3
       6
       3
       2
       6
       2
       1
       4
       6
       2
       3
       3
       1
       2
       4
       6
       2
       2
       5
       3
       2
       1
       2
       2
       3
       0
       0
       5
       2
       3
       6
       5
       2
       1
       2
       0
       1
       2
       2
       2
       3
       3
       5
       3
       0
       1
       1
       2
       3
       5
       1
       0
       1
       3
       5
       1
       1
       5
       6
       4
       2
       3
       4
       2
       0
       2
       5
       4
       3
       2
       4
       3
       2
       1
       2
       5
       7
       3
       2
       5
       2
       4
       2
       2
       5
       2
       3
       2
       2
       1
       3
       0
       4
       2
       2
       2
       2
       3
       2
       2
       5
       2
       3
       2
       2
       6
       0
       3
       8
       1
       1
       4
       1
       2
       3
       3
       1
       3
       3
       0
       7
       3
       3
       2
       0
       1
       5
       2
       1
       2
       4
       1
       0
       0
       2
       3
       4
       1
       6
       2
       2
       2
       2
       3
       0
       3
       3
       2
       1
       2
       4
       3
       1
       2
       1
       3
       2
       4
       2
       2
       0
       1
       1
       1
       0
       2
       1
       2
       1
       4
       0
       3
       3
       5
       4
       2
       5
       0
       3
       4
       2
       4
       5
       0
       3
       2
       4
       3
       2
       1
       7
       2
       3
       3
       1
       1
       1
       3
       0
       3
       5
       1
       2
       2
       6
       1
       0
       1
       0
       2
       3
       3
       3
       2
       3
       3
       5
       4
       1
       2
       2
       1
       3
       1
       2
       3
       5
       1
       6
       2
       2
       3
       0
       3
       1
       0
       1
       0
       2
       0
       1
       1
       2
       2
       2
       2
       2
       2
       2
       1
       3
       6
       1
       0
       1
       1
       0
       1
       1
       2
       5
       1
       2
       0
       4
       3
       5
       3
       3
       1
       0
       3
       2
       2
       1
       1
       3
       0
       3
       0
       2
       3
       0
       2
       2
       1
       2
       1
       1
       0
       2
       1
       2
       5
       2
       0
       2
       3
       7
       0
       2
       5
       3
       4
       1
       2
       1
       4
       3
       2
       3
       9
       9
      10
      16
      16
      27
      38
      27
      40
      22
      23
       9
      14
      10
       3
       3
       2
       1
       4
       2
       4
       3
       1
       5
       3
       0
       2
       5
       1
       5
       4
       1
       1
       0
       1
       1
       3
       1
       4
       0
       4
       1
       2
       1
       5
       3
       3
       0
       3
       2
       1
       1
       1
       0
       3
       2
       0
       1
       2
       3
       2
       1
       1
       1
       0
       1
       3
       1
       5
       2
       3
       2
       3
       1
       6
       3
       3
       1
       2
       4
       1
       2
       2
       1
       1
       2
       2
       2
       1
       1
       1
       2
       3
       4
       0
       3
       2
       1
       2
       2
       2
       0
       4
       3
       2
       0
       2
       1
       3
       2
       1
       0
       1
       3
       0
       3
       5
       4
       4
       2
       1
       1
       2
       2
       0
       1
       5
       4
       0
       1
       1
       0
       3
       5
       2
       1
       5
       1
       2
       2
       1
       3
       2
       4
       0
       3
       4
       4
       1
       2
       1
       1
       4
       1
       3
       1
       1
       0
       3
       0
       0
       3
       0
       3
       0
       1
       0
       4
       1
       2
       1
       0
       3
       4
       1
       1
       3
       2
       1
       5
       1
       3
       4
       0
       1
       4
       2
       0
       2
       1
       0
       0
       5
       1
       1
       0
       4
       3
       1
       3
       3
       6
       2
       3
       5
       1
       4
       4
       2
       2
       1
       4
       3
       1
       3
       0
       0
       0
       4
       2
       2
       2
       0
       3
       2
       1
       3
       0
       2
       2
       1
       2
       1
       2
       0
       1
       2
       5
       4
       0
       1
       0
       1
       0
       2
       1
       0
       2
       3
       1
       3
       4
       1
       0
       0
       2
       5
       2
       2
       1
       0
       1
       2
       1
       2
       1
       2
       2
       2
       0
       2
       4
       5
       1
       3
       3
       3
       1
       2
       0
       2
       2
       0
       4
       1
       0
       3
       1
       4
       0
       1
       2
       0
       3
       0
       1
       1
       1
       0
       0
       2
       0
       2
       0
       1
       0
       1
       1
       2
       1
       1
       1
       0
       1
       0
       4
       0
       0
       0
       1
       1
       1
       4
       2
       2
       2
       1
       3
       1
       1
       2
       1
       2
       1
       1
       2
       1
       1
       2
       0
       1
       1
       0
       0
       2
       1
       2
       1
       4
       3
       1
       3
       0
       1
       2
       1
       1
       2
       1
       2
       1
       3
       0
       0
       0
       2
       2
       0
       1
       1
       2
       1
       0
       2
       3
       1
       0
       1
       1
       2
       4
       1
       0
       1
       0
       2
       1
       1
       0
       0
       0
       2
       2
       1
       0
       2
       1
       2
       4
       2
       1
       2
       0
       1
       4
       0
       1
       2
       2
       4
       1
       1
       1
       0
       5
       0
       0
       0
       1
       6
       3
       1
       1
       0
       2
       2
       0
       1
       1
       3
       0
       0
       0
       0
       1
       3
       3
       2
       1
       0
       1
       2
       2
       1
       5
       3
       0
       0
       0
       1
       2
       0
       0
       0
       1
       4
       4
       1
       2
       1
       1
       0
       2
       0
       1
       2
       1
       0
       1
       1
       1
       1
       0
       1
       2
       0
       1
       0
       2
       3
       1
       3
       4
       1
       0
       3
       0
       2
       1
       1
       0
       0
       2
       4
       1
       0
       0
       3
       3
       1
       0
       3
       1
       2
       4
       2
       4
       1
       2
       0
       2
       2
       2
       2
       3
       0
       0
       0
       1
       0
       1
       2
       2
       2
       1
       1
       1
       2
       2
       1
       2
       0
       1
       1
       3
       0
       0
       0
       4
       1
       0
       2
       0
       1
       0
       2
       1
       0
       2
       2
       0
       0
       0
       2
       1
       1
       1
       3
       1
       2
       1
       1
       1
       2
       0
       1
       1
       2
       1
       0
       2
       1
       2
       1
       1
       4
       0
       1
       1
       1
       0
       2
       0
       1
       0
       0
       1
       2
       0
       2
       1
       3
       1
       2
       2
       1
       3
       0
       1
       1
       0
       2
       1
       3
       0
       2
       0
       2
       2
       1
       1
       1
       0
       0
       0
       0
       1
       3
       1
       2
       2
       0
       3
       1
       1
       2
       3
       2
       2
       4
       1
       2
       1
       0
       0
       2
       0
       2
       4
       2
       2
       2
       0
       1
       2
       2
       0
       1
       1
       1
       3
       1
       0
       3
       0
       2
       1
       3
       1
       1
       1
       1
       1
       0
       2
       2
       0
       1
       0
       1
       1
       0
       2
       1
       2
       1
       0
       2
       4
       0
       0
       2
       2
       0
       1
       0
       1
       3
       2
       2
       1
       1
       0
       1
       2
       3
       0
       2
       2
       2
       3
       0
       0
       0
       2
       2
       1
       2
       2
       0
       0
       1
       0
       1
       0
       2
       1
       2
       0
       2
       0
       2
       0
       1
       0
       1
       1
       3
       1
       4
       1
       1
       1
       0
       0
       0
       0
       0
       1
       1
       1
       0
       2
       0
       0
       0
       0
       0
       1
       0
       0
       0
       1
       0
       0
       0
       0
       1
       0
       2
       0
       0
       1
       1
       0
       2
       1
       2
       1
       2
       1
       0
       1
       0
       1
       0
       4
       1
       2
       1
       0
       0
       1
       0
       2
       0
       1
       0
       2
       0
       2
       2
       0
       1
       1
       1
       1
       1
       0
       0
       2
       1
       2
       1
       0
       0
       2
       2
       2
       0
       0
       1
       3
       0
       0
       2
       1
       2
       2
       4
       0
       1
       3
       1
       2
       0
       1
       1
       2
       1
       3
       0
       1
       1
       1
       0
       0
       0
       0
       0
       1
       1
       2
       1
       0
       2
       0
       0
       0
       1
       1
       1
       2
       3
       2
       1
       1
       1
       4
       1
       7
       2
       2
       1
       1
       3
       0
       0
       0
       1
       2
       0
       0
       1
       1
       0
       0
       1
       1
       2
       1
       2
       1
       2
       2
       3
       0
       2
       1
       0
       0
       1
       0
       1
       1
       3
       1
       0
       2
       0
       0
       1
       2
       2
       0
       3
       2
       2
       1
       1
       1
       0
       1
       5
       2
       1
       2
       2
       1
       2
       1
       1
       0
       0
       0
       1
       0
       0
       0
       0
       1
       2
       2
       1
       1
       1
       2
       0
       1
       0
       3
       1
       1
       1
       0
       0
       3
       2
       0
       1
       0
       0
       0
       2
       0
       1
       0
       2
       3
       3
       2
       1
       3
       1
       0
       2
       0
       1
       0
       1
       2
       0
       0
       3
       2
       1
       2
       0
       0
       1
       0
       0
       1
       0
       0
       0
       1
       1
       0
       0
       0
       0
       1
       3
       1
       0
       3
       0
       1
       1
       2
       0
       2
       0
       2
       0
       2
       0
       2
       2
       2
       1
       2
       0
       1
       0
       2
       0
       0
       0
       0
       1
       0
       1
       0
       0
       0
       0
       0
       1
       0
       0
       0
       1
       0
       2
       1
       0
       0
       0
       1
       0
       2
       1
       0
       1
       0
       4
       3
       0
       1
       1
       2
       0
       1
       2
       0
       1
       0
       0
       3
       1
       0
       1
       0
       0
       0
       0
       1
       1
       1
       1
       0
       0
       0
       1
       0
       1
       0
       0
       2
       0
       1
       1
       0
       1
       1
       0
       2
       1
       1
       0
       2
       0
       3
       0
       0
       1
       1
       0
       2
       0
       5
       3
       2
       1
       2
       2
       2
       1
       1
       0
       0
       3
       0
       2
       2
       2
       3
       1
       2
       0
       0
       1
       0
       0
       4
       0
       0
       3
       1
       2
       0
       0
       0
       0
       2
       0
       0
       1
       0
       0
       0
       0
       1
       1
       0
       0
       1
       0
       2
       0
       0
       0
       0
       1
       0
       1
       0
       0
       0
       0
       2
       0
       0
       0
       0
       0
       1
       1
       1
       1
       0
       1
       0
       0
       0
       1
       1
       0
       0
       0
       0
       0
       1
       1
       0
       0
       1
       1
       2
       0
       0
       0
       4
       2
       0
       1
       2
       0
       0
       0
       1
       2
       1
       2
       2
       1
       0
       1
       0
       0
       2
       1
       0
       1
       0
       3
       1
       0
       1
       2
       1
       0
       1
       1
       0
       4
       1
       0
       0
       1
       2
       2
       1
       1
       0
       1
       0
       5
       5
       9
       6
       4
       6
      13
       8
      11
      11
       8
       6
       2
       2
       3
       0
       2
       3
       0
       0
       1
       0
       0
       1
       3
       1
       1
       2
       1
       0
       2
       1
       1
       1
       3
       1
       2
       1
       2
       1
       1
       0
       0
       0
       1
       0
       1
       0
       0
       0
       1
       1
       0
       0
       0
       0
       0
       1
       2
       0
       0
       2
       2
       0
       0
       0
       1
       2
       3
       0
       1
       1
       1
       1
       1
       2
       1
       1
       1
       0
       0
       0
       2
       0
       1
       1
       2
       1
       0
       3
       1
       3
       1
       1
       1
       1
       1
       1
       1
       2
       1
       1
       1
       1
       2
       1
       0
       0
       0
       1
       1
       0
       0
       0
       0
       1
       1
       0
       0
       0
       0
       2
       1
       1
       2
       1
       1
       0
       2
       1
       1
       1
       1
       0
       0
       0
       2
       1
       1
       2
       1
       0
       2
       2
       0
       0
       1
       1
       0
       1
       2
       0
       0
       1
       0
       0
       1
       1
       2
       0
       1
       0
       0
       0
       1
       2
       1
       2
       1
       0
       3
       0
       2
       1
       1
       0
       1
       0
       1
       0
       2
       0
       2
       1
       0
       0
       1
       2
       0
       0
       1
       0
       1
       1
       0
       2
       1
       2
       1
       0
       2
       0
       0
       1
       0
       0
       0
       1
       0
       0
       3
       1
       1
       0
       1
       1
       2
       1
       1
       0
       2
       1
       2
       0
       1
       1
       3
       0
       0
       2
       0
       2
       1
       1
       0
       0
       3
       0
       0
       0
       0
       1
       0
       0
       0
       2
       0
       1
       1
       0
       0
       0
       1
       0
       0
       0
       1
       1
       0
       0
       0
       0
       0
       1
       2
       1
       1
       2
       0
       0
       1
       1
       2
       0
       0
       1
       1
       0
       3
       0
       2
       1
       0
       0
       1
       2
       2
       1
       2
       1
       4
       0
       1
       0
       0
       1
       0
       1
       2
       0
       0
       0
       0
       0
       0
       0
       1
       1
       0
       2
       0
       0
       0
       0
       0
       0
       0
       1
       0
       4
       1
       0
       0
       1
       1
       3
       1
       1
       0
       2
       1
       0
       1
       1
       0
       0
       3
       2
       0
       1
       0
       0
       1
       0
       3
       0
       2
       0
       0
       0
       0
       1
       1
       0
       0
       1
       0
       0
       0
       0
       1
       2
       0
       0
       0
       1
       1
       0
       1
       1
       0
       0
       1
       0
       0
       0
       2
       1
       0
       0
       0
       0
       0
       1
       2
       1
       0
       1
       1
       0
       1
       0
       0
       1
       0
       1
       0
       1
       1
       0
       2
       1
       0
       0
       1
       1
       0
       1
       2
       0
       2
       2
       1
       0
       0
       1
       0
       1
       0
       0
       0
       1
       0
       1
       0
       0
       0
       0
       0
       1
       1
       2
       0
       0
       2
       0
       1
       1
       0
       0
       0
       1
       0
       1
       0
       2
       1
       1
       0
       1
       0
       1
       1
       0
       1
       0
       1
       3
       0
       0
       0
       0
       0
       0
       2
       0
       0
       1
       1
       2
       1
       0
       1
       0
       0
       2
       1
       1
       4
       1
       2
       1
       2
       0
       1
       2
       1
       0
       1
       1
       1
       0
       0
       3
       0
       1
       0
       2
       1
       2
       0
       1
       0
       1
       1
       0
       0
       1
       0
       0
       1
       2
       0
       1
       0
       0
       0
       1
       0
       0
       1
       0
       0
       1
       1
       0
       0
       1
       0
       0
       0
       1
       2
       1
       1
       1
       2
       0
       1
       1
       0
       1
       0
       0
       0
       1
       1
       0
       1
       2
       1
       1
       0
       0
       1
       2
       0
       1
       0
       2
       1
       1
       1
       1
       1
       1
       0
       1
       1
       3
       1
       0
       0
       0
       0
       1
       1
       0
       1
       1
       1
       2
       1
       0
       1
       0
       2
       1
       2
       0
       1
       1
       0
       0
       1
       0
       1
       0
       3
       1
       3
       0
       1
       0
       0
       0
       1
       0
       1
       2
       0
       0
       1
       0
       1
       0
       0
       0
       1
       1
       0
       1
       0
       0
       0
       0
       0
       0
       2
       0
       0
       0
       1
       1
       0
       1
       1
       1
       1
       1
       0
       0
       1
       1
       1
       2
       1
       1
       0
       0
       3
       0
       0
       0
       0
       4
       3
       2
       1
       1
       1
       0
       0
       2
       2
       0
       0
       1
       1
       0
       1
       0
       1
       0
       0
       0
       4
       0
       0
       1
       0
       0
       0
       0
       1
       0
       0
       1
       0
       1
       0
       1
       0
       0
       1
       1
       0
       0
       0
       0
       1
       2
       0
       1
       1
       1
       0
       1
       2
       0
       0
       0
       0
       1
       0
       0
       1
       0
       0
       1
       1
       2
       1
       1
       0
       2
       2
       0
       0
       0
       0
       1
       1
       0
       1
       2
       0
       2
       1
       3
       3
       0
       3
       0
       0
       0
       0
       0
       0
       0
       0
       1
       0
       0
       0
       0
       0
       1
       0
       0
       2
       1
       0
       0
       0
       1
       1
       0
       0
       0
       0
       1
       0
       1
       1
       0
       0
       1
       0
       2
       0
       0
       1
       0
       0
       0
       0
       0
       1
       0
       1
       0
       1
       0
       0
       0
       0
       1
       1
       0
       1
       2
       0
       3
       0
       0
       1
       3
       1
       0
       0
       2
       0
       1
       0
       1
       1
       0
       1
       0
       0
       0
       0
       0
       0
       2
       0
       0
       1
       1
       0
       0
       1
       0
       3
       0
       1
       0
       0
       1
       0
       0
       0
       0
       1
       1
       0
       1
       0
       1
       0
       1
       1
       0
       1
       1
       0
       0
       0
       2
       1
       0
       1
       0
       1
       2
       1
       2
       3
       2
       0
       0
       0
       0
       1
       0
       0
       1
       0
       0
       0
       0
       0
       0
       0
       0
       0
       0
       0
       0
       0
       0
       0
       0
       0
       0
       0
       0
       0
       0
       0
       0
       0
       0
       0
       0
       0
       0
       0
       0
       0
       0
       0
       0
       0
       0
       0
       0
       0
       0
       0
       0
       0
       0
       0
       0
       0
       0
       0
       0
       0
       0
       0
       0
       0
       0
       0
       0
       0
       0
       0
       0
       0
       0
       0
       0
       0
       0
       0
       0
       0
       0
       0
       0
       0
       0
       0
       0
       0
       0
       0
       0
       0
       0
       0
       0
       0
       0
       0
       0
       0
       0
       0
       0
       0
       0
       0
       0
       0
       0
       0
       0
       0
       0
       0
       0
       0
       0
       0
       0
       0
       0
       0
       0
       0
       0
       0
       0
       0
       0
       0
       0
       0
       0
       0
       0
$ROI:
2
1936 2287
5338 5513
$PRESETS:
Integral
500000
0
$ENER_FIT:
0.000000 0.245432
$MCA_CAL:
3
0.000000E+000 2.454316E-001 0.000000E+000 keV
$SHAPE_CAL:
3
7.465718E+000 0.000000E+000 0.000000E+000
