$SPEC_ID:
No sample description was entered.
$SPEC_REM:
DET# 1
DETDESC# BUNCHER Easy-MCA-8k SN 9051292
AP# Maestro Version 6.08
$DATE_MEA:
07/26/2019 11:47:32
$MEAS_TIM:
429 518
$DATA:
0 8191
       0
       0
       0
       0
       0
       0
       0
       0
       0
       0
       0
       0
       0
       0
       0
       0
       0
       0
       0
       1
       8
      44
     338
    1234
    2346
    3566
    4480
   12521
    5474
     336
     184
     143
     355
    1130
    1834
    2041
    1977
    1843
    1603
    1569
    1526
    1412
    1442
    1452
    1517
    1501
    1499
    1398
    1447
    1452
    1426
    1393
    1416
    1441
    1397
    1324
    1356
    1400
    1366
    1255
    1302
    1319
    1272
    1319
    1247
    1190
    1247
    1194
    1197
    1133
    1238
    1230
    1211
    1109
    1159
    1203
    1163
    1176
    1178
    1155
    1164
    1133
    1080
    1132
    1056
    1150
    1131
    1014
    1095
    1142
    1047
    1120
    1048
    1170
    1109
    1037
    1039
    1063
    1087
    1028
    1088
    1016
    1048
    1017
    1020
    1083
    1020
    1003
    1004
    1034
     976
     979
    1038
    1066
     973
    1023
     956
     996
     987
     934
     953
     996
     965
     913
     954
     937
     970
     927
     925
     966
     956
     935
     967
     925
     962
     874
     963
     936
     996
     941
     939
     938
     940
     974
     910
     927
     942
     892
     892
     943
     895
    1011
     865
     894
     882
     929
     951
     909
     893
     875
     902
     889
     895
     869
     892
     895
     896
     858
     852
     874
     908
     916
     854
     890
     895
     920
     934
     874
     887
     880
     858
     845
     893
     841
     896
     878
     881
     844
     827
     828
     836
     846
     932
     862
     890
     853
     858
     866
     833
     902
     916
     863
     881
     881
     893
     856
     893
     857
     874
     921
     909
     854
     869
     885
     866
     841
     888
     848
     905
     885
     905
     841
     887
     917
     821
     873
     868
     895
     882
     904
     939
     878
     871
     841
     882
     879
     858
     862
     905
     914
     854
     907
     907
     928
     911
     856
     863
     906
     905
     938
     894
     916
     951
     948
     894
     911
     966
     962
     923
     863
     938
     918
     855
     936
     901
     983
     893
     961
     940
     979
     941
     926
     930
     896
     917
     944
     988
     909
     918
     966
     939
     999
     945
     974
     974
     903
     953
     952
    1033
     982
    1028
     974
    1106
    1157
    1038
     984
    1030
    1042
    1037
    1045
    1125
    1238
    1320
    1349
    1147
    1049
    1022
     963
     926
    1023
     978
     997
    1026
    1024
    1012
    1044
    1026
    1043
    1060
    1093
    1065
    1008
    1016
    1012
    1046
    1034
    1099
    1003
    1034
    1003
    1054
    1021
    1031
    1056
    1013
    1029
    1029
    1088
    1076
    1093
    1153
    1226
    1292
    1307
    1291
    1166
    1101
    1072
    1098
    1116
    1097
    1143
    1161
    1143
    1069
    1110
    1087
    1094
    1090
    1115
    1134
    1126
    1098
    1055
    1082
    1111
    1091
    1106
    1119
    1075
    1112
    1075
    1040
    1188
    1052
    1116
    1073
    1101
    1134
    1115
    1122
    1159
    1158
    1097
    1098
    1129
    1156
    1141
    1164
    1154
    1128
    1139
    1124
    1137
    1143
    1240
    1142
    1153
    1151
    1127
    1166
    1238
    1197
    1181
    1205
    1160
    1189
    1179
    1181
    1170
    1221
    1208
    1126
    1233
    1264
    1242
    1208
    1140
    1204
    1163
    1234
    1187
    1153
    1240
    1175
    1207
    1206
    1213
    1252
    1196
    1221
    1236
    1209
    1212
    1243
    1265
    1200
    1216
    1127
    1238
    1244
    1209
    1296
    1204
    1231
    1235
    1252
    1263
    1266
    1215
    1202
    1213
    1235
    1312
    1268
    1227
    1232
    1264
    1304
    1203
    1232
    1257
    1276
    1247
    1252
    1270
    1227
    1223
    1269
    1279
    1231
    1250
    1226
    1261
    1272
    1247
    1259
    1314
    1264
    1255
    1193
    1259
    1215
    1250
    1304
    1317
    1266
    1252
    1260
    1284
    1199
    1200
    1247
    1254
    1198
    1278
    1242
    1294
    1252
    1242
    1223
    1258
    1279
    1203
    1184
    1208
    1277
    1205
    1236
    1232
    1214
    1207
    1260
    1244
    1212
    1230
    1226
    1209
    1234
    1228
    1206
    1227
    1265
    1257
    1259
    1252
    1280
    1189
    1175
    1291
    1232
    1244
    1232
    1178
    1226
    1192
    1235
    1212
    1203
    1240
    1187
    1210
    1263
    1258
    1209
    1151
    1232
    1238
    1226
    1229
    1246
    1246
    1185
    1213
    1249
    1166
    1228
    1196
    1169
    1207
    1209
    1176
    1243
    1220
    1216
    1204
    1232
    1215
    1213
    1227
    1216
    1228
    1210
    1174
    1217
    1202
    1186
    1261
    1242
    1180
    1232
    1190
    1175
    1195
    1208
    1228
    1103
    1160
    1170
    1245
    1213
    1203
    1168
    1164
    1156
    1179
    1148
    1168
    1251
    1202
    1191
    1199
    1203
    1160
    1169
    1148
    1177
    1171
    1188
    1187
    1190
    1168
    1211
    1143
    1136
    1165
    1137
    1138
    1194
    1171
    1199
    1176
    1155
    1189
    1118
    1171
    1172
    1214
    1143
    1159
    1179
    1205
    1183
    1150
    1155
    1205
    1197
    1172
    1147
    1165
    1104
    1171
    1187
    1191
    1210
    1208
    1201
    1223
    1144
    1172
    1188
    1199
    1234
    1141
    1172
    1227
    1119
    1193
    1168
    1202
    1153
    1134
    1156
    1145
    1105
    1113
    1158
    1261
    1162
    1170
    1104
    1147
    1128
    1176
    1181
    1143
    1163
    1190
    1177
    1172
    1198
    1248
    1150
    1208
    1210
    1154
    1165
    1190
    1186
    1226
    1237
    1206
    1254
    1184
    1246
    1194
    1167
    1245
    1351
    1250
    1277
    1167
    1335
    1228
    1265
    1275
    1291
    1268
    1228
    1299
    1248
    1200
    1214
    1206
    1161
    1172
    1123
    1212
    1196
    1154
    1254
    1190
    1215
    1217
    1223
    1168
    1177
    1240
    1229
    1172
    1175
    1154
    1091
    1160
    1176
    1125
    1213
    1154
    1185
    1165
    1166
    1132
    1080
    1111
    1154
    1164
    1204
    1125
    1142
    1099
    1122
    1068
    1132
    1090
    1163
    1149
    1093
    1075
    1104
    1096
    1129
    1087
    1055
    1035
    1131
    1083
    1023
    1098
    1081
    1113
    1097
    1096
     993
    1000
    1004
    1079
    1080
    1028
    1044
    1032
    1047
    1091
    1033
    1022
     973
    1024
    1124
    1016
    1030
    1054
    1011
    1042
     998
    1035
    1021
    1014
    1004
    1045
     970
    1025
     995
     978
    1027
    1022
     997
    1068
    1032
     935
     972
    1056
     999
     949
    1001
    1010
    1040
     996
     986
     959
     983
     986
     953
     979
    1014
     976
     961
     996
    1007
    1005
     971
     926
    1045
     972
     954
     962
     957
    1006
     946
     950
     987
     965
     958
     964
     939
     975
     992
     929
     983
     945
     969
     929
    1028
     936
     940
     927
     944
     949
     930
     909
     913
     945
     921
     962
     967
     935
     919
     893
     895
     872
     896
     959
     969
     938
     978
     951
     914
     922
     958
     958
     894
     898
     970
     969
     926
     875
     952
     849
     928
     943
     893
     907
     922
     907
     926
     890
     889
     940
     922
     906
     887
     909
     887
     901
     901
     916
     945
     899
     920
     907
     887
     921
     873
     903
     918
     902
     893
     917
     942
     946
     901
     881
     930
     904
     938
     829
     888
     898
     888
     819
     916
     902
     911
     889
     900
     902
     926
     866
     911
     930
     885
     919
     841
     862
     933
     914
     873
     878
     951
     935
     876
     863
     918
     872
     879
     877
     914
     888
     842
     863
     882
     914
     842
     920
     911
     936
     895
     903
     888
     898
     952
     953
     891
     908
     876
     894
     932
     906
     887
     860
     842
     890
     912
     918
     901
     941
     883
     937
     921
     893
     842
     907
     929
     955
     878
     911
     885
     927
     923
     875
     848
     866
     919
     928
     874
     875
     868
     869
     893
     912
     905
     817
     895
     872
     880
     854
     867
     867
     922
     842
     924
     907
     909
     897
     862
     874
     853
     929
     893
     906
     900
     932
     927
     901
     834
     933
     891
     864
     846
     857
     869
     911
     915
     921
     915
     855
     897
     857
     917
     871
     915
     951
     856
     884
     880
     841
     899
     879
     866
     881
     869
     838
     873
     848
     881
     849
     919
     925
     886
     886
     900
     907
     963
     925
     906
     894
     838
     901
     918
     882
     903
     960
     895
     893
     926
     937
     886
     851
     915
     980
     909
     928
     898
     919
     876
     878
     898
     896
     887
     873
     924
     887
     866
     861
     968
     870
     893
     935
     905
     944
     894
     889
     982
     957
     869
     894
     940
     875
     981
     955
     907
     906
     938
     932
     943
     956
     942
     965
     923
     902
     933
     925
     903
     908
     898
     927
     923
     981
     969
     930
     890
     983
     887
     907
     937
     895
     933
     893
     931
     957
     954
     885
     923
     914
     897
     893
     923
     892
     965
     951
     953
     924
     941
     938
     929
     964
     916
     927
     943
     929
     949
     933
     932
     968
     890
     946
     896
     898
     906
     934
     931
     939
     909
     955
    1001
     932
     990
     911
     939
     988
     950
     964
     958
     913
     881
     975
     947
    1015
     971
     881
     943
     975
     922
     997
     951
     909
     949
     951
    1010
     936
     914
     989
     943
     959
     970
     985
    1010
     959
     956
     970
     975
     960
     975
     985
     888
     977
     942
     936
     965
     938
    1012
     984
     996
     963
    1028
     996
     981
    1015
    1015
     986
     965
    1009
     953
    1019
     983
     954
    1001
    1033
     905
     967
     977
     984
     951
     986
     928
    1015
     943
    1036
     954
    1012
    1015
     978
     956
     971
     975
    1031
     955
    1004
     947
    1059
    1086
     970
    1023
    1044
    1042
    1043
    1040
     994
    1011
    1036
    1044
     972
    1035
    1012
    1083
     953
     978
    1066
     990
    1019
    1011
    1024
     986
    1008
    1049
    1012
    1029
    1060
    1002
    1020
    1017
    1019
    1020
    1016
     983
    1031
    1057
    1038
    1042
    1040
     989
    1054
     984
    1026
    1009
    1029
    1035
     996
    1072
    1043
    1050
    1027
    1059
    1056
    1116
    1098
    1004
    1064
    1027
    1013
    1069
    1081
    1049
    1009
    1076
    1015
    1046
    1156
    1053
    1044
    1101
    1059
    1049
    1055
    1042
    1076
    1032
    1142
    1057
    1089
    1110
    1046
    1043
    1082
    1085
    1082
    1017
    1083
    1077
    1075
    1049
    1037
    1042
    1072
    1032
    1039
    1043
    1039
    1038
    1040
    1000
    1000
    1066
    1075
    1062
    1023
    1001
    1065
    1080
     968
     986
     958
     987
     964
     915
     999
     949
     888
     901
     853
     961
     886
     896
     868
     819
     827
     886
     759
     863
     822
     810
     786
     788
     793
     730
     811
     762
     757
     774
     769
     741
     777
     763
     798
     700
     714
     751
     721
     667
     711
     753
     753
     736
     755
     681
     707
     745
     741
     737
     749
     688
     656
     730
     696
     717
     730
     747
     671
     721
     684
     684
     650
     690
     706
     683
     648
     687
     684
     626
     667
     664
     704
     621
     682
     679
     701
     658
     629
     635
     642
     650
     652
     669
     615
     625
     675
     661
     611
     617
     673
     604
     615
     619
     615
     597
     684
     612
     586
     556
     591
     608
     594
     637
     616
     633
     576
     610
     589
     641
     572
     578
     624
     578
     643
     600
     557
     632
     564
     570
     614
     611
     594
     600
     603
     557
     644
     594
     604
     559
     591
     564
     540
     550
     540
     584
     560
     559
     576
     521
     537
     568
     559
     559
     562
     553
     604
     551
     557
     543
     569
     516
     549
     552
     547
     518
     553
     563
     533
     537
     524
     581
     544
     567
     519
     487
     558
     523
     517
     517
     527
     535
     570
     564
     504
     539
     517
     524
     545
     555
     497
     534
     557
     532
     535
     552
     520
     502
     511
     535
     527
     529
     511
     491
     481
     522
     551
     496
     489
     518
     519
     481
     522
     492
     484
     489
     487
     482
     475
     447
     524
     484
     472
     487
     498
     494
     483
     478
     477
     501
     475
     489
     464
     465
     478
     478
     509
     478
     433
     490
     480
     453
     467
     471
     452
     448
     464
     452
     477
     462
     480
     437
     467
     456
     478
     462
     396
     494
     448
     484
     453
     444
     479
     445
     462
     451
     449
     449
     488
     419
     437
     457
     419
     465
     432
     452
     474
     481
     447
     437
     454
     404
     415
     456
     453
     455
     435
     451
     443
     437
     444
     453
     433
     413
     445
     457
     454
     466
     426
     463
     419
     440
     445
     407
     402
     427
     444
     432
     428
     411
     414
     452
     414
     374
     422
     423
     417
     411
     429
     425
     417
     407
     408
     461
     410
     422
     430
     389
     424
     429
     430
     420
     425
     386
     413
     432
     417
     415
     375
     399
     443
     405
     421
     410
     417
     404
     399
     407
     413
     404
     428
     399
     434
     439
     427
     417
     415
     407
     423
     406
     419
     429
     406
     368
     393
     385
     397
     432
     409
     392
     449
     382
     407
     414
     411
     403
     399
     392
     391
     406
     374
     417
     438
     400
     434
     411
     411
     430
     400
     397
     423
     424
     391
     433
     409
     393
     377
     415
     410
     388
     394
     372
     430
     366
     383
     445
     438
     417
     396
     410
     390
     424
     392
     404
     412
     408
     384
     400
     416
     392
     416
     393
     430
     391
     376
     398
     397
     402
     375
     377
     406
     397
     435
     397
     398
     382
     414
     372
     396
     380
     397
     390
     390
     456
     397
     395
     388
     373
     438
     387
     391
     388
     395
     416
     388
     394
     375
     390
     379
     385
     376
     403
     376
     390
     372
     399
     401
     415
     409
     390
     399
     394
     374
     379
     397
     407
     389
     415
     395
     361
     410
     364
     407
     396
     382
     398
     395
     365
     393
     389
     400
     388
     401
     399
     398
     390
     433
     390
     346
     392
     392
     387
     382
     379
     381
     382
     369
     412
     369
     404
     422
     374
     421
     378
     367
     407
     360
     412
     379
     388
     375
     387
     376
     385
     353
     371
     374
     404
     362
     396
     364
     409
     369
     377
     368
     373
     384
     359
     387
     374
     375
     365
     376
     383
     400
     397
     338
     342
     369
     397
     337
     351
     385
     385
     379
     350
     381
     401
     369
     322
     387
     366
     373
     362
     375
     389
     380
     387
     356
     427
     326
     356
     373
     358
     346
     394
     374
     368
     368
     373
     380
     376
     402
     404
     382
     385
     349
     361
     345
     367
     388
     398
     399
     357
     387
     370
     382
     405
     325
     354
     343
     351
     368
     381
     363
     372
     373
     346
     358
     375
     368
     371
     387
     363
     406
     367
     383
     371
     379
     370
     388
     383
     379
     383
     340
     415
     382
     401
     392
     377
     412
     364
     377
     359
     359
     390
     400
     323
     381
     373
     367
     373
     383
     345
     396
     384
     353
     346
     374
     388
     389
     415
     362
     344
     365
     375
     364
     385
     359
     400
     358
     344
     409
     420
     371
     377
     363
     372
     383
     387
     360
     362
     375
     375
     429
     396
     406
     394
     369
     352
     385
     453
     418
     439
     462
     475
     436
     457
     459
     503
     520
     595
     634
     696
     693
     995
    1101
    1321
    1500
    2010
    2389
    3105
    3993
    4868
    6102
    7831
    9718
   12192
   15096
   18456
   21622
   24594
   27523
   29150
   30191
   29415
   28250
   25752
   22759
   19482
   16008
   12847
   10172
    8235
    6200
    4968
    3808
    3063
    2267
    1901
    1554
    1163
     895
     739
     641
     500
     455
     417
     343
     299
     289
     298
     268
     243
     241
     200
     220
     217
     189
     193
     212
     188
     201
     160
     167
     171
     162
     169
     155
     147
     172
     190
     156
     153
     179
     140
     159
     138
     145
     146
     137
     149
     147
     139
     167
     154
     139
     133
     134
     154
     133
     128
     130
     135
     146
     118
     124
     133
     138
     118
     119
     120
     131
     129
     136
     124
      94
     116
     140
     119
     117
     126
     113
     120
     123
     112
     110
     106
     106
     112
     126
     131
     120
     106
     115
     118
      94
     103
     106
      96
      89
     104
      94
     112
     106
     115
     118
      94
     111
     113
      95
     110
     113
     109
      98
     113
     113
      96
     100
      77
     110
     105
     106
      98
     105
      97
      86
     104
      97
      94
     105
      79
      91
      99
      85
     106
     106
     108
     118
      98
      86
      95
      85
      94
      89
      87
      83
     107
      87
      97
     106
      75
      91
     101
      90
      75
      93
      89
      92
      82
      96
      79
      77
      91
      89
      87
      83
      90
     101
      96
      86
      93
      83
      99
      86
      79
      73
      87
      92
      98
      86
      93
      74
      84
      86
      76
      77
     101
      77
      88
      77
     100
      97
      84
      79
      88
      76
      79
      82
      69
     102
      80
      93
      78
      84
      87
      90
      76
      86
      75
      80
      81
      76
      94
      81
      83
      71
      85
      83
      70
      78
      86
      88
      84
      74
      72
      79
      75
      81
      99
      84
      86
      80
      95
      78
      81
      81
      76
      75
      76
      71
      85
      88
      63
      97
      86
      78
      73
      94
      78
      62
      95
      73
      67
      76
      71
      68
      83
      69
      89
      86
      84
      80
      68
      72
      88
     101
      73
      81
      71
      72
      85
      76
      67
      78
      72
      65
      94
      83
      87
      86
      83
      80
      83
      59
      78
      86
      78
      91
      77
      89
      73
      76
      69
      69
      75
      83
      58
      79
      68
      79
      64
      93
      81
      81
      75
      70
      75
      71
      66
      91
      66
      75
      75
      67
      72
      79
      55
      87
      58
      78
      80
      78
      70
      73
      77
      60
      61
      71
      77
      73
      74
      74
      61
      64
      84
      64
      61
      67
      76
      76
      67
      69
      73
      72
      65
      86
      73
      84
      66
      82
      52
      63
      58
      74
      68
      62
      97
      72
      66
      80
      63
      81
      63
      74
      75
      68
      65
      74
      53
      75
      86
      72
      54
      62
      76
      62
      48
      72
      63
      66
      75
      72
      67
      66
      73
      71
      59
      64
      71
      65
      78
      76
     104
     119
     117
     112
     114
      98
      90
      74
      79
      64
      60
      70
      60
      66
      72
      67
      71
      74
      69
      67
      50
      70
      60
      73
      63
      69
      79
      81
      74
      74
      64
      78
      70
      67
      65
      55
      76
      65
      51
      71
      77
      58
      68
      61
      66
      73
      55
      62
      66
      65
      51
      61
      71
      60
      68
      63
      61
      68
      68
      60
      60
      65
      56
      62
      60
      52
      65
      58
      67
      71
      64
      59
      63
      61
      69
      55
      61
      62
      56
      53
      52
      61
      60
      76
      69
      65
      44
      90
      67
      49
      61
      59
      50
      55
      59
      59
      58
      59
      60
      52
      69
      57
      72
      53
      61
      56
      60
      56
      69
      67
      48
      53
      59
      71
      56
      60
      70
      61
      57
      57
      61
      63
      53
      65
      53
      58
      59
      63
      49
      52
      66
      56
      63
      59
      56
      61
      48
      50
      63
      50
      56
      63
      61
      59
      46
      59
      56
      52
      57
      39
      61
      56
      63
      57
      58
      50
      43
      52
      46
      62
      40
      51
      63
      51
      53
      53
      66
      55
      62
      52
      62
      53
      43
      65
      36
      63
      69
      57
      41
      60
      53
      68
      44
      48
      51
      60
      64
      60
      61
      50
      53
      40
      54
      68
      65
      46
      49
      61
      43
      44
      47
      42
      52
      53
      48
      73
      56
      43
      43
      54
      50
      48
      50
      47
      56
      68
      52
      55
      55
      45
      56
      44
      44
      55
      49
      44
      43
      48
      55
      45
      50
      60
      59
      60
      38
      52
      59
      49
      49
      48
      47
      49
      47
      58
      43
      60
      49
      39
      57
      50
      50
      54
      60
      33
      52
      64
      43
      41
      53
      63
      58
      48
      46
      54
      36
      54
      61
      50
      59
      47
      55
      51
      45
      34
      59
      35
      54
      30
      60
      44
      57
      56
      73
      48
      54
      44
      45
      37
      50
      51
      42
      49
      55
      54
      35
      57
      42
      44
      49
      59
      39
      44
      41
      54
      47
      61
      53
      44
      55
      38
      51
      55
      34
      42
      47
      41
      49
      45
      48
      41
      55
      42
      40
      40
      35
      56
      40
      47
      51
      41
      49
      61
      44
      45
      42
      47
      44
      50
      57
      38
      53
      49
      40
      53
      51
      46
      32
      35
      39
      37
      42
      38
      50
      43
      47
      48
      42
      52
      33
      54
      41
      44
      47
      44
      51
      43
      29
      39
      36
      37
      48
      40
      39
      46
      45
      52
      53
      52
      46
      33
      41
      42
      49
      38
      34
      34
      40
      45
      35
      44
      43
      47
      39
      38
      41
      43
      51
      42
      36
      33
      49
      43
      30
      42
      55
      36
      44
      42
      61
      51
      39
      53
      45
      41
      39
      44
      27
      49
      42
      29
      53
      45
      49
      42
      52
      44
      33
      41
      48
      45
      36
      49
      45
      41
      34
      54
      52
      38
      38
      45
      41
      50
      44
      39
      51
      34
      39
      45
      43
      34
      43
      36
      35
      38
      39
      38
      38
      45
      40
      48
      32
      36
      44
      47
      46
      38
      46
      44
      52
      30
      36
      31
      48
      37
      30
      40
      36
      34
      44
      43
      32
      54
      38
      46
      46
      47
      37
      41
      25
      38
      39
      38
      40
      42
      43
      37
      41
      37
      26
      38
      47
      53
      48
      36
      39
      29
      29
      40
      45
      45
      34
      36
      42
      41
      42
      41
      38
      43
      44
      42
      41
      50
      33
      30
      46
      35
      45
      32
      42
      51
      43
      44
      38
      39
      33
      26
      36
      32
      35
      39
      38
      29
      44
      58
      25
      33
      41
      34
      21
      39
      39
      35
      31
      33
      42
      40
      38
      42
      30
      42
      52
      40
      41
      34
      38
      42
      37
      39
      27
      42
      32
      33
      45
      36
      25
      42
      37
      43
      36
      44
      37
      30
      33
      33
      25
      37
      34
      40
      39
      36
      34
      41
      38
      38
      39
      41
      35
      29
      55
      37
      43
      39
      32
      40
      36
      39
      33
      26
      32
      32
      35
      34
      39
      38
      31
      50
      38
      38
      29
      36
      39
      24
      42
      34
      26
      25
      28
      34
      40
      38
      35
      34
      37
      27
      32
      31
      38
      42
      35
      33
      34
      39
      28
      34
      34
      30
      39
      31
      37
      40
      29
      43
      38
      36
      44
      41
      35
      39
      41
      37
      37
      39
      34
      32
      36
      38
      40
      32
      30
      37
      38
      29
      27
      34
      37
      37
      39
      40
      36
      40
      29
      36
      41
      32
      36
      42
      38
      39
      36
      26
      37
      19
      33
      25
      48
      29
      24
      34
      39
      35
      42
      34
      34
      41
      27
      24
      28
      33
      38
      41
      29
      30
      26
      33
      26
      34
      36
      25
      29
      44
      40
      34
      33
      32
      35
      39
      17
      28
      50
      29
      40
      36
      31
      39
      29
      42
      36
      27
      40
      41
      31
      34
      33
      32
      30
      38
      33
      41
      33
      41
      37
      34
      41
      37
      40
      31
      31
      39
      29
      33
      35
      35
      36
      23
      32
      28
      25
      40
      33
      39
      36
      25
      37
      31
      31
      30
      42
      30
      32
      39
      34
      35
      39
      24
      35
      29
      20
      42
      43
      37
      24
      33
      35
      36
      35
      34
      38
      38
      33
      31
      27
      28
      37
      30
      41
      37
      27
      32
      32
      33
      25
      25
      34
      27
      35
      23
      29
      34
      31
      28
      37
      32
      29
      30
      26
      36
      32
      35
      27
      31
      32
      25
      38
      37
      36
      30
      28
      29
      34
      35
      33
      37
      30
      35
      32
      40
      39
      28
      33
      33
      38
      33
      34
      37
      31
      24
      28
      31
      29
      28
      36
      30
      25
      34
      28
      19
      28
      27
      32
      38
      39
      30
      25
      41
      30
      37
      28
      16
      26
      27
      29
      30
      25
      18
      40
      31
      29
      35
      30
      31
      29
      33
      34
      27
      33
      41
      38
      18
      36
      23
      43
      42
      19
      31
      23
      32
      37
      26
      36
      38
      29
      32
      30
      25
      28
      27
      23
      31
      27
      30
      30
      25
      27
      26
      39
      27
      23
      34
      27
      27
      37
      29
      30
      27
      26
      41
      30
      29
      29
      26
      32
      26
      26
      26
      26
      25
      28
      27
      29
      26
      38
      25
      19
      37
      23
      31
      33
      25
      32
      30
      29
      24
      32
      42
      19
      30
      19
      32
      24
      28
      36
      33
      29
      29
      18
      24
      24
      37
      25
      29
      37
      31
      29
      27
      33
      26
      27
      19
      21
      27
      26
      34
      21
      31
      24
      17
      20
      17
      31
      30
      22
      29
      21
      30
      26
      37
      33
      30
      29
      34
      24
      20
      29
      28
      32
      16
      17
      25
      31
      31
      17
      28
      34
      29
      26
      23
      26
      23
      24
      24
      27
      40
      29
      25
      35
      26
      30
      20
      24
      31
      19
      26
      36
      24
      16
      24
      26
      29
      20
      23
      21
      26
      25
      35
      23
      18
      21
      22
      33
      25
      27
      30
      24
      32
      24
      27
      25
      32
      22
      28
      22
      32
      23
      28
      19
      25
      27
      24
      21
      29
      36
      23
      19
      33
      22
      27
      27
      19
      23
      26
      24
      27
      28
      31
      24
      22
      23
      25
      28
      24
      28
      28
      21
      21
      25
      26
      18
      18
      26
      18
      23
      29
      16
      30
      29
      28
      22
      23
      30
      25
      24
      20
      33
      28
      30
      26
      36
      21
      19
      21
      19
      17
      23
      28
      24
      32
      23
      26
      34
      22
      24
      32
      35
      31
      31
      22
      16
      24
      21
      19
      22
      33
      18
      21
      28
      22
      25
      24
      31
      28
      29
      27
      28
      31
      32
      27
      27
      26
      25
      30
      24
      22
      22
      25
      25
      15
      29
      27
      25
      34
      18
      22
      30
      19
      21
      23
      27
      24
      20
      25
      25
      25
      20
      27
      25
      28
      24
      26
      22
      28
      23
      25
      26
      32
      24
      12
      23
      24
      29
      28
      19
      17
      32
      30
      17
      26
      30
      22
      25
      23
      22
      32
      28
      23
      34
      23
      26
      31
      28
      15
      31
      31
      25
      30
      32
      30
      34
      26
      27
      22
      36
      14
      25
      20
      16
      20
      25
      24
      19
      20
      25
      26
      19
      25
      26
      23
      18
      28
      19
      34
      32
      30
      25
      20
      27
      26
      29
      22
      21
      19
      26
      20
      21
      28
      23
      23
      35
      14
      23
      25
      20
      34
      18
      19
      20
      35
      27
      26
      28
      26
      22
      35
      25
      29
      29
      25
      23
      10
      32
      25
      31
      25
      31
      18
      22
      28
      23
      32
      16
      25
      20
      23
      23
      27
      23
      27
      28
      28
      25
      30
      28
      23
      24
      25
      15
      28
      24
      24
      28
      21
      24
      29
      21
      20
      22
      20
      20
      18
      30
      22
      28
      32
      13
      25
      12
      28
      37
      23
      20
      22
      21
      17
      26
      19
      24
      24
      25
      22
      18
      34
      20
      21
      25
      21
      25
      26
      22
      27
      26
      24
      20
      21
      26
      28
      23
      31
      18
      25
      25
      25
      23
      24
      20
      28
      26
      21
      31
      22
      18
      16
      31
      23
      27
      31
      22
      23
      26
      23
      23
      20
      30
      21
      31
      40
      24
      24
      24
      26
      25
      35
      25
      28
      19
      15
      28
      22
      14
      25
      18
      19
      16
      29
      19
      20
      27
      18
      27
      27
      28
      26
      25
      20
      16
      26
      20
      31
      28
      23
      22
      25
      26
      21
      27
      26
      21
      20
      23
      28
      20
      20
      20
      24
      19
      24
      28
      17
      27
      20
      25
      26
      15
      17
      19
      17
      25
      30
      21
      24
      31
      28
      22
      27
      33
      25
      18
      22
      28
      30
      19
      18
      24
      19
      21
      29
      23
      19
      19
      25
      18
      25
      15
      21
      26
      16
      26
      24
      16
      21
      18
      19
      17
      21
      29
      22
      20
      28
      19
      15
      12
      25
      15
      20
      16
      25
      22
      15
      22
      16
      24
      21
      18
      22
      27
      21
      17
      28
      16
      21
      16
      17
      29
      16
      21
      30
      25
      16
      25
      17
      18
      20
      25
      18
      18
      24
      25
      16
      24
      21
      20
      19
      20
      20
      14
      16
      17
      28
      25
      29
      16
      23
      21
      15
      16
      21
      17
      19
      17
      15
      23
      23
      19
      18
      29
      12
      19
      27
      18
      19
      14
      24
      21
      21
      13
      22
      16
      20
      24
      22
      21
      25
      25
      25
      21
      22
      22
      19
      18
      23
      33
      21
      17
      23
      18
      18
      19
      12
      21
      21
      22
      18
      19
      23
      21
      24
      25
      29
      26
      22
      20
      29
      21
      27
      19
      21
      22
      22
      14
      24
      26
      24
      19
      21
      28
      15
      21
      22
      21
      14
      25
      32
      28
      27
      23
      22
      18
      24
      23
      24
      22
      15
      28
      29
      22
      24
      26
      21
      29
      23
      27
      20
      20
      31
      29
      22
      13
      26
      23
      29
      40
      23
      36
      32
      29
      35
      32
      38
      32
      35
      33
      34
      34
      21
      30
      33
      21
      24
      18
      27
      18
      30
      22
      23
      14
      16
      19
      30
      23
       9
      13
      20
      11
      14
      10
      13
      18
      18
      19
      15
       9
      11
      12
       8
      21
      17
      10
      14
      18
      21
      18
      11
       8
      14
      12
      14
       8
      23
      13
      20
      17
      14
      13
      16
      10
      12
      11
      15
      16
      15
      14
      13
       7
      23
       9
      15
      12
      14
      14
      23
      14
      15
      16
      10
      10
      12
      17
      13
      11
      14
      15
      16
      20
      15
      13
      13
      16
       6
      19
      11
      16
      13
      18
      12
      10
      15
      12
      10
       7
      10
      10
      18
       5
      11
       9
      14
      11
      13
      15
      10
      19
      12
      11
      14
      19
      14
       9
      13
       9
      13
       7
      12
      10
      21
      16
      11
      13
      12
      14
      16
       6
      21
       8
      17
      17
      15
      12
      15
      17
      13
       9
      12
      17
      22
      10
      13
      10
      11
      10
      15
      18
      14
      17
      10
      16
      12
      11
      17
      10
      15
      10
      13
      11
      16
      10
      15
      15
      10
      11
      13
      12
      12
      12
      10
      11
      14
      19
      11
       9
      15
      14
      11
      12
      11
      10
      12
      23
      15
       6
      10
      19
      17
      12
      14
      13
      17
      15
       8
      13
      13
      15
      12
      13
      19
      14
      18
      10
      11
      14
      13
      15
      10
      12
      17
      15
      12
      16
      15
      13
      14
      18
      17
       9
      12
      14
      11
      11
      12
      12
      10
      10
      16
      11
      15
       4
      18
      21
       8
      10
      11
      14
      12
      14
      10
      11
      12
       9
       7
       7
      16
      17
      13
      13
      16
      13
       9
      19
       7
      10
      11
      17
      15
      13
      12
      16
      13
      12
      10
       6
      18
      25
      12
      12
      13
      14
      10
      15
      12
      14
      14
      16
      14
      11
      15
      15
       9
      18
       9
      16
      12
      24
      15
      12
       8
      13
       9
      11
      11
      14
       8
      14
      10
      11
       8
      13
      20
      12
      13
       6
      15
      13
      14
      13
      17
      11
       6
       9
      22
      21
       9
      14
      13
      13
       5
      15
      15
      13
       9
      14
      16
       8
      10
      11
      21
      17
       7
       6
      13
      15
      16
      12
      18
      14
       9
      10
      15
       8
      11
      11
      12
      14
      10
      10
       8
      14
      10
       7
       9
      10
      12
      17
      15
       6
      20
      15
      13
      14
       9
      14
      13
      13
      13
      16
      11
      16
      12
      17
       9
      14
      11
       7
      12
      14
      12
      17
      11
      12
      18
      15
       8
       8
      14
      13
      12
       8
      14
      10
       8
      13
       8
      10
      21
      18
       7
      14
      15
      22
      17
      27
      24
      23
      14
      17
      16
      17
      12
       8
       9
      13
       9
      15
       8
      11
       8
      10
      13
       7
       9
      16
      12
      11
      14
      16
       6
       9
       6
      12
      13
       9
       9
       7
       8
      11
      14
      10
      10
       9
      21
       5
      10
      10
      13
       9
       7
      10
       7
      11
      12
      10
       8
       7
      11
       3
      11
       7
       5
      13
       8
      12
      15
      12
       9
       4
      11
       6
       5
      11
       8
      13
       9
       9
      10
       6
       8
       5
      13
      14
       8
      13
       7
       7
       6
       7
      10
       9
       8
      14
      12
       9
       9
       9
      16
       6
      11
       5
      15
      11
       9
      11
      10
       3
      12
      12
       8
       8
       7
       9
      10
      15
       8
      13
       7
      13
       6
      15
      10
       8
      11
       5
       8
      14
       8
      11
       9
       6
       8
      10
       7
       5
      11
       4
       9
      10
       9
       9
       7
      10
      13
       7
      10
      15
       4
       8
      14
       8
       7
       5
       9
      15
       7
       5
      15
      13
       3
       9
      12
       8
       8
       7
      12
       8
       8
       7
      12
       9
       6
      11
       7
       9
      10
      12
       7
      15
       8
       7
      16
       8
       7
      13
       7
      11
       6
      12
      14
       9
       8
      15
      10
      13
      10
      12
       9
       9
       6
       9
      11
       4
       9
       8
      14
      14
       8
      10
      13
      10
      24
      20
      38
      54
     109
     136
     217
     282
     378
     367
     399
     368
     303
     235
     133
      74
      44
      25
      15
      10
      13
      12
       8
      10
      10
       7
      15
      13
       9
       9
       7
       5
      10
       9
       4
       8
       5
       6
       6
       6
       5
       8
      11
       9
       8
       6
      12
       8
       5
       9
       5
       8
       4
      15
       6
       8
       9
      12
       3
       8
       7
       9
       6
       5
       9
      15
       7
      12
       6
      10
      13
       8
       6
      12
       4
       6
       8
      10
       3
       7
       6
       6
      12
       5
       7
       8
      11
       5
      10
      10
      10
       6
      11
      11
       5
       7
      16
       2
       5
      10
       5
       3
       8
      11
      10
       6
       5
      10
       6
       4
       9
       9
       7
       9
       4
       9
       5
       7
       3
       8
       5
       6
       6
       5
       6
       9
       3
       6
       8
       5
       6
       9
       6
       6
       5
       8
       9
       7
       4
       6
      10
       7
       5
      14
      10
       5
       3
       5
       9
       7
       8
       8
       4
       4
       4
       2
       8
       4
       4
       4
       6
       8
       4
      12
       8
       2
       6
       8
       5
       3
       2
       9
       4
       9
       7
       8
       9
       1
       7
       4
       7
       6
       9
       5
       6
       3
       9
       4
      14
       8
       6
       6
       8
       3
       9
       6
       5
       7
       6
       6
       9
       8
       4
       3
       5
       6
       7
       5
       6
       5
      10
       5
       6
       2
       6
       2
       7
       6
       2
       4
      10
       4
       3
       5
       5
       6
       6
       7
       7
       2
       8
       3
       7
       3
       7
       9
       6
       9
       4
       4
       3
       7
       6
       6
      10
       6
       5
       6
       4
       5
       6
       7
       5
       3
       6
       2
       6
       5
       5
       0
       5
       2
       5
       6
       5
       7
       6
       4
       9
       9
       5
      11
       8
      12
      12
       7
      10
       8
       5
       7
       6
       7
       6
       1
       4
       6
       6
       6
       8
       7
       6
       1
       5
       5
       6
      10
       3
       7
       7
       2
       3
       6
       2
       8
       2
       4
       9
       2
       5
       5
       9
       2
       5
       2
       6
       4
       5
       7
       8
       6
       5
       5
       8
       9
       2
       5
       7
       1
      11
       9
       6
       4
       6
       2
       3
       5
       0
       5
       5
       6
       5
       2
       4
       3
       4
       6
       5
       5
       3
       7
       4
       4
       6
       4
       3
       8
       6
       0
       8
       9
       2
       4
       6
       6
       4
       4
       6
       4
       5
       3
       3
       6
       2
       6
       3
       2
       5
       5
       6
       4
       6
       4
       3
       6
       2
       4
       9
       3
      12
       7
       3
       0
       8
       5
       2
       4
       6
       6
       5
       3
       3
       5
       4
       3
       2
       4
       3
       4
       5
      11
       5
       6
       5
       4
       2
       5
       1
       8
       7
       5
       4
       6
      14
      13
      20
      13
      11
      10
       6
       4
       4
       5
       7
       2
       4
       7
       4
       2
       2
       4
       5
       3
       3
       5
       2
       4
       4
       4
       3
       3
       5
       9
       4
       5
       3
       3
       3
       4
       5
       2
       7
       7
       2
       4
       5
       4
       3
       2
       6
       4
       6
       2
      10
       5
       3
       2
       3
       6
       1
       4
       4
       5
       1
       1
       4
       4
       3
       5
       4
       3
       5
       1
       4
       4
       4
      10
       5
       3
       5
      10
       3
       3
       4
       5
       6
       5
       2
       3
       2
       4
       1
       3
       5
       5
       2
       4
       2
       6
       8
       7
       6
       5
       8
       4
       5
       5
       3
       3
       8
       2
       9
       2
       9
       3
       4
       3
       2
       5
       6
       5
       2
       6
       5
       5
       4
       4
       5
       3
       4
       5
       2
       3
       1
       7
       6
       2
       4
       6
       4
       2
       3
       3
       1
       5
       8
       4
       3
       2
       3
       3
       8
       6
       4
       3
       2
       1
       3
       3
       5
       3
       4
       8
       4
       1
       4
       6
       3
       2
       5
       6
       3
       3
       5
       4
       7
       4
       6
       6
       3
       5
       3
       2
       2
       4
       3
       2
       1
       7
       4
       3
       4
       3
       3
       5
       5
       1
       7
       4
       5
       9
       7
       5
       2
       3
       1
       3
       4
       3
       0
       7
       5
       0
       5
       3
       8
       5
       6
       5
       6
       5
       4
       5
       6
       5
       9
       7
       7
       5
      10
      13
      17
      29
      35
      59
     112
     161
     227
     262
     336
     360
     340
     308
     273
     174
     102
      61
      30
      12
      10
      14
       5
       6
       3
       3
       3
       5
       2
       2
       2
       6
       4
       4
       3
       4
       4
       3
       5
       3
       0
       3
       5
       6
       1
       5
       6
       2
       3
       4
       5
       3
       8
       4
       2
       3
       1
       1
       1
       4
       6
       0
       2
       2
       1
       3
       6
       3
       7
       4
       4
       3
       2
       2
       3
       3
       5
       2
       0
       1
       2
       2
       3
       6
       4
       1
       3
       2
       1
       4
       4
       6
       5
       7
       2
       7
       3
       0
       3
       4
       5
       7
       4
       5
       3
       4
       3
       3
       7
       1
       2
       5
       2
       4
       6
       5
       3
       4
       0
       3
       1
       2
       0
       5
       3
       4
       1
       3
       1
       0
       3
       4
       6
       3
       0
       0
       3
       5
       2
       3
       6
       1
       3
       2
       6
       3
       1
       5
       4
       5
       2
       4
       5
       2
       0
       2
       2
       5
       6
       1
       2
       2
       6
       0
       2
       3
       4
       2
       6
       8
       1
       4
       7
       2
       1
       4
       6
       4
       3
       3
       5
       4
       4
       3
       4
       2
       4
       4
       1
       4
       5
       2
       7
       5
       8
       5
       6
       8
       6
       5
       3
       2
       5
       2
       1
       2
       4
       3
       3
       2
       2
       3
       4
       4
       3
       6
       3
       1
       3
       4
       3
       4
       3
       1
       1
       3
       4
       6
       1
       4
       6
       3
       3
       3
       4
       0
       5
       1
       2
       3
       2
       1
       1
       2
       3
       2
       3
       7
       5
       2
       4
       4
       2
       1
       1
       0
       2
       2
       3
       3
       2
       4
       3
       4
       1
       4
       2
       1
       2
       3
       2
       2
       1
       3
       5
       6
       3
       4
       2
       2
       2
       0
       3
       0
       2
       5
       3
       3
       2
       4
       4
       1
       4
       4
       5
       5
       1
       3
       4
       2
       4
       2
       4
       3
       1
       1
       2
       3
       3
       0
       2
       4
       1
       1
       3
       3
       5
       3
       5
       1
       2
       2
       3
       2
       4
       1
       3
       1
       1
       2
       2
       2
       3
       2
       0
       4
       3
       0
       0
       2
       1
       4
       4
       0
       3
       3
       2
       4
       3
       2
       2
       0
       2
       4
       5
       1
       1
       2
       3
       1
       4
       3
       1
       2
       4
       3
       4
       3
       1
       2
       6
       2
       0
       1
       0
       0
       2
       2
       0
       4
       3
       2
       2
       1
       2
       2
       1
       2
       3
       3
       3
       2
       1
       7
       3
       3
       1
       3
       2
       1
       3
       2
       1
       3
       7
       4
       3
       2
       0
       1
       2
       4
       1
       2
       1
       0
       2
       3
       3
       6
       0
       2
       5
       1
       3
       4
       4
       3
       3
       2
       3
       1
       1
       2
       3
       4
       1
       1
       0
       1
       2
       3
       2
       1
       2
       4
       4
       0
       3
       2
       3
       3
       3
       3
       3
       5
       0
       2
       2
       3
       0
       3
       3
       1
       2
       2
       2
       3
       0
       3
       4
       4
       1
       1
       0
       4
       4
       3
       4
       1
       1
       3
       1
       3
       4
       3
       2
       3
       2
       1
       2
       2
       3
       2
       4
       2
       3
       2
       2
       4
       1
       1
       1
       4
       5
       4
       4
       0
       1
       3
       0
       4
       2
       3
       3
       2
       3
       1
       5
       4
       0
       2
       4
       1
       4
       5
       5
       4
       7
      16
      30
      29
      29
      33
      46
      42
      46
      34
      36
      17
      14
      10
       2
       4
       7
       4
       3
       0
       1
       2
       2
       2
       2
       0
       2
       3
       0
       3
       3
       2
       2
       1
       1
       2
       0
       2
       1
       4
       1
       6
       2
       2
       3
       4
       2
       2
       0
       4
       0
       4
       1
       1
       5
       1
       3
       3
       3
       3
       1
       3
       0
       2
       1
       1
       5
       2
       5
       3
       4
       2
       3
       3
       3
       1
       2
       0
       0
       4
       3
       2
       3
       4
       2
       3
       6
       1
       1
       1
       1
       2
       2
       1
       1
       5
       1
       1
       2
       5
       3
       0
       4
       0
       2
       1
       1
       2
       0
       2
       1
       4
       1
       2
       1
       2
       2
       2
       3
       3
       2
       2
       2
       3
       0
       0
       3
       1
       1
       4
       1
       3
       3
       3
       1
       4
       1
       3
       1
       1
       0
       2
       1
       1
       2
       1
       2
       4
       3
       1
       2
       3
       2
       3
       2
       3
       1
       1
       3
       2
       2
       2
       1
       1
       1
       4
       4
       3
       2
       1
       3
       1
       1
       1
       1
       2
       2
       1
       3
       3
       2
       1
       1
       1
       1
       3
       3
       4
       3
       1
       3
       1
       5
       3
       1
       3
       1
       5
       1
       2
       2
       4
       8
       1
       3
       3
       4
       4
       2
       1
       2
       3
       2
       1
       2
       2
       4
       3
       3
       4
       0
       3
       3
       1
       1
       3
       2
       2
       2
       1
       1
       1
       3
       2
       1
       2
       0
       2
       3
       2
       0
       1
       1
       3
       0
       0
       2
       3
       1
       3
       2
       2
       3
       2
       4
       0
       2
       3
       2
       3
       0
       0
       2
       3
       2
       2
       1
       1
       1
       2
       4
       1
       1
       0
       2
       4
       2
       1
       4
       1
       2
       1
       2
       1
       1
       1
       0
       3
       1
       2
       2
       5
       1
       1
       3
       0
       1
       1
       3
       2
       2
       1
       2
       1
       1
       4
       1
       1
       1
       1
       2
       0
       0
       1
       1
       3
       0
       2
       2
       5
       1
       2
       6
       1
       6
       0
       2
       1
       3
       1
       1
       1
       3
       1
       2
       2
       3
       3
       3
       6
       2
       2
       1
       1
       2
       1
       0
       0
       1
       2
       0
       2
       4
       3
       1
       0
       1
       0
       2
       1
       3
       1
       2
       5
       2
       3
       3
       1
       1
       2
       3
       0
       2
       3
       0
       2
       0
       1
       0
       0
       1
       1
       4
       3
       3
       0
       3
       0
       2
       0
       3
       2
       1
       2
       2
       2
       5
       5
       4
       1
       2
       0
       0
       1
       1
       1
       4
       1
       2
       4
       2
       1
       3
       3
       0
       3
       1
       1
       2
       2
       1
       1
       1
       0
       1
       2
       4
       3
       3
       1
       2
       4
       3
       2
       1
       3
       0
       2
       1
       2
       2
       2
       0
       0
       2
       1
       3
       2
       1
       5
       0
       2
       0
       1
       3
       0
       1
       2
       2
       2
       2
       3
       2
       0
       1
       0
       3
       0
       2
       0
       0
       0
       0
       0
       2
       5
       1
       3
       2
       3
       0
       5
       2
       1
       2
       2
       3
       0
       3
       0
       1
       0
       3
       0
       3
       0
       1
       2
       0
       2
       2
       4
       2
       5
       1
       2
       2
       2
       2
       1
       3
       3
       1
       7
       1
       1
       1
       2
       0
       1
       3
       2
       2
       3
       0
       3
       2
       3
       1
       4
       2
       0
       1
       2
       5
       1
       2
       2
       0
       4
       2
       3
       2
       3
       4
       3
       0
       3
       1
       3
       3
       3
       1
       0
       1
       0
       0
       2
       3
       3
       4
       0
       1
       1
       5
       4
       1
       1
       1
       2
       3
       0
       0
       1
       2
       3
       1
       0
       4
       3
       2
       2
       3
       2
       2
       3
       0
       2
       3
       1
       2
       1
       1
       0
       1
       1
       2
       4
       0
       2
       1
       2
       2
       0
       1
       1
       0
       1
       0
       0
       2
       3
       1
       1
       0
       2
       3
       2
       1
       1
       1
       5
       3
       0
       0
       1
       1
       4
       2
       0
       0
       2
       2
       0
       0
       1
       0
       0
       2
       0
       3
       0
       1
       0
       1
       3
       1
       1
       1
       0
       3
       3
       0
       3
       2
       1
       2
       1
       1
       3
       3
       1
       1
       1
       2
       2
       1
       0
       2
       2
       1
       3
       1
       3
       3
       0
       2
       3
       1
       0
       1
       3
       4
       2
       1
       3
       1
       0
       2
       2
       1
       2
       2
       0
       0
       1
       1
       3
       1
       1
       3
       1
       1
       3
       2
       0
       0
       2
       2
       0
       1
       3
       2
       2
       3
       3
       2
       1
       0
       2
       2
       1
       0
       1
       1
       4
       0
       0
       2
       3
       1
       2
       0
       1
       4
       2
       3
       1
       0
       1
       1
       1
       2
       0
       2
       1
       1
       0
       3
       3
       1
       1
       1
       0
       1
       1
       2
       1
       0
       2
       1
       1
       2
       0
       2
       1
       1
       1
       0
       1
       0
       3
       0
       1
       2
       0
       2
       1
       1
       1
       1
       0
       2
       5
       1
       2
       1
       1
       0
       0
       1
       2
       0
       1
       0
       0
       0
       0
       0
       0
       3
       3
       2
       0
       2
       0
       1
       0
       0
       2
       3
       2
       0
       3
       2
       3
       2
       1
       1
       1
       2
       1
       0
       1
       0
       1
       3
       1
       2
       0
       1
       3
       2
       0
       4
       1
       1
       1
       2
       0
       2
       2
       0
       0
       1
       3
       2
       0
       1
       1
       0
       0
       2
       2
       0
       1
       1
       2
       0
       0
       1
       0
       3
       1
       1
       0
       0
       2
       4
       0
       0
       3
       1
       2
       2
       1
       0
       2
       4
       0
       0
       2
       3
       1
       1
       2
       0
       2
       0
       3
       3
       0
       1
       2
       1
       1
       3
       1
       1
       2
       2
       0
       2
       3
       2
       3
       1
       2
       1
       2
       3
       0
       0
       0
       1
       4
       2
       2
       1
       2
       0
       1
       2
       1
       0
       2
       0
       0
       1
       2
       1
       2
       1
       2
       3
       0
       0
       1
       0
       2
       1
       4
       0
       0
       3
       1
       1
       0
       1
       1
       2
       1
       2
       1
       0
       0
       1
       1
       0
       1
       0
       2
       2
       1
       0
       2
       0
       1
       2
       2
       1
       1
       0
       0
       0
       0
       0
       1
       2
       1
       3
       1
       3
       1
       0
       0
       2
       0
       1
       1
       1
       3
       0
       0
       1
       3
       0
       1
       0
       0
       1
       1
       0
       0
       1
       0
       0
       0
       1
       0
       2
       1
       1
       2
       0
       0
       1
       1
       0
       0
       1
       2
       0
       1
       2
       2
       1
       2
       1
       1
       3
       3
       3
       1
       1
       1
       0
       1
       2
       0
       2
       2
       3
       1
       2
       0
       2
       0
       1
       0
       1
       2
       1
       1
       3
       0
       1
       2
       0
       1
       2
       1
       1
       0
       1
       0
       2
       1
       1
       0
       0
       0
       3
       1
       1
       1
       0
       0
       1
       1
       1
       0
       4
       0
       0
       1
       1
       0
       2
       1
       1
       0
       1
       3
       1
       1
       1
       2
       2
       4
       2
       0
       3
       4
       1
       5
       3
       3
       2
       1
       0
       2
       2
       3
       2
       1
       1
       0
       2
       2
       1
       1
       0
       2
       0
       1
       0
       0
       0
       1
       1
       2
       2
       3
       0
       1
       1
       1
       0
       3
       0
       1
       1
       2
       3
       1
       0
       1
       0
       0
       2
       0
       3
       1
       1
       1
       2
       0
       1
       2
       0
       0
       0
       0
       0
       0
       0
       0
       1
       2
       0
       0
       1
       1
       2
       0
       0
       2
       0
       1
       3
       0
       1
       0
       0
       2
       1
       0
       0
       1
       0
       2
       1
       1
       0
       1
       1
       0
       1
       2
       1
       2
       1
       0
       1
       2
       0
       2
       1
       0
       1
       2
       2
       2
       1
       0
       0
       2
       0
       1
       1
       1
       2
       0
       0
       0
       1
       2
       1
       1
       1
       2
       2
       1
       2
       0
       2
       2
       4
       4
       6
       4
      10
       7
       9
      10
       5
       9
       8
       2
       6
       4
       2
       2
       2
       0
       2
       1
       0
       1
       0
       0
       1
       4
       3
       0
       0
       3
       1
       2
       2
       3
       1
       0
       0
       1
       2
       1
       1
       0
       1
       0
       1
       2
       2
       0
       0
       3
       1
       1
       0
       1
       0
       1
       0
       0
       3
       2
       0
       1
       2
       1
       0
       2
       4
       3
       2
       3
       0
       1
       1
       0
       1
       0
       1
       0
       3
       1
       0
       2
       1
       1
       1
       0
       0
       1
       0
       2
       2
       0
       2
       0
       1
       1
       0
       0
       0
       0
       0
       0
       0
       0
       1
       0
       0
       1
       1
       0
       1
       2
       0
       1
       1
       1
       4
       1
       2
       1
       0
       0
       2
       1
       1
       1
       2
       3
       2
       1
       3
       0
       1
       1
       1
       2
       1
       1
       0
       2
       2
       1
       1
       2
       1
       1
       0
       3
       2
       0
       1
       2
       0
       0
       0
       1
       2
       1
       0
       3
       1
       0
       1
       0
       1
       2
       1
       2
       2
       0
       1
       0
       0
       0
       1
       1
       1
       0
       5
       0
       3
       0
       0
       1
       1
       4
       1
       0
       1
       0
       1
       1
       2
       1
       2
       0
       2
       0
       1
       1
       0
       1
       1
       1
       1
       1
       1
       2
       1
       2
       0
       1
       0
       2
       2
       1
       0
       0
       0
       1
       0
       0
       1
       0
       1
       0
       0
       1
       1
       1
       2
       1
       1
       1
       2
       1
       1
       2
       1
       1
       0
       1
       0
       0
       1
       0
       0
       3
       1
       1
       1
       0
       1
       0
       1
       0
       0
       3
       0
       1
       1
       1
       0
       1
       3
       1
       0
       3
       1
       1
       0
       0
       1
       2
       0
       0
       1
       0
       5
       1
       0
       1
       2
       2
       2
       1
       3
       4
       2
       1
       1
       2
       0
       0
       0
       2
       1
       2
       0
       0
       0
       2
       1
       1
       0
       0
       2
       2
       1
       1
       0
       1
       0
       1
       1
       2
       1
       1
       1
       1
       1
       2
       3
       0
       1
       0
       2
       0
       2
       0
       1
       1
       0
       1
       4
       0
       2
       3
       1
       0
       1
       0
       5
       1
       3
       1
       1
       6
       0
       2
       2
       0
       0
       2
       0
       0
       1
       1
       0
       0
       1
       1
       2
       2
       2
       0
       1
       2
       1
       1
       0
       0
       2
       2
       1
       1
       1
       1
       1
       0
       0
       0
       0
       2
       0
       1
       0
       1
       1
       0
       1
       0
       1
       0
       2
       0
       0
       1
       2
       2
       1
       1
       2
       0
       1
       2
       0
       0
       2
       0
       1
       3
       2
       1
       0
       0
       3
       2
       2
       1
       0
       0
       2
       1
       0
       1
       1
       2
       0
       0
       0
       1
       1
       0
       1
       3
       0
       0
       1
       0
       1
       2
       0
       2
       2
       0
       0
       2
       2
       1
       0
       0
       2
       0
       1
       0
       0
       0
       4
       0
       3
       1
       3
       0
       0
       1
       1
       1
       2
       1
       1
       1
       1
       2
       0
       0
       0
       1
       0
       0
       1
       1
       0
       1
       1
       1
       2
       2
       0
       1
       0
       0
       2
       0
       2
       1
       1
       1
       1
       0
       2
       0
       1
       1
       2
       0
       2
       1
       1
       0
       0
       3
       2
       0
       0
       2
       0
       2
       2
       0
       1
       1
       2
       0
       1
       0
       2
       0
       0
       1
       1
       3
       1
       1
       1
       0
       1
       1
       1
       1
       2
       2
       0
       0
       3
       1
       0
       2
       2
       0
       1
       2
       0
       2
       1
       2
       3
       1
       3
       2
       1
       0
       2
       1
       1
       3
       1
       0
       2
       0
       1
       1
       3
       0
       0
       2
       0
       1
       0
       0
       0
       0
       2
       1
       1
       0
       0
       0
       0
       1
       3
       1
       1
       3
       2
       3
       2
       1
       0
       0
       2
       1
       1
       0
       0
       2
       2
       0
       2
       1
       3
       0
       0
       1
       0
       0
       1
       2
       1
       0
       2
       0
       2
       1
       0
       0
       2
       0
       0
       3
       0
       0
       0
       0
       1
       0
       1
       2
       0
       1
       0
       0
       0
       0
       0
       1
       3
       2
       0
       0
       0
       0
       2
       1
       1
       0
       3
       0
       1
       3
       0
       1
       0
       0
       2
       0
       0
       0
       4
       2
       1
       0
       0
       0
       0
       2
       0
       2
       2
       0
       0
       0
       1
       0
       2
       0
       1
       0
       0
       1
       1
       0
       0
       1
       0
       2
       1
       0
       1
       0
       0
       0
       0
       1
       0
       0
       3
       1
       0
       3
       2
       0
       0
       2
       3
       0
       0
       1
       3
       1
       0
       1
       0
       0
       1
       0
       1
       1
       0
       2
       4
       3
       1
       1
       1
       0
       2
       2
       1
       1
       0
       1
       1
       0
       0
       0
       2
       2
       1
       0
       2
       0
       0
       1
       1
       0
       2
       1
       0
       1
       2
       1
       1
       1
       0
       1
       0
       0
       2
       1
       1
       0
       1
       1
       2
       0
       1
       0
       0
       1
       2
       1
       0
       0
       0
       4
       0
       0
       2
       2
       0
       0
       1
       0
       2
       0
       1
       0
       1
       2
       0
       1
       0
       1
       0
       0
       0
       0
       0
       2
       0
       0
       0
       0
       1
       1
       4
       1
       0
       3
       0
       1
       1
       1
       1
       3
       2
       1
       1
       0
       0
       1
       2
       3
       0
       0
       1
       1
       1
       3
       0
       1
       2
       1
       1
       1
       1
       2
       0
       3
       0
       2
       0
       1
       0
       1
       1
       0
       1
       0
       0
       0
       0
       0
       1
       2
       0
       2
       1
       0
       0
       1
       1
       2
       0
       0
       0
       0
       0
       0
       0
       0
       0
       0
       0
       0
       0
       0
       0
       0
       0
       0
       0
       0
       0
       0
       0
       0
       0
       0
       0
       0
       0
       0
       0
       0
       0
       0
       0
       0
       0
       0
       0
       0
       0
       0
       0
       0
       0
       0
       0
       0
       0
       0
       0
       0
       0
       0
       0
       0
       0
       0
       0
       0
       0
       0
       0
       0
       0
       0
       0
       0
       0
       0
       0
       0
       0
       0
       0
       0
       0
       0
       0
       0
       0
       0
       0
       0
       0
       0
       0
       0
       0
       0
       0
       0
       0
       0
       0
       0
       0
       0
       0
       0
       0
       0
       0
       0
       0
       0
       0
       0
       0
       0
       0
       0
       0
       0
       0
       0
       0
       0
       0
       0
       0
       0
       0
       0
       0
       0
       0
       0
       0
       0
       0
$ROI:
2
1936 2287
5338 5513
$PRESETS:
Integral
500000
0
$ENER_FIT:
0.000000 0.245432
$MCA_CAL:
3
0.000000E+000 2.454316E-001 0.000000E+000 keV
$SHAPE_CAL:
3
7.465718E+000 0.000000E+000 0.000000E+000
