$SPEC_ID:
No sample description was entered.
$SPEC_REM:
DET# 1
DETDESC# BUNCHER Easy-MCA-8k SN 9051292
AP# Maestro Version 6.08
$DATE_MEA:
07/26/2019 11:11:39
$MEAS_TIM:
554 643
$DATA:
0 8191
       0
       0
       0
       0
       0
       0
       0
       0
       0
       0
       0
       0
       0
       0
       0
       0
       0
       0
       0
       4
      13
      59
     402
    1265
    2452
    3740
    4656
   12482
    6045
     344
     219
     158
     380
    1052
    1814
    2143
    2174
    1868
    1744
    1620
    1426
    1539
    1457
    1532
    1499
    1480
    1543
    1499
    1568
    1465
    1528
    1472
    1489
    1453
    1404
    1433
    1423
    1329
    1414
    1344
    1342
    1312
    1338
    1310
    1258
    1294
    1296
    1310
    1234
    1276
    1306
    1263
    1207
    1246
    1205
    1221
    1182
    1200
    1183
    1120
    1190
    1221
    1171
    1172
    1140
    1144
    1160
    1184
    1145
    1135
    1073
    1135
    1137
    1104
    1064
    1146
    1058
    1123
    1045
    1097
    1064
    1157
    1018
    1086
    1059
    1037
    1046
    1009
    1063
    1007
    1013
     999
    1016
    1071
    1032
     989
    1039
    1029
     981
    1037
    1034
     973
     968
     974
     998
    1011
    1034
     954
    1046
     991
    1004
    1004
     971
     989
    1027
     912
     987
     974
     985
     903
    1020
     968
     966
     933
    1036
     937
     948
     894
     975
     933
     906
     953
     923
     896
     945
     894
     901
     952
     941
     890
     902
     953
     949
     896
     928
     926
     922
     851
     902
     915
     893
     974
     879
     892
     921
     913
     916
     938
     871
     926
     912
     910
     917
     930
     907
     845
     945
     804
     904
     893
     878
     907
     941
     884
     867
     862
     877
     894
     893
     897
     919
     884
     900
     929
     880
     871
     924
     929
     916
     894
     890
     872
     899
     887
    1006
     902
     851
     949
     919
     904
     935
     932
     919
     897
     925
     846
     891
     948
     926
     945
     881
     856
     933
     950
     903
     907
     946
     917
     960
     938
     925
     885
     975
     892
     890
     925
     916
     930
     905
     914
     897
     954
     978
     913
     967
     936
     968
     977
     934
     943
     941
     937
    1002
     919
     917
     951
     978
     928
     972
     926
     963
     987
     941
     988
     914
     960
     994
     946
     929
     983
     932
     980
     963
     941
     927
     973
     989
    1021
    1021
    1006
    1009
    1046
    1121
    1135
    1223
    1104
    1037
    1079
    1052
    1112
    1159
    1295
    1354
    1324
    1198
    1099
    1001
    1046
    1064
     973
    1054
    1006
    1001
     980
    1017
     996
    1017
    1040
    1055
    1041
    1023
    1017
    1048
    1091
    1079
    1090
    1018
    1110
    1005
    1142
    1100
    1073
    1056
    1035
    1106
    1103
    1027
    1087
    1185
    1145
    1271
    1212
    1265
    1325
    1196
    1145
    1184
    1100
    1125
    1109
    1096
    1127
    1162
    1213
    1153
    1141
    1079
    1089
    1082
    1129
    1142
    1103
    1095
    1096
    1068
    1167
    1084
    1155
    1157
    1099
    1191
    1095
    1124
    1139
    1104
    1179
    1158
    1162
    1164
    1146
    1109
    1137
    1090
    1159
    1134
    1260
    1190
    1183
    1183
    1147
    1159
    1192
    1186
    1128
    1180
    1172
    1225
    1190
    1156
    1237
    1240
    1145
    1219
    1221
    1191
    1216
    1176
    1161
    1203
    1198
    1167
    1338
    1245
    1203
    1247
    1212
    1211
    1152
    1269
    1240
    1288
    1256
    1250
    1203
    1193
    1230
    1217
    1229
    1325
    1293
    1260
    1221
    1294
    1286
    1244
    1166
    1257
    1257
    1297
    1218
    1228
    1298
    1275
    1268
    1230
    1234
    1258
    1345
    1234
    1273
    1337
    1296
    1259
    1284
    1231
    1222
    1263
    1286
    1299
    1288
    1294
    1299
    1282
    1242
    1298
    1268
    1238
    1203
    1376
    1278
    1273
    1219
    1283
    1313
    1302
    1258
    1242
    1295
    1284
    1354
    1275
    1313
    1257
    1292
    1260
    1247
    1288
    1300
    1289
    1246
    1299
    1269
    1274
    1265
    1292
    1308
    1269
    1326
    1284
    1249
    1232
    1286
    1256
    1280
    1304
    1272
    1202
    1294
    1338
    1280
    1295
    1258
    1258
    1277
    1308
    1257
    1242
    1223
    1222
    1218
    1299
    1308
    1268
    1335
    1226
    1243
    1249
    1206
    1272
    1255
    1265
    1250
    1308
    1184
    1265
    1205
    1217
    1235
    1246
    1269
    1236
    1326
    1265
    1246
    1249
    1215
    1214
    1242
    1259
    1242
    1199
    1287
    1279
    1257
    1248
    1227
    1206
    1186
    1331
    1264
    1218
    1266
    1263
    1251
    1232
    1169
    1209
    1214
    1204
    1251
    1256
    1331
    1302
    1233
    1253
    1228
    1231
    1247
    1274
    1240
    1208
    1224
    1263
    1279
    1233
    1211
    1226
    1164
    1253
    1255
    1214
    1256
    1277
    1260
    1204
    1232
    1166
    1244
    1262
    1226
    1125
    1213
    1197
    1249
    1203
    1196
    1212
    1239
    1227
    1227
    1229
    1195
    1210
    1199
    1178
    1231
    1168
    1265
    1151
    1193
    1155
    1238
    1208
    1213
    1189
    1224
    1211
    1171
    1243
    1165
    1121
    1229
    1237
    1200
    1199
    1252
    1239
    1174
    1206
    1180
    1167
    1173
    1207
    1175
    1224
    1196
    1195
    1206
    1162
    1229
    1188
    1201
    1154
    1218
    1247
    1158
    1164
    1161
    1181
    1163
    1153
    1276
    1198
    1209
    1244
    1161
    1205
    1107
    1195
    1200
    1119
    1166
    1172
    1204
    1121
    1176
    1168
    1157
    1173
    1138
    1235
    1138
    1167
    1211
    1183
    1209
    1268
    1218
    1242
    1273
    1233
    1250
    1297
    1303
    1262
    1255
    1194
    1323
    1279
    1251
    1334
    1271
    1246
    1282
    1193
    1259
    1235
    1261
    1275
    1269
    1264
    1254
    1248
    1213
    1209
    1205
    1289
    1245
    1272
    1268
    1231
    1209
    1174
    1169
    1185
    1214
    1220
    1219
    1193
    1190
    1227
    1143
    1198
    1183
    1153
    1215
    1175
    1143
    1143
    1199
    1117
    1163
    1156
    1126
    1139
    1151
    1210
    1129
    1105
    1133
    1110
    1129
    1188
    1171
    1175
    1105
    1140
    1128
    1106
    1159
    1128
    1113
    1103
    1052
    1148
    1088
    1083
    1109
    1070
    1090
    1106
    1063
    1136
    1098
    1068
    1063
    1070
    1085
    1042
    1105
    1067
    1048
    1035
    1051
    1018
    1053
    1082
     997
    1048
    1066
    1064
    1088
    1056
    1019
    1046
    1046
    1107
     991
    1074
    1036
    1018
     977
    1062
     997
    1059
    1026
    1075
    1027
    1027
    1038
     996
     993
    1039
    1044
    1031
    1049
     951
    1011
    1023
    1050
    1008
    1026
    1012
     946
     996
    1004
    1034
     972
    1053
    1001
     950
     973
    1018
    1001
     982
     989
    1002
    1003
    1010
    1030
    1001
    1010
    1013
    1055
     942
    1012
    1001
     967
    1005
     938
     911
     955
     925
    1005
     969
     929
     977
     980
     900
     917
     991
    1011
     926
     953
    1014
     962
     924
     954
    1025
     921
     939
     966
     973
     981
     943
     961
     985
     964
     901
     900
     948
     932
     928
     900
     983
     949
     939
     929
     903
     959
     910
     925
     923
     919
     936
     968
     977
     950
     965
     964
     900
     955
     926
     894
     958
     958
     898
     945
     927
     967
     960
     933
     961
     956
     935
     965
     947
    1013
     889
     914
    1000
     883
     924
     914
     923
     919
     981
     917
     850
     957
     930
     935
     875
     889
     892
     978
     913
     886
     955
     966
     925
     940
     915
     873
     836
     927
     948
     902
     860
     867
     914
     957
     851
     943
     901
     916
     918
     873
     907
     901
     907
     914
     898
     908
     913
     917
     968
     962
     907
     932
     964
     919
     904
     944
     946
     946
     905
     954
     955
     915
     888
     911
     923
     946
     970
     902
     918
     954
     930
     951
     937
     938
     883
     905
     855
     931
     907
     938
     886
     873
     958
     928
     899
     853
     898
     974
     871
     901
     911
     911
     894
     977
     914
     954
     915
     903
     941
     947
     873
     905
     909
     893
     872
     908
     928
     927
     936
     927
     883
     897
     932
     921
     870
     861
     927
     927
     923
     963
     887
     881
     932
     944
     953
     884
     913
     881
     919
     888
     912
     890
     894
     926
     942
     913
     957
     921
     898
     921
     910
     941
    1016
     899
     884
     901
     957
     948
     910
     908
     940
     848
     941
     935
     936
     869
     964
     888
     877
     904
     961
     919
     937
     897
     909
     899
     925
     910
     939
     914
     922
     910
     940
     899
     870
     917
     964
     928
     926
     970
     895
     877
     876
     927
     922
     874
     964
     947
     904
     927
     965
     879
     938
     917
     956
     960
     919
     967
     898
     895
     916
     961
     935
     899
     900
     972
     972
     923
     976
     905
     955
     984
     901
     938
     890
     873
     921
     885
     927
     928
     955
     892
     930
     952
     927
     891
     906
     945
     921
     925
     964
     925
     955
     942
     917
     919
    1011
     909
     957
     974
     856
     880
     895
     967
    1005
     950
     943
     948
     897
     925
     923
     946
     951
    1002
     970
     971
    1032
     944
     939
     918
    1023
     938
     969
     959
     936
     968
     934
     985
     945
     925
     997
     962
     946
    1007
     912
     931
     903
     937
     977
     971
     978
     957
     944
    1028
     957
    1014
     957
     966
     971
    1008
     994
     952
     923
     959
     921
     986
     988
    1007
     929
     973
     945
     953
     897
    1015
     986
     962
     953
     962
     991
     917
     977
    1007
     933
     980
     997
    1000
     974
    1035
     988
    1017
     979
    1041
    1013
     970
     950
    1012
    1053
     974
     985
     977
     963
    1023
     944
    1018
     975
    1042
     948
     917
    1037
    1005
     984
     964
    1028
    1045
     985
    1001
    1035
    1005
    1028
     973
    1052
     945
    1056
    1008
    1089
    1042
    1014
    1008
    1046
    1023
    1045
    1042
    1036
    1033
    1028
    1074
    1067
    1026
    1025
    1058
     992
     982
    1092
    1010
    1068
    1037
    1036
    1022
     972
    1039
    1043
    1096
    1027
     988
     971
    1066
    1120
    1037
    1028
    1052
     981
    1017
    1024
    1010
    1038
    1072
    1037
    1033
    1104
    1037
    1042
    1108
    1054
    1105
    1082
    1091
    1049
    1011
    1026
    1038
    1141
    1053
    1098
    1049
    1097
    1096
    1107
    1095
    1041
     997
    1027
    1087
    1072
    1070
    1066
    1098
    1070
    1048
    1063
    1079
    1098
    1080
    1011
     985
    1064
    1035
    1034
    1066
     978
    1052
    1008
    1062
    1070
    1098
    1090
    1031
    1074
    1078
    1069
    1025
    1063
    1010
    1028
    1029
    1085
    1016
    1032
    1031
    1042
    1043
    1005
    1014
    1016
     987
     945
     964
     915
     949
     922
     895
     911
     918
     865
     891
     852
     853
     901
     841
     786
     821
     817
     793
     793
     781
     779
     818
     768
     767
     809
     800
     790
     753
     738
     739
     733
     752
     747
     731
     705
     753
     721
     751
     737
     810
     742
     727
     719
     700
     698
     707
     718
     708
     694
     749
     710
     769
     776
     701
     658
     740
     682
     696
     638
     653
     658
     730
     656
     638
     680
     677
     667
     658
     656
     681
     685
     650
     639
     654
     656
     661
     673
     632
     643
     655
     633
     642
     622
     616
     628
     642
     667
     617
     660
     630
     657
     608
     623
     610
     643
     607
     566
     624
     618
     613
     627
     623
     560
     599
     634
     629
     621
     575
     599
     592
     584
     574
     590
     611
     591
     611
     556
     606
     581
     569
     594
     569
     577
     534
     596
     589
     536
     551
     555
     587
     556
     564
     570
     545
     576
     573
     539
     567
     551
     591
     546
     554
     575
     616
     521
     558
     579
     544
     561
     566
     614
     581
     533
     610
     543
     544
     537
     569
     531
     557
     557
     571
     547
     518
     519
     550
     515
     516
     530
     512
     501
     534
     561
     495
     549
     542
     522
     540
     489
     497
     577
     522
     532
     512
     523
     496
     536
     501
     512
     518
     489
     465
     493
     510
     499
     490
     519
     487
     498
     506
     493
     475
     495
     451
     514
     436
     497
     469
     495
     513
     464
     487
     483
     505
     502
     479
     456
     457
     482
     455
     481
     467
     422
     463
     482
     490
     466
     474
     475
     418
     485
     418
     465
     446
     466
     493
     504
     486
     494
     469
     479
     414
     474
     471
     468
     460
     474
     458
     463
     457
     488
     464
     430
     447
     427
     448
     424
     491
     424
     443
     439
     462
     444
     465
     457
     449
     434
     476
     466
     434
     420
     437
     405
     432
     432
     429
     425
     471
     468
     474
     431
     427
     458
     408
     411
     431
     461
     435
     418
     410
     395
     429
     447
     464
     436
     421
     460
     432
     425
     396
     440
     446
     427
     420
     400
     428
     406
     419
     432
     396
     439
     445
     403
     443
     414
     399
     427
     440
     387
     418
     416
     445
     415
     422
     401
     411
     418
     375
     393
     419
     440
     434
     433
     389
     404
     378
     470
     425
     412
     425
     399
     375
     397
     449
     388
     362
     436
     416
     399
     441
     407
     375
     420
     414
     397
     410
     368
     393
     393
     423
     414
     394
     415
     422
     391
     405
     424
     399
     368
     387
     412
     407
     393
     386
     383
     386
     423
     396
     420
     366
     409
     384
     362
     401
     384
     413
     370
     416
     391
     403
     379
     410
     400
     419
     391
     424
     414
     389
     396
     376
     400
     369
     391
     404
     384
     396
     399
     399
     393
     356
     359
     437
     391
     403
     423
     431
     418
     397
     373
     401
     362
     421
     378
     393
     404
     382
     364
     417
     413
     365
     401
     445
     350
     390
     424
     425
     408
     433
     414
     380
     400
     362
     378
     423
     396
     408
     390
     373
     387
     380
     401
     387
     402
     408
     437
     426
     417
     426
     397
     433
     401
     368
     367
     393
     371
     378
     376
     429
     416
     389
     412
     357
     400
     392
     363
     408
     414
     408
     376
     373
     381
     391
     378
     396
     405
     382
     361
     390
     364
     375
     394
     365
     425
     383
     364
     367
     341
     383
     381
     383
     369
     377
     369
     381
     412
     382
     394
     374
     381
     368
     391
     383
     391
     373
     390
     384
     361
     385
     385
     359
     411
     343
     395
     425
     385
     378
     417
     389
     383
     398
     353
     366
     364
     369
     362
     377
     362
     346
     407
     355
     373
     391
     387
     374
     343
     405
     374
     367
     404
     343
     364
     363
     359
     361
     336
     370
     355
     373
     390
     398
     380
     399
     411
     368
     382
     322
     402
     366
     354
     410
     383
     392
     351
     379
     386
     389
     366
     369
     386
     381
     384
     400
     399
     387
     372
     373
     389
     386
     351
     396
     381
     374
     415
     352
     416
     386
     377
     371
     364
     388
     342
     376
     361
     355
     364
     376
     382
     390
     382
     356
     368
     363
     357
     366
     410
     400
     375
     358
     386
     366
     385
     391
     332
     357
     381
     368
     363
     369
     369
     407
     376
     376
     383
     394
     381
     382
     393
     346
     368
     376
     353
     382
     366
     361
     367
     379
     376
     347
     393
     378
     403
     383
     379
     350
     364
     378
     395
     377
     369
     417
     391
     399
     367
     371
     392
     417
     375
     422
     394
     408
     452
     430
     417
     480
     500
     479
     585
     611
     680
     727
     830
    1070
    1237
    1542
    1791
    2292
    2834
    3600
    4643
    5940
    7469
    9525
   12052
   14840
   18711
   22088
   24914
   27924
   29674
   30406
   30218
   28836
   26696
   23365
   20091
   16323
   13117
   10335
    7914
    6021
    4581
    3576
    2835
    2148
    1679
    1317
    1023
     860
     682
     580
     480
     377
     370
     323
     255
     268
     238
     207
     222
     211
     225
     188
     166
     165
     168
     152
     161
     149
     157
     152
     138
     123
     162
     137
     153
     144
     164
     162
     135
     142
     134
     125
     134
     128
     125
     126
     120
     128
     105
     149
      98
     132
     119
     143
     119
     123
     108
     123
     100
     131
     112
     109
     119
     112
     117
     119
     103
     104
     101
      92
     119
     135
     106
     126
      99
      86
      97
     115
      80
      82
     101
      89
     107
     102
      96
      93
     108
      90
      95
      86
     104
     117
      85
      96
     106
      92
     100
     113
     102
     110
      87
      92
      95
      93
      97
      97
     110
      83
     113
      99
      86
      91
      82
      87
      80
      93
     101
      96
      82
      99
      80
      91
      93
      77
      85
     105
      76
      77
      96
      84
      94
     106
      74
      99
      81
      84
      79
      82
      80
      84
      85
      75
      85
      80
      93
      87
      89
      80
      78
      91
      82
      83
     107
      67
      78
      82
      97
      67
      91
      80
      71
      75
      73
      80
      80
      63
      87
      78
      73
      67
      57
      92
      90
      81
      81
      78
      69
      88
      90
      81
      61
      95
      76
      83
      76
      73
      74
      76
      69
      88
      60
      78
      78
      66
      78
      73
      81
      74
      88
      78
      80
      76
      87
      75
      87
      93
      71
      80
      88
      93
      80
      78
      71
      74
      70
      66
      65
      81
      65
      77
      78
      66
      60
      80
      67
      76
      66
      80
      87
      75
      79
      68
      68
      80
      81
      62
      81
      74
      71
      83
      92
      66
      71
      73
      67
      66
      68
      62
      79
      83
      62
      82
      67
      68
      71
      76
      60
      73
      71
      64
      79
      73
      61
      75
      73
      75
      73
      74
      79
      78
      74
      60
      70
      83
      57
      59
      59
      65
      72
      70
      84
      63
      80
      78
      88
      96
      84
      63
      65
      70
      68
      60
      62
      72
      64
      66
      65
      76
      67
      64
      61
      68
      86
      71
      64
      62
      69
      68
      53
      70
      66
      63
      64
      44
      68
      50
      61
      76
      61
      53
      61
      68
      50
      67
      60
      58
      55
      79
      70
      53
      66
      51
      64
      72
      63
      69
      74
      65
      50
      76
      72
      76
      72
      53
      59
      75
      52
      69
      64
      62
      58
      66
      63
      58
      48
      67
      54
      64
      58
      87
      59
      69
      63
      60
      65
      70
      65
      62
      58
      64
      74
      69
      69
      52
      72
      71
      82
      52
      63
      58
      56
      66
      68
      75
      56
      72
      93
      81
     106
      90
     125
     107
     102
      88
      78
      61
      68
      64
      67
      55
      67
      59
      64
      67
      62
      66
      62
      51
      54
      55
      55
      73
      57
      52
      57
      56
      74
      51
      52
      56
      63
      61
      74
      59
      55
      68
      64
      57
      47
      48
      51
      42
      51
      59
      49
      51
      82
      49
      66
      53
      59
      59
      62
      61
      68
      54
      52
      49
      68
      61
      42
      61
      65
      54
      68
      52
      64
      56
      78
      48
      44
      46
      60
      48
      57
      54
      44
      52
      57
      53
      47
      48
      50
      58
      60
      65
      49
      57
      59
      60
      63
      60
      55
      56
      63
      59
      52
      62
      63
      66
      50
      61
      62
      50
      69
      54
      56
      57
      68
      54
      48
      56
      48
      47
      41
      66
      60
      54
      65
      56
      64
      68
      59
      69
      50
      48
      65
      46
      65
      50
      48
      55
      57
      53
      57
      47
      52
      55
      45
      47
      47
      56
      45
      55
      48
      51
      41
      60
      73
      51
      62
      59
      53
      59
      57
      60
      52
      47
      63
      53
      59
      48
      55
      46
      54
      63
      46
      53
      64
      47
      54
      40
      52
      49
      50
      55
      50
      50
      55
      55
      55
      56
      60
      42
      54
      43
      54
      48
      42
      39
      37
      51
      41
      39
      46
      54
      41
      46
      50
      58
      45
      46
      53
      48
      42
      55
      53
      54
      40
      76
      45
      49
      54
      47
      42
      51
      46
      40
      64
      52
      43
      46
      45
      44
      51
      44
      42
      45
      31
      54
      48
      55
      48
      38
      52
      31
      47
      44
      49
      47
      49
      56
      45
      47
      43
      47
      42
      44
      56
      33
      50
      42
      45
      44
      47
      59
      43
      57
      45
      60
      39
      42
      43
      40
      53
      40
      56
      43
      54
      51
      44
      47
      52
      52
      56
      38
      33
      32
      42
      58
      57
      57
      49
      46
      37
      47
      39
      45
      53
      44
      51
      47
      42
      59
      52
      44
      46
      48
      53
      51
      53
      55
      39
      48
      52
      57
      52
      61
      47
      67
      42
      55
      46
      42
      48
      39
      52
      47
      35
      48
      53
      41
      43
      50
      52
      41
      50
      35
      42
      42
      37
      45
      43
      43
      33
      34
      41
      66
      44
      50
      57
      41
      49
      42
      46
      41
      39
      43
      50
      51
      36
      47
      34
      45
      41
      36
      39
      34
      34
      56
      44
      35
      53
      44
      41
      38
      54
      39
      33
      38
      45
      42
      44
      37
      43
      53
      54
      49
      32
      39
      37
      47
      35
      41
      36
      41
      44
      40
      36
      46
      50
      46
      30
      36
      46
      41
      38
      44
      42
      55
      36
      34
      41
      48
      46
      37
      42
      39
      39
      39
      48
      40
      27
      39
      48
      33
      40
      32
      44
      37
      42
      41
      44
      32
      41
      47
      50
      50
      48
      42
      53
      37
      39
      51
      39
      36
      33
      45
      34
      29
      54
      35
      44
      32
      42
      43
      30
      33
      44
      38
      35
      56
      34
      37
      51
      34
      41
      32
      44
      31
      44
      42
      35
      44
      49
      48
      44
      42
      45
      26
      37
      39
      35
      41
      48
      30
      47
      41
      42
      28
      32
      39
      35
      34
      39
      27
      40
      40
      35
      44
      45
      42
      21
      35
      38
      40
      28
      43
      41
      43
      38
      40
      38
      39
      46
      30
      40
      42
      45
      48
      39
      34
      44
      32
      42
      37
      36
      30
      41
      35
      40
      41
      32
      30
      41
      46
      24
      37
      42
      48
      43
      36
      39
      27
      31
      35
      34
      36
      50
      42
      27
      41
      44
      38
      38
      35
      43
      38
      34
      34
      34
      35
      36
      32
      33
      25
      23
      39
      39
      38
      40
      51
      30
      30
      31
      50
      47
      31
      35
      39
      38
      35
      35
      40
      32
      23
      39
      38
      45
      32
      42
      39
      30
      28
      38
      44
      34
      36
      36
      37
      38
      36
      34
      33
      34
      34
      34
      30
      43
      37
      41
      24
      29
      33
      31
      33
      39
      37
      24
      36
      36
      34
      46
      40
      26
      33
      38
      32
      38
      35
      28
      38
      35
      27
      34
      23
      28
      30
      25
      29
      37
      44
      25
      30
      34
      35
      55
      45
      35
      44
      35
      28
      48
      30
      32
      35
      50
      33
      48
      35
      48
      45
      45
      42
      35
      32
      36
      36
      36
      32
      26
      43
      48
      31
      23
      33
      41
      37
      39
      29
      24
      35
      28
      34
      35
      30
      29
      46
      37
      23
      34
      32
      21
      35
      35
      34
      36
      40
      34
      31
      26
      42
      27
      30
      32
      34
      32
      31
      22
      40
      34
      33
      25
      35
      29
      24
      40
      36
      33
      23
      32
      22
      34
      40
      38
      35
      29
      30
      37
      41
      26
      42
      38
      36
      33
      35
      40
      34
      37
      35
      34
      35
      40
      37
      27
      31
      33
      35
      47
      35
      31
      30
      23
      32
      23
      37
      35
      32
      34
      27
      26
      41
      34
      39
      26
      28
      35
      26
      28
      35
      35
      31
      33
      34
      35
      38
      31
      33
      36
      26
      39
      28
      36
      36
      26
      35
      34
      37
      30
      31
      32
      40
      36
      25
      18
      26
      39
      28
      29
      37
      25
      41
      28
      24
      33
      43
      30
      35
      27
      34
      25
      29
      34
      46
      42
      32
      32
      34
      34
      30
      27
      35
      36
      39
      28
      35
      25
      30
      43
      30
      47
      29
      31
      35
      28
      28
      28
      30
      39
      23
      32
      29
      39
      28
      26
      27
      29
      37
      32
      35
      30
      31
      29
      28
      41
      33
      38
      33
      38
      29
      28
      33
      28
      28
      27
      29
      29
      37
      38
      37
      31
      28
      35
      33
      25
      38
      26
      33
      31
      35
      28
      42
      41
      32
      30
      31
      26
      27
      32
      29
      36
      29
      30
      29
      17
      33
      30
      30
      35
      25
      24
      34
      32
      34
      23
      22
      40
      29
      32
      43
      29
      34
      31
      43
      34
      31
      36
      22
      25
      28
      38
      30
      35
      29
      25
      40
      27
      43
      30
      28
      39
      37
      29
      31
      36
      31
      40
      31
      22
      29
      28
      22
      29
      37
      28
      30
      24
      28
      29
      33
      26
      31
      30
      35
      32
      38
      26
      39
      35
      37
      34
      30
      24
      41
      20
      24
      28
      45
      33
      29
      27
      33
      28
      26
      35
      28
      21
      32
      24
      30
      27
      31
      32
      33
      31
      35
      31
      30
      26
      32
      31
      21
      20
      36
      35
      22
      24
      30
      28
      29
      24
      31
      28
      32
      29
      28
      19
      27
      33
      38
      22
      24
      39
      28
      40
      29
      25
      30
      22
      26
      20
      33
      29
      36
      19
      39
      31
      30
      20
      26
      31
      27
      24
      27
      36
      26
      35
      34
      40
      34
      34
      32
      31
      28
      29
      27
      32
      19
      40
      33
      38
      28
      24
      22
      20
      26
      18
      24
      27
      31
      29
      30
      20
      31
      36
      20
      30
      20
      30
      35
      35
      26
      31
      40
      31
      22
      30
      22
      35
      27
      27
      30
      25
      28
      25
      25
      30
      31
      26
      31
      23
      29
      18
      33
      25
      24
      33
      25
      30
      22
      26
      27
      20
      30
      24
      32
      23
      29
      26
      33
      33
      39
      24
      22
      25
      25
      22
      21
      23
      26
      28
      19
      28
      28
      29
      23
      29
      26
      29
      29
      29
      22
      25
      26
      30
      25
      26
      29
      32
      31
      24
      23
      18
      31
      30
      38
      15
      27
      28
      25
      26
      26
      34
      26
      35
      24
      24
      21
      28
      32
      32
      22
      26
      21
      27
      23
      32
      27
      24
      24
      27
      30
      27
      28
      41
      23
      27
      26
      30
      21
      28
      20
      27
      26
      32
      31
      23
      28
      33
      26
      30
      28
      26
      31
      34
      25
      24
      32
      25
      21
      27
      22
      23
      28
      21
      31
      23
      36
      35
      22
      22
      26
      20
      21
      37
      37
      22
      26
      27
      19
      23
      30
      26
      38
      42
      24
      20
      32
      35
      29
      22
      31
      21
      22
      33
      22
      25
      30
      16
      42
      28
      26
      32
      42
      29
      23
      32
      31
      30
      29
      25
      27
      21
      27
      32
      23
      28
      28
      25
      21
      30
      25
      30
      27
      35
      32
      39
      24
      29
      30
      38
      24
      21
      22
      14
      29
      31
      27
      17
      21
      26
      33
      27
      24
      16
      28
      27
      28
      32
      26
      33
      34
      16
      24
      22
      33
      29
      26
      27
      24
      24
      27
      30
      16
      33
      24
      25
      24
      34
      33
      31
      26
      25
      21
      29
      27
      31
      27
      25
      27
      26
      24
      16
      16
      24
      27
      21
      20
      28
      27
      27
      20
      21
      31
      29
      36
      37
      28
      33
      34
      20
      32
      24
      26
      32
      22
      28
      31
      28
      27
      25
      18
      20
      25
      29
      20
      32
      22
      21
      28
      26
      29
      20
      25
      30
      29
      34
      29
      24
      32
      28
      19
      31
      24
      31
      21
      25
      31
      28
      16
      20
      27
      34
      28
      31
      27
      35
      17
      21
      31
      35
      18
      31
      29
      29
      26
      29
      28
      24
      32
      36
      22
      14
      20
      31
      28
      32
      24
      22
      27
      25
      37
      19
      20
      27
      28
      23
      24
      37
      24
      34
      34
      29
      33
      27
      23
      22
      26
      20
      28
      27
      25
      24
      30
      19
      26
      39
      30
      31
      27
      28
      27
      28
      32
      19
      20
      26
      29
      24
      29
      24
      22
      37
      30
      26
      20
      26
      26
      26
      29
      38
      17
      18
      24
      24
      29
      27
      18
      18
      19
      21
      29
      22
      24
      14
      34
      24
      26
      19
      29
      28
      23
      29
      22
      21
      27
      28
      23
      16
      29
      23
      22
      26
      21
      25
      19
      21
      24
      21
      12
      21
      19
      31
      18
      18
      31
      28
      26
      27
      22
      14
      26
      31
      20
      29
      28
      30
      16
      27
      16
      24
      29
      33
      26
      19
      31
      23
      20
      26
      24
      28
      12
      24
      28
      20
      29
      18
      21
      18
      21
      26
      22
      26
      22
      23
      20
      13
       9
      22
      25
      20
      29
      20
      25
      29
      26
      19
      26
      25
      28
      19
      16
      24
      16
      25
      29
      21
      23
      25
      22
      23
      28
      19
      20
      24
      20
      17
      19
      15
      27
      25
      23
      21
      15
      20
      25
      32
      22
      23
      14
      21
      16
      19
      21
      24
      27
      16
      34
      29
      30
      16
      27
      23
      23
      22
      24
      25
      17
      27
      26
      28
      14
      17
      25
      16
      18
      18
      26
      24
      21
      25
      28
      30
      28
      24
      22
      26
      21
      22
      18
      24
      18
      29
      25
      18
      26
      19
      26
      17
      23
      29
      27
      20
      31
      21
      18
      26
      17
      21
      35
      19
      33
      18
      22
      14
      15
      22
      26
      31
      20
      32
      24
      26
      28
      24
      15
      24
      22
      28
      25
      20
      22
      33
      26
      26
      24
      25
      24
      27
      32
      33
      29
      29
      29
      37
      26
      19
      36
      42
      34
      35
      19
      37
      27
      28
      26
      19
      20
      24
      18
      23
      18
      19
      25
      21
      18
      23
      21
      23
      16
      25
      15
      14
      10
      23
      13
      10
      17
      11
      17
      17
      10
      17
      14
      12
      18
      16
      22
      10
      20
      16
      21
      18
      18
      16
      13
      14
      13
      16
      15
      14
      16
      24
      17
      21
      24
      10
      17
      17
      16
      15
      16
      14
      25
      13
      19
      17
      25
      15
      17
      14
      12
      13
      14
      10
      12
      18
      22
      26
      18
      22
      16
      15
      14
      17
      15
      17
      16
      13
      20
      20
      13
      13
      34
      15
      23
      22
      20
      14
       8
      16
      17
      21
      20
       9
      16
      10
      17
      15
      20
      19
      18
      19
      17
      27
      16
      15
      16
      22
      14
      10
      17
      15
      26
      11
      18
      11
      20
      18
      17
      15
      11
      22
      16
      15
      18
      14
      13
      17
      16
      21
      10
      11
       9
      15
      14
      19
      17
      10
      14
      20
      15
      15
      17
      23
      19
      14
      13
      20
      17
      25
      17
      18
      18
      18
      21
      20
      24
      18
      14
      18
      16
      15
      12
      20
      18
      15
      17
      16
      19
      15
      15
      14
      14
      13
      19
      16
      14
      12
      14
      11
      17
      16
      12
      20
      18
      16
      18
      19
      11
      12
      11
      13
      14
      14
      17
      19
      27
      19
      14
      19
      15
      16
      15
      14
      19
      10
      23
      15
      10
      24
      19
      12
       6
      16
      21
      10
      16
      12
      24
      14
      12
      22
      15
      23
      11
      18
       9
      12
      16
      17
      14
      15
      13
      10
      19
      13
      14
      14
      15
      18
      12
      24
      19
      10
      14
      16
      13
      12
      15
      15
      15
      18
      20
      15
       9
      13
      11
      15
      14
      16
      16
      20
      29
      18
      17
      18
       9
      13
      24
      16
       9
      18
      17
      22
      16
      17
      11
      18
      17
      14
      14
      22
      11
      17
      24
      11
      24
       8
      15
      15
      18
      17
      12
      22
      16
      19
      12
      19
      10
      19
      14
      16
      10
      18
      20
      10
      18
      19
      14
      20
      11
      16
      12
      19
      21
      21
       7
      23
      13
      13
      16
      11
      16
      17
      10
      15
      17
      18
      11
      12
      12
      12
      23
      15
      16
      14
      17
      22
       7
      15
      23
      12
      18
      21
      16
      11
      20
      15
      11
      16
      16
      14
      18
      18
      15
      13
      19
       9
      14
      19
      15
      14
      19
      23
       8
      13
      16
      18
      10
      12
      14
      18
      19
      15
      13
      14
      15
       7
      17
      10
      11
      19
      15
      14
       7
      11
      13
      10
      15
      18
      22
      21
      35
      23
      25
      32
      35
      20
      16
      15
      16
      15
       8
       9
       8
      12
      15
      13
      13
      15
      17
      13
       8
      14
      12
      10
      15
       9
      14
      13
      16
      17
      11
       6
      14
      11
       9
       9
       9
      11
      16
       7
      10
      17
      16
       7
      12
      12
      15
      14
      12
      13
      13
      20
      12
      16
      13
      14
      12
      19
       7
      16
      15
      16
       8
      13
       9
      10
       8
      11
       9
       7
      11
      12
       8
      19
       7
      17
      15
       7
      12
      16
      14
      16
      11
      10
      16
      13
       9
      13
       9
      12
      15
      10
      17
      11
      12
       7
      14
      10
       8
       8
       8
       8
      12
      11
      12
      14
      16
       8
      15
      11
      12
      15
      16
       8
       6
       8
      12
       8
      20
      12
       7
       8
      12
      16
      14
       6
      18
      10
       5
       6
       6
      11
      10
      11
      10
      13
      15
      10
       7
      13
      10
      17
      11
      14
       8
      14
      17
      22
       9
      13
       8
      10
       8
      11
       9
       8
      12
      12
       6
      12
      15
       7
      11
       8
       7
      14
      12
      14
      10
      10
       9
       9
      12
      16
       7
      13
      13
      10
      13
      10
       8
       8
       8
       6
       8
      12
       7
      13
      12
       9
      11
      11
       6
      14
      11
      14
      10
      11
      15
      15
       5
      15
      13
       9
      11
      11
      23
      17
      26
      25
      49
      51
     124
     181
     238
     365
     484
     511
     527
     476
     405
     286
     196
     101
      54
      28
      14
      21
      20
       9
      12
      12
      14
       8
      16
      12
      10
       8
      16
      16
       8
      10
       6
       9
       8
      10
      13
      12
      10
      11
      12
       7
       6
       6
      11
       4
       8
      11
       8
      12
       8
       6
      11
       9
       4
       8
      11
      14
      10
       6
      13
       9
      14
       6
       7
      12
      11
       5
       8
      11
       4
      13
       5
      10
      13
       6
      10
       8
      12
       7
       8
      12
      13
      10
      13
      10
      13
      11
       6
      12
      11
       5
       6
       9
      11
       7
       9
       6
       6
       7
      10
       6
      11
       8
      11
      10
       4
      11
       7
       8
      10
       8
       8
       6
      10
       9
       8
       8
       8
       7
       3
       6
       7
       6
       4
       6
       4
       6
       8
       4
       8
       6
       7
       4
       4
      12
      11
       6
      10
       8
       7
       6
       9
       7
      16
       3
       7
      10
       9
       9
       5
       9
       6
      14
       7
       4
       5
       3
      12
       9
       6
      12
       3
       8
       4
       8
      14
      12
       8
       9
       7
       9
       4
      11
       2
       4
       5
       6
       3
       7
       8
       7
       8
       6
       9
       8
       5
       8
       7
       7
       9
       8
       4
      11
       7
      11
      12
       7
       7
       9
       8
       2
      11
       9
       5
       8
       8
       3
       5
       8
       8
       4
       4
       4
      11
       6
       4
      12
       6
       6
       7
       6
       4
      10
       3
       6
       5
       6
       3
       6
       8
       5
       6
       5
       9
      11
       3
       7
       7
       6
       7
       5
       7
      14
       9
       6
       7
       8
       7
       6
       6
      11
       6
      13
       4
       6
       5
       6
      12
       4
       4
       4
       6
      11
       5
       6
       6
       7
       4
       7
      16
      14
      18
      18
      11
       9
       7
       6
       6
       9
      11
       6
       7
       6
      10
       5
       9
       4
       8
      10
       7
       6
       2
      12
       4
       4
       3
       7
       7
       7
       7
       5
       7
       7
       7
       6
       8
       5
       2
       3
       7
       4
       6
       8
       3
       2
       3
       9
       7
      11
       4
       8
      10
       6
       5
       3
       8
       6
       4
       2
       6
       9
       3
       5
       7
      13
       7
      11
       8
       5
       5
       2
       5
       3
       6
       6
       5
       3
       7
       7
       4
       6
       5
       4
       7
       7
       7
       6
       6
       5
       2
       7
       4
      11
       7
       4
       4
       8
       3
       9
       6
       9
       6
       6
       4
       7
       2
       6
       7
       7
       5
       6
       4
       1
       5
       9
       7
       9
       2
       5
       8
       3
       5
       7
       6
       1
       8
       7
      10
       2
       9
       7
       9
       7
       6
       8
       2
       4
       4
       9
       9
       4
       2
       2
      10
       4
       9
       9
      14
      14
      12
      17
      15
      16
       4
       6
      12
       7
      14
       3
       4
       3
       8
       6
       3
       3
       7
      10
       7
       6
      12
       7
       9
       3
       4
       9
       8
       9
       7
       4
       4
       4
       3
       4
       1
       6
       6
       5
       5
       2
       7
       5
       0
       8
       4
       3
       5
       7
      12
       4
       7
       4
       5
       1
       7
       5
       5
       8
       8
       4
       2
       7
       6
       3
       5
       6
       3
       4
       2
       5
       9
       4
       6
       4
       5
       4
       4
       3
       8
       3
       9
       6
       8
       6
       1
       6
       7
       5
       3
       4
       5
       8
       3
       3
       5
       4
       4
       2
       4
       4
      10
       6
       1
       4
       4
       4
       4
       5
       7
       2
       6
       7
       3
       5
       5
       8
       5
       3
       7
       5
       5
       8
       1
       4
       5
       3
       3
       2
       1
       0
       8
       7
       5
       6
       7
       3
       3
       6
       1
       7
       5
       3
       5
       7
       5
       3
       7
      10
       7
       3
       6
       4
       2
       3
       6
       5
       1
       5
       7
       5
       3
      10
       6
       1
       3
       5
       7
       5
       4
       4
       2
       2
       6
       9
       2
       3
       3
       5
       6
       5
       4
       4
       5
       6
       3
       3
       8
       3
       6
       2
       3
       4
      10
      11
       4
       7
       3
       3
       2
      10
       7
       6
       4
       4
       5
       3
       5
       4
       4
       0
       5
       7
       6
       7
       3
       2
       4
       5
       5
       6
       7
       6
      10
       6
       9
       8
      14
      12
      22
      26
      45
      88
     121
     210
     279
     342
     452
     501
     417
     396
     294
     220
     149
      98
      42
      20
       8
      15
       8
       5
       5
       7
       4
       7
       4
       2
       1
       5
       4
       6
       5
       2
       4
       1
       6
       8
       6
       2
       3
       8
       6
       5
       3
       4
       2
       1
       7
       2
      10
       6
       3
       2
       4
       8
       4
       3
       3
       6
       3
       4
       1
       4
       3
       7
       3
      10
       4
       2
       5
       5
       7
       3
       3
       5
       8
       9
       3
       4
       3
       5
       7
       5
       3
       6
       1
       3
       4
       3
       2
       2
       4
       2
       2
       3
       2
       2
       2
       3
       3
       2
       4
       2
       0
       4
       2
       3
       5
       6
       6
       1
       2
       5
       2
       1
       5
       2
       1
       4
       1
       2
       7
       4
       4
       3
       4
       2
       3
       2
       1
       4
       4
       4
       1
       0
       5
       2
       6
       7
       2
       1
       3
       4
       1
       5
       2
       2
       5
       2
       5
       1
       3
       2
       2
       3
       4
       6
       2
       3
       3
       1
       3
       5
       2
       1
       7
       4
       2
       2
       5
       2
       4
       1
       4
       3
       4
       2
       7
       2
       3
       2
       2
       2
       3
       2
       8
       4
       2
       4
       2
       6
       1
       8
       4
       9
       8
       4
       8
       2
       2
       1
       1
       2
       5
       3
       4
       5
       2
       1
       5
       4
       4
       5
       2
       2
       6
       6
       3
       2
       9
       5
       5
       3
       5
       6
       5
       2
       4
       3
       1
       2
       3
       3
       3
       3
       3
       2
       2
       3
       1
       0
       3
       0
       1
       1
       3
       4
       4
       2
       2
       3
       2
       0
       3
       0
       3
       5
       3
       1
       4
       4
       2
       5
       4
       2
       2
       2
       2
       2
       3
       2
       2
       2
       4
       0
       3
       5
       3
       4
       3
       5
       4
       6
       7
       3
       0
      11
       2
       3
       6
       6
       9
       6
       3
       4
       6
       1
       3
       4
       4
       1
       3
       3
       5
       4
       4
       0
       2
       2
       7
       4
       2
       3
       2
       4
       8
       7
       6
       3
       7
       6
       5
       4
       3
       1
       2
       1
       1
       2
       4
       6
       2
       3
       2
       6
       4
       1
       5
       2
       1
       1
       2
       2
       3
       0
       0
       9
       4
       5
       2
       1
       4
       4
       2
       5
       4
       1
       3
       3
       1
       4
       4
       1
       1
       3
       3
       1
       3
       3
       4
       1
       1
       3
       2
       4
       5
       3
       3
       2
       4
       2
       2
       2
       1
       5
       2
       2
       2
       5
       5
       1
       1
       1
       3
       1
       1
       4
       1
       3
       3
       1
       2
       2
       4
       6
       2
       2
       1
       5
       2
       1
       1
       5
       3
       3
       1
       5
       2
       4
       2
       5
       2
       1
       1
       3
       0
       2
       1
       4
       4
       1
       5
       4
       3
       1
       4
       4
       3
       8
       0
       2
       4
       1
       2
       7
       2
       2
       4
       3
       2
       1
       5
       3
       4
       4
       1
       4
       1
       2
       3
       4
       4
       3
       5
       3
       1
       1
       4
       4
       3
       3
       1
       1
       2
       1
       5
       1
       3
       2
       1
       4
       2
       0
       2
       6
       3
       1
       1
       1
       2
       3
       5
       3
       2
       4
       0
       1
       2
       3
       5
       3
       3
       4
       1
       1
       1
       3
       1
       2
       2
       3
       4
       2
       2
       3
       4
       6
       3
       2
       2
       0
       3
       6
       7
       7
      14
      20
      25
      35
      53
      45
      58
      49
      40
      47
      31
      22
      15
      15
       9
       5
       2
       2
       8
       4
       6
       0
       2
       6
       5
       4
       7
       3
       3
       7
       2
       1
       0
       0
       4
       2
       4
       1
       2
       4
       5
       5
       1
       3
       2
       2
       3
       4
       2
       7
       0
       1
       0
       4
       1
       3
       2
       4
       5
       2
       3
       0
       1
       1
       1
       5
       1
       4
       2
       1
       2
       1
       3
       4
       2
       6
       5
       1
       2
       3
       3
       4
       2
       2
       3
       1
       3
       3
       2
       0
       3
       0
       0
       3
       3
       3
       4
       5
       4
       1
       1
       0
       4
       3
       5
       1
       1
       0
       2
       4
       1
       2
       3
       3
       0
       1
       1
       0
       5
       1
       1
       2
       1
       3
       2
       2
       1
       4
       1
       1
       6
       2
       2
       2
       3
       4
       2
       1
       2
       4
       0
       1
       3
       2
       5
       3
       2
       0
       4
       4
       2
       3
       4
       3
       2
       1
       3
       1
       3
       1
       3
       2
       4
       2
       2
       2
       4
       6
       2
       1
       3
       2
       2
       8
       3
       1
       3
       2
       3
       3
       3
       1
       3
       0
       2
       5
       3
       4
       1
       2
       4
       3
       3
       3
       0
       2
       2
       4
       1
       1
       9
       1
       5
       8
       3
       3
       3
       0
       2
       4
       4
       0
       2
       2
       3
       3
       2
       3
       3
       2
       4
       4
       3
       3
       5
       4
       2
       2
       2
       1
       2
       2
       1
       1
       6
       2
       0
       2
       2
       1
       0
       3
       4
       1
       3
       3
       1
       1
       2
       1
       1
       0
       0
       2
       1
       4
       2
       5
       4
       3
       1
       2
       5
       2
       3
       2
       3
       3
       1
       6
       3
       1
       4
       3
       2
       3
       1
       1
       2
       4
       6
       1
       2
       2
       3
       4
       2
       1
       3
       2
       1
       1
       4
       3
       3
       1
       2
       0
       1
       1
       2
       2
       4
       2
       2
       3
       2
       0
       4
       2
       5
       1
       1
       1
       4
       0
       1
       1
       0
       1
       3
       5
       2
       3
       3
       3
       2
       1
       4
       4
       0
       2
       0
       3
       2
       6
       0
       1
       2
       2
       3
       0
       0
       2
       1
       3
       1
       2
       4
       4
       2
       2
       5
       1
       0
       2
       1
       3
       1
       4
       3
       1
       1
       0
       0
       1
       3
       5
       2
       0
       1
       2
       2
       2
       0
       0
       5
       2
       0
       4
       2
       2
       2
       4
       1
       2
       1
       2
       3
       5
       3
       3
       1
       1
       2
       2
       3
       2
       2
       2
       3
       2
       3
       2
       1
       1
       3
       0
       1
       0
       0
       3
       1
       1
       3
       0
       2
       0
       3
       2
       2
       3
       3
       2
       2
       1
       0
       0
       4
       3
       4
       2
       2
       0
       2
       0
       4
       3
       2
       4
       0
       4
       2
       0
       1
       2
       2
       1
       0
       0
       1
       2
       3
       0
       1
       0
       2
       3
       1
       1
       2
       2
       3
       3
       1
       1
       2
       2
       2
       4
       3
       1
       1
       2
       1
       0
       2
       2
       2
       2
       0
       1
       3
       4
       1
       0
       1
       1
       0
       5
       3
       1
       4
       3
       4
       3
       0
       0
       0
       1
       3
       2
       1
       2
       2
       2
       2
       4
       2
       1
       2
       2
       2
       2
       1
       2
       3
       2
       1
       3
       3
       2
       4
       1
       0
       1
       4
       1
       0
       2
       5
       3
       2
       1
       3
       2
       1
       1
       2
       1
       3
       4
       2
       4
       7
       2
       1
       3
       0
       2
       6
       1
       2
       1
       1
       2
       0
       4
       0
       3
       2
       0
       2
       1
       1
       4
       0
       2
       3
       1
       0
       0
       1
       1
       2
       2
       1
       1
       2
       1
       2
       2
       1
       2
       2
       2
       0
       2
       3
       0
       4
       2
       0
       1
       2
       2
       4
       2
       4
       1
       2
       2
       1
       1
       4
       0
       2
       1
       1
       2
       3
       2
       1
       1
       4
       2
       2
       3
       3
       1
       4
       4
       2
       1
       0
       2
       2
       2
       1
       3
       3
       4
       0
       1
       1
       1
       5
       0
       1
       1
       3
       3
       0
       2
       2
       2
       1
       3
       0
       2
       1
       5
       6
       2
       3
       1
       2
       0
       0
       3
       3
       4
       2
       1
       1
       2
       2
       1
       1
       3
       1
       3
       1
       1
       2
       2
       1
       0
       1
       0
       3
       4
       2
       1
       2
       3
       2
       2
       0
       1
       1
       3
       0
       0
       4
       2
       3
       1
       1
       4
       1
       0
       4
       1
       2
       1
       2
       2
       1
       2
       0
       0
       2
       0
       4
       1
       1
       2
       1
       1
       3
       2
       1
       1
       1
       2
       0
       1
       2
       0
       1
       1
       2
       2
       0
       3
       1
       0
       4
       1
       0
       2
       1
       2
       1
       4
       0
       1
       2
       3
       1
       3
       0
       2
       2
       0
       0
       3
       1
       1
       2
       1
       0
       3
       1
       2
       3
       1
       1
       1
       0
       0
       2
       2
       3
       1
       1
       1
       1
       1
       1
       3
       3
       1
       0
       1
       1
       1
       2
       1
       2
       0
       2
       4
       2
       0
       3
       0
       1
       1
       3
       0
       1
       2
       3
       0
       2
       2
       3
       2
       0
       1
       0
       3
       1
       4
       1
       0
       2
       2
       3
       1
       0
       3
       0
       2
       4
       1
       2
       3
       1
       1
       1
       0
       4
       1
       0
       1
       2
       1
       1
       3
       1
       1
       0
       0
       1
       1
       4
       2
       3
       1
       0
       0
       0
       0
       0
       2
       2
       0
       2
       1
       1
       0
       2
       1
       0
       1
       1
       0
       0
       2
       0
       0
       3
       0
       2
       1
       2
       2
       1
       1
       0
       5
       2
       1
       2
       1
       3
       1
       1
       4
       1
       1
       0
       4
       0
       2
       2
       1
       1
       2
       2
       1
       2
       0
       1
       3
       1
       1
       1
       4
       2
       0
       1
       0
       2
       2
       2
       1
       0
       1
       1
       2
       2
       4
       4
       2
       2
       1
       3
       4
       3
       0
       2
       2
       0
       1
       0
       0
       4
       4
       1
       3
       2
       2
       2
       2
       1
       0
       1
       0
       3
       2
       2
       3
       0
       3
       0
       0
       0
       1
       1
       1
       4
       2
       3
       2
       4
       0
       2
       2
       2
       1
       0
       0
       2
       1
       0
       2
       1
       2
       0
       1
       1
       0
       1
       1
       0
       1
       2
       0
       0
       1
       2
       0
       1
       1
       2
       2
       0
       0
       0
       2
       1
       1
       0
       5
       0
       2
       1
       1
       0
       1
       1
       1
       1
       1
       1
       1
       0
       1
       2
       0
       2
       2
       2
       1
       0
       1
       2
       1
       0
       2
       2
       2
       1
       1
       0
       1
       2
       3
       1
       1
       3
       1
       0
       3
       1
       1
       0
       0
       2
       3
       0
       1
       1
       2
       1
       0
       1
       0
       2
       2
       4
       2
       1
       1
       0
       0
       3
       1
       2
       1
       1
       0
       3
       3
       3
       0
       0
       1
       3
       2
       2
       2
       0
       5
       0
       1
       0
       4
       3
       2
       0
       1
       3
       2
       1
       2
       1
       7
       4
       4
       2
       2
       1
       3
       2
       2
       0
       2
       4
       0
       2
       0
       4
       0
       1
       1
       0
       4
       1
       2
       1
       1
       0
       0
       3
       2
       2
       4
       0
       0
       3
       1
       1
       1
       4
       1
       0
       1
       0
       0
       1
       1
       1
       1
       0
       1
       1
       1
       0
       2
       0
       0
       1
       2
       1
       2
       2
       2
       2
       0
       1
       1
       2
       1
       0
       0
       2
       1
       3
       1
       3
       1
       1
       1
       3
       2
       0
       1
       0
       0
       2
       1
       0
       1
       2
       0
       2
       2
       0
       1
       2
       2
       0
       2
       1
       1
       0
       0
       0
       0
       1
       1
       0
       2
       3
       2
       2
       0
       0
       2
       0
       0
       1
       1
       3
       3
       1
       1
       2
       3
       0
       1
       2
       1
       2
       0
       1
       2
       1
       0
       1
       2
       1
       3
       2
       7
       8
      14
      10
      14
      11
       9
      14
      15
      11
       7
       5
       2
       4
       0
       1
       1
       2
       1
       2
       1
       1
       0
       1
       0
       2
       0
       3
       2
       3
       1
       0
       1
       2
       2
       2
       2
       4
       3
       0
       0
       0
       2
       2
       2
       3
       0
       0
       0
       0
       0
       0
       2
       0
       4
       0
       2
       1
       1
       0
       1
       1
       2
       3
       0
       2
       0
       0
       2
       3
       1
       2
       1
       0
       0
       0
       1
       3
       1
       1
       2
       2
       3
       0
       1
       0
       2
       2
       0
       0
       2
       2
       1
       0
       1
       0
       0
       2
       2
       1
       2
       0
       1
       0
       1
       0
       0
       0
       1
       0
       2
       0
       1
       2
       0
       1
       1
       0
       1
       2
       1
       2
       1
       1
       3
       2
       1
       0
       1
       2
       0
       1
       1
       2
       4
       1
       1
       5
       3
       1
       0
       1
       1
       2
       1
       2
       1
       1
       2
       0
       2
       1
       1
       0
       1
       2
       1
       1
       0
       1
       2
       1
       1
       4
       2
       1
       1
       1
       0
       3
       1
       0
       1
       2
       1
       1
       3
       1
       1
       0
       1
       4
       2
       1
       1
       0
       0
       1
       1
       0
       1
       1
       1
       1
       0
       2
       3
       1
       2
       0
       0
       2
       2
       1
       1
       0
       2
       1
       2
       1
       0
       0
       0
       1
       1
       1
       0
       1
       3
       0
       0
       0
       3
       1
       0
       2
       0
       3
       3
       2
       3
       2
       2
       1
       0
       0
       1
       2
       2
       1
       2
       2
       2
       3
       1
       0
       0
       2
       0
       0
       1
       0
       1
       3
       2
       1
       1
       3
       1
       1
       1
       2
       0
       3
       2
       3
       2
       2
       1
       0
       1
       2
       2
       2
       2
       2
       1
       2
       0
       1
       0
       1
       2
       0
       2
       0
       0
       3
       0
       0
       1
       0
       4
       0
       0
       3
       0
       0
       0
       0
       0
       1
       2
       2
       2
       1
       1
       2
       1
       3
       1
       1
       2
       3
       2
       1
       3
       2
       1
       3
       3
       1
       0
       0
       1
       1
       2
       1
       1
       0
       1
       0
       1
       1
       2
       1
       1
       1
       1
       0
       1
       2
       5
       4
       3
       4
       2
       2
       1
       1
       2
       1
       0
       1
       0
       2
       1
       0
       0
       2
       2
       1
       0
       1
       1
       0
       0
       0
       1
       1
       0
       1
       0
       1
       1
       3
       1
       0
       0
       2
       0
       0
       1
       4
       0
       2
       2
       1
       2
       2
       1
       0
       1
       2
       0
       3
       1
       0
       1
       0
       4
       0
       3
       2
       0
       2
       1
       0
       0
       1
       2
       1
       0
       0
       0
       2
       0
       2
       3
       3
       3
       3
       2
       0
       2
       2
       0
       1
       0
       1
       1
       2
       1
       2
       1
       0
       1
       1
       0
       0
       2
       1
       1
       1
       2
       2
       0
       2
       1
       2
       3
       2
       1
       1
       2
       1
       0
       1
       0
       1
       2
       2
       1
       0
       2
       0
       1
       2
       2
       0
       0
       0
       1
       0
       0
       3
       1
       2
       0
       0
       0
       2
       0
       0
       1
       0
       2
       1
       2
       1
       0
       0
       0
       2
       1
       1
       1
       0
       0
       0
       1
       0
       1
       2
       0
       3
       2
       1
       0
       0
       3
       0
       0
       1
       1
       3
       1
       5
       1
       1
       1
       2
       0
       0
       0
       1
       1
       1
       1
       2
       2
       1
       3
       0
       0
       1
       0
       0
       1
       0
       1
       0
       0
       1
       1
       1
       2
       0
       1
       0
       0
       0
       0
       0
       3
       1
       0
       1
       0
       0
       0
       0
       1
       1
       0
       0
       2
       1
       0
       0
       2
       0
       1
       2
       0
       2
       2
       1
       1
       0
       0
       1
       2
       1
       2
       0
       2
       0
       0
       2
       2
       2
       0
       0
       0
       0
       0
       2
       2
       1
       3
       0
       4
       1
       0
       0
       0
       1
       0
       2
       1
       0
       1
       1
       3
       0
       0
       0
       1
       2
       1
       1
       0
       1
       1
       1
       0
       0
       1
       1
       2
       2
       0
       1
       2
       0
       3
       0
       0
       0
       0
       1
       0
       1
       0
       2
       0
       1
       3
       2
       1
       0
       2
       1
       1
       1
       1
       0
       0
       2
       1
       0
       0
       1
       4
       2
       3
       1
       0
       1
       1
       1
       2
       1
       0
       1
       1
       1
       1
       1
       4
       0
       1
       3
       0
       2
       0
       1
       2
       0
       0
       0
       1
       2
       0
       0
       1
       1
       0
       1
       0
       1
       1
       1
       0
       0
       1
       1
       0
       0
       0
       1
       0
       1
       1
       0
       1
       1
       1
       1
       3
       0
       1
       0
       1
       1
       0
       0
       0
       0
       2
       2
       3
       0
       1
       1
       3
       1
       2
       0
       2
       2
       0
       0
       0
       2
       1
       2
       1
       1
       1
       2
       1
       1
       0
       2
       1
       0
       2
       1
       0
       3
       0
       2
       0
       1
       0
       3
       2
       0
       0
       4
       0
       4
       1
       1
       1
       0
       1
       0
       0
       2
       0
       0
       1
       2
       2
       2
       1
       0
       1
       0
       1
       0
       0
       0
       0
       0
       2
       2
       1
       2
       2
       1
       0
       2
       0
       1
       1
       1
       1
       1
       0
       2
       2
       1
       0
       1
       2
       1
       0
       0
       2
       0
       3
       0
       0
       2
       4
       1
       2
       0
       1
       0
       1
       2
       2
       1
       0
       2
       2
       0
       0
       2
       1
       1
       3
       2
       0
       1
       1
       0
       1
       2
       1
       0
       1
       0
       2
       2
       0
       0
       2
       0
       0
       1
       0
       4
       1
       1
       0
       0
       1
       1
       1
       1
       0
       0
       0
       0
       0
       0
       0
       0
       0
       0
       0
       0
       0
       0
       0
       0
       0
       0
       0
       0
       0
       0
       0
       0
       0
       0
       0
       0
       0
       0
       0
       0
       0
       0
       0
       0
       0
       0
       0
       0
       0
       0
       0
       0
       0
       0
       0
       0
       0
       0
       0
       0
       0
       0
       0
       0
       0
       0
       0
       0
       0
       0
       0
       0
       0
       0
       0
       0
       0
       0
       0
       0
       0
       0
       0
       0
       0
       0
       0
       0
       0
       0
       0
       0
       0
       0
       0
       0
       0
       0
       0
       0
       0
       0
       0
       0
       0
       0
       0
       0
       0
       0
       0
       0
       0
       0
       0
       0
       0
       0
       0
       0
       0
       0
       0
       0
       0
       0
       0
       0
       0
       0
       0
       0
       0
       0
       0
       0
$ROI:
2
1936 2287
5338 5513
$PRESETS:
Integral
500000
0
$ENER_FIT:
0.000000 0.245432
$MCA_CAL:
3
0.000000E+000 2.454316E-001 0.000000E+000 keV
$SHAPE_CAL:
3
7.465718E+000 0.000000E+000 0.000000E+000
