$SPEC_ID:
No sample description was entered.
$SPEC_REM:
DET# 1
DETDESC# BUNCHER Easy-MCA-8k SN 9051292
AP# Maestro Version 6.08
$DATE_MEA:
07/26/2019 14:34:38
$MEAS_TIM:
323 412
$DATA:
0 8191
       0
       0
       0
       0
       0
       0
       0
       0
       0
       0
       0
       0
       0
       0
       0
       0
       0
       0
       1
       0
       7
      52
     432
    1411
    2900
    4431
    5228
   12159
    6215
     459
     283
     112
     224
     721
    1534
    1935
    1966
    1711
    1568
    1413
    1378
    1333
    1390
    1368
    1411
    1400
    1437
    1332
    1391
    1362
    1373
    1384
    1264
    1336
    1298
    1258
    1247
    1256
    1165
    1206
    1238
    1199
    1150
    1225
    1111
    1204
    1189
    1160
    1133
    1195
    1105
    1124
    1149
    1141
    1080
    1127
    1107
    1095
    1055
    1058
    1141
    1141
    1008
    1076
    1014
    1022
    1078
    1038
    1070
    1111
    1013
    1025
    1038
     995
    1059
    1047
    1086
     969
     967
     997
     961
     998
    1024
     969
     914
     993
     964
     938
     968
    1000
     955
     943
     980
     910
     888
     951
     896
     991
     983
     976
     944
     944
     931
     906
     908
     936
     942
    1010
     861
     912
     912
     889
     930
     879
     937
     869
     839
     912
     892
     874
     871
     888
     906
     874
     900
     829
     866
     843
     846
     910
     890
     885
     836
     882
     896
     861
     872
     912
     820
     852
     891
     860
     845
     876
     865
     875
     877
     854
     852
     844
     818
     857
     807
     822
     877
     894
     835
     787
     819
     856
     853
     777
     820
     828
     791
     836
     902
     852
     828
     843
     842
     833
     813
     835
     857
     814
     829
     844
     806
     760
     827
     814
     822
     850
     862
     820
     857
     896
     826
     823
     810
     882
     842
     848
     884
     832
     831
     819
     830
     825
     854
     832
     834
     810
     859
     890
     808
     812
     862
     839
     885
     882
     844
     884
     832
     870
     859
     893
     868
     846
     873
     829
     806
     866
     924
     829
     863
     874
     964
     869
     846
     858
     876
     899
     874
     857
     869
     832
     847
     888
     874
     941
     852
     903
     915
     865
     895
     874
     909
     894
     929
    1002
     932
     937
     940
     939
     902
     926
     885
     900
     939
     957
     892
     981
     902
     956
     924
     929
     956
     928
     919
     928
    1004
    1063
    1072
    1076
    1036
     986
     956
    1022
     999
    1133
    1204
    1222
    1117
     988
     991
     976
    1008
     971
     983
     947
     965
     985
     950
     971
     981
     976
    1033
    1013
    1012
    1014
    1041
    1003
    1002
    1014
    1034
     995
     959
     996
    1002
    1053
     992
     972
     962
     981
    1050
    1026
     989
    1083
    1147
    1136
    1166
    1228
    1177
    1113
    1107
    1008
    1020
    1044
    1021
    1027
    1044
    1110
    1130
    1108
    1084
    1055
    1039
    1046
    1020
    1046
    1126
    1114
    1080
    1050
    1112
    1008
    1020
    1078
    1059
    1020
    1098
    1112
    1059
    1048
    1042
    1030
    1051
    1092
    1048
    1092
    1047
    1113
    1109
    1093
    1186
    1125
    1104
    1093
    1097
    1106
    1136
    1023
    1067
    1099
    1125
    1102
    1114
    1146
    1101
    1061
    1119
    1201
    1108
    1139
    1141
    1121
    1148
    1153
    1128
    1136
    1149
    1221
    1121
    1138
    1103
    1155
    1180
    1142
    1068
    1182
    1160
    1199
    1151
    1148
    1097
    1101
    1208
    1110
    1140
    1187
    1158
    1160
    1199
    1147
    1107
    1181
    1131
    1153
    1251
    1235
    1180
    1163
    1110
    1246
    1245
    1190
    1175
    1187
    1127
    1144
    1180
    1169
    1202
    1214
    1171
    1218
    1214
    1202
    1185
    1119
    1241
    1166
    1175
    1174
    1170
    1171
    1242
    1245
    1199
    1194
    1207
    1152
    1176
    1199
    1223
    1214
    1239
    1256
    1183
    1117
    1212
    1158
    1235
    1209
    1210
    1158
    1217
    1185
    1166
    1168
    1174
    1165
    1207
    1202
    1170
    1152
    1165
    1209
    1172
    1183
    1199
    1161
    1185
    1207
    1166
    1173
    1142
    1145
    1182
    1166
    1157
    1198
    1169
    1167
    1160
    1178
    1196
    1128
    1206
    1162
    1191
    1191
    1148
    1184
    1172
    1198
    1123
    1146
    1157
    1185
    1150
    1191
    1186
    1206
    1175
    1158
    1119
    1165
    1194
    1172
    1124
    1141
    1193
    1091
    1165
    1145
    1144
    1123
    1153
    1201
    1086
    1232
    1133
    1094
    1125
    1131
    1143
    1158
    1178
    1147
    1242
    1106
    1160
    1125
    1182
    1188
    1153
    1150
    1127
    1147
    1204
    1193
    1191
    1153
    1140
    1101
    1196
    1168
    1159
    1131
    1149
    1128
    1205
    1081
    1198
    1138
    1130
    1163
    1032
    1139
    1139
    1167
    1145
    1124
    1131
    1118
    1119
    1132
    1129
    1126
    1160
    1171
    1156
    1164
    1092
    1088
    1116
    1160
    1220
    1134
    1155
    1101
    1122
    1097
    1145
    1098
    1194
    1174
    1140
    1133
    1108
    1130
    1128
    1091
    1096
    1155
    1155
    1134
    1096
    1064
    1078
    1100
    1156
    1070
    1120
    1151
    1153
    1096
    1150
    1132
    1114
    1170
    1116
    1085
    1133
    1068
    1131
    1147
    1146
    1147
    1151
    1091
    1169
    1169
    1077
    1086
    1093
    1145
    1132
    1179
    1143
    1156
    1064
    1115
    1092
    1120
    1110
    1143
    1056
    1152
    1107
    1081
    1108
    1117
    1105
    1161
    1114
    1137
    1078
    1101
    1148
    1188
    1135
    1145
    1140
    1154
    1233
    1126
    1189
    1152
    1194
    1204
    1165
    1200
    1176
    1243
    1228
    1160
    1203
    1188
    1191
    1197
    1287
    1196
    1182
    1151
    1197
    1176
    1153
    1147
    1154
    1174
    1163
    1223
    1225
    1109
    1170
    1181
    1140
    1146
    1146
    1166
    1176
    1102
    1120
    1122
    1088
    1120
    1159
    1087
    1129
    1133
    1109
    1167
    1028
    1173
    1073
    1086
    1068
    1111
    1113
    1100
    1059
    1105
    1110
    1108
    1070
    1122
    1064
    1080
    1053
    1056
    1040
    1120
    1003
    1021
    1043
    1079
    1022
    1072
    1090
    1041
    1092
    1119
    1041
    1035
    1058
    1045
    1106
     965
    1067
    1070
    1024
     979
    1020
     985
    1011
     968
    1010
    1005
     992
    1105
    1015
    1013
     984
     971
     977
    1009
     970
    1035
    1003
     967
     996
    1029
     961
     998
    1003
     921
     917
     934
     968
     991
    1008
    1008
    1019
     979
    1017
     978
     984
    1002
     959
     970
     951
     989
     952
     947
     980
     935
     979
     965
     987
     919
     899
     985
     952
     957
     996
     961
     986
     974
     923
     932
    1003
     923
     954
     972
     958
     914
     944
     900
     969
     934
     890
     925
     944
     927
     914
     931
     896
     884
     910
     912
     953
     848
     888
     935
     897
     913
     920
     936
     955
     943
     881
     889
     916
     895
     933
     907
     888
     874
     883
     905
     872
     860
     932
     902
     884
     960
     883
     912
     902
     857
     899
     846
     894
     877
     886
     915
     884
     877
     930
     881
     874
     854
     937
     887
     905
     857
     859
     896
     880
     917
     860
     912
     875
     845
     890
     881
     939
     921
     880
     807
     924
     860
     879
     878
     825
     876
     883
     832
     929
     845
     871
     827
     904
     902
     853
     906
     916
     866
     854
     876
     901
     894
     902
     879
     860
     871
     947
     872
     868
     909
     846
     855
     862
     915
     844
     860
     867
     865
     829
     916
     900
     851
     876
     856
     906
     864
     859
     852
     890
     860
     870
     864
     900
     833
     928
     914
     891
     882
     909
     882
     838
     848
     852
     847
     853
     871
     892
     856
     839
     906
     919
     879
     838
     857
     854
     871
     857
     846
     872
     853
     894
     858
     862
     869
     839
     881
     899
     885
     867
     940
     901
     880
     840
     864
     823
     900
     917
     889
     866
     875
     889
     946
     892
     852
     913
     908
     887
     869
     907
     867
     913
     823
     889
     931
     936
     866
     839
     916
     853
     914
     882
     859
     863
     867
     785
     900
     904
     869
     903
     934
     881
     843
     811
     840
     866
     903
     825
     906
     904
     872
     926
     879
     901
     931
     880
     895
     834
     943
     881
     846
     901
     891
     941
     913
     912
     903
     927
     892
     842
     886
     860
     895
     841
     876
     935
     856
     887
     881
     868
     922
     931
     866
     911
     938
     864
     868
     840
     865
     904
     892
     865
     925
     884
     935
     895
     933
     942
     878
     914
     883
     887
     892
     885
     933
     915
     928
     854
     954
     869
     888
     864
     899
     886
     901
     900
     961
     925
     937
     846
     964
     856
     900
     933
     923
     879
     825
     882
     868
     930
     895
     907
     879
     873
     904
     934
     944
     923
     879
     905
     891
     888
     894
     968
     935
     941
     903
     949
     915
     897
     928
     966
     964
     921
     879
     925
     873
     884
     910
     945
     910
     931
     913
     924
     977
     936
     857
     868
     948
     896
     953
     929
     934
     961
     933
     926
     928
     899
     876
     965
     893
     922
     876
     931
     948
     905
     921
     931
     909
     919
     989
     915
     933
     913
     933
     959
     958
     933
     959
     968
     880
     936
     942
     942
    1019
     941
     947
     917
     900
     982
     938
     955
     933
     954
     963
     953
     900
     973
    1024
     973
     956
     885
     937
     962
     981
     945
     980
     958
     947
     860
     982
    1009
     957
     976
     948
     991
     961
     956
     919
     965
     964
     918
     980
     951
     943
    1001
     935
     969
     985
     978
     966
     997
     977
     989
     932
     983
    1000
     970
     983
    1032
     957
     976
     991
     937
     977
    1004
     986
     959
    1014
    1011
    1084
     954
    1007
     991
    1003
     985
     975
    1028
     995
     984
    1098
    1043
    1025
    1035
     993
    1033
    1034
    1009
     977
    1008
    1014
    1000
    1038
    1021
     964
     997
    1018
    1033
    1075
    1003
    1036
    1007
    1017
     988
    1049
    1015
    1012
    1054
    1022
    1032
    1023
    1035
    1077
    1043
    1019
    1087
    1091
    1021
    1075
    1044
    1051
    1076
     998
    1020
    1013
    1007
    1078
    1079
    1018
    1060
    1029
    1046
    1054
    1090
    1049
    1055
    1014
    1091
    1058
    1118
    1047
    1065
    1046
    1063
    1062
    1059
    1009
    1062
    1059
    1013
    1061
    1040
    1075
    1036
    1049
    1046
    1040
    1101
    1026
    1007
    1004
    1026
    1026
    1014
     993
    1049
    1030
     999
    1004
    1013
     980
    1014
    1026
    1004
     988
    1013
     972
     994
     991
     999
    1000
     974
     885
     917
     928
     867
     884
     868
     826
     851
     807
     833
     811
     841
     824
     768
     809
     769
     803
     780
     754
     785
     778
     753
     779
     796
     703
     740
     752
     722
     709
     755
     761
     719
     752
     774
     711
     668
     684
     709
     710
     704
     755
     693
     733
     701
     650
     722
     715
     718
     670
     705
     727
     667
     661
     691
     622
     707
     671
     660
     662
     662
     639
     631
     631
     659
     668
     668
     631
     618
     629
     615
     587
     662
     640
     659
     615
     630
     638
     620
     683
     607
     688
     704
     599
     619
     655
     615
     677
     610
     657
     586
     649
     611
     619
     601
     627
     648
     599
     585
     599
     595
     631
     597
     585
     661
     580
     609
     604
     618
     592
     562
     622
     577
     595
     578
     540
     552
     592
     547
     571
     582
     597
     605
     594
     626
     594
     585
     536
     557
     581
     564
     556
     511
     543
     581
     552
     540
     560
     588
     575
     603
     584
     567
     552
     629
     558
     544
     524
     562
     537
     521
     575
     534
     543
     541
     530
     537
     538
     536
     558
     518
     544
     540
     532
     512
     548
     516
     487
     521
     550
     490
     514
     529
     495
     526
     550
     522
     506
     525
     520
     526
     504
     518
     523
     510
     531
     527
     496
     480
     515
     466
     490
     508
     507
     513
     475
     484
     486
     487
     505
     524
     516
     495
     479
     475
     491
     491
     479
     497
     507
     459
     482
     444
     486
     520
     450
     539
     510
     461
     461
     503
     453
     471
     493
     494
     514
     455
     450
     464
     463
     461
     467
     431
     441
     481
     475
     488
     464
     485
     460
     464
     496
     475
     429
     415
     429
     458
     449
     424
     478
     463
     456
     441
     423
     422
     435
     439
     459
     455
     430
     458
     470
     467
     443
     477
     435
     371
     435
     474
     430
     459
     448
     444
     436
     436
     434
     400
     436
     408
     410
     453
     465
     437
     425
     424
     406
     427
     462
     418
     458
     421
     418
     436
     448
     409
     405
     403
     419
     426
     412
     447
     417
     442
     423
     402
     433
     408
     414
     391
     465
     456
     441
     385
     381
     449
     416
     424
     431
     434
     411
     407
     382
     400
     373
     407
     402
     397
     396
     408
     394
     411
     422
     415
     422
     404
     397
     460
     409
     380
     333
     389
     387
     426
     383
     454
     419
     403
     391
     370
     429
     409
     393
     418
     399
     417
     396
     431
     461
     376
     369
     388
     388
     364
     407
     348
     392
     433
     394
     395
     407
     411
     411
     417
     420
     412
     390
     417
     403
     387
     415
     391
     393
     396
     427
     382
     413
     433
     398
     396
     410
     394
     436
     391
     379
     389
     375
     401
     407
     388
     414
     414
     396
     431
     401
     397
     385
     439
     366
     382
     424
     392
     418
     403
     396
     415
     396
     457
     403
     411
     397
     408
     442
     428
     392
     413
     366
     423
     382
     427
     399
     387
     400
     412
     408
     399
     380
     397
     389
     376
     418
     393
     402
     405
     413
     393
     408
     383
     405
     404
     397
     380
     380
     383
     378
     408
     416
     391
     380
     402
     393
     417
     383
     377
     409
     375
     370
     386
     431
     374
     391
     395
     384
     408
     439
     393
     369
     365
     378
     379
     368
     374
     348
     357
     348
     382
     385
     400
     382
     404
     359
     394
     424
     369
     389
     375
     406
     401
     400
     336
     389
     414
     362
     410
     372
     368
     395
     407
     390
     367
     380
     390
     407
     385
     377
     391
     372
     358
     376
     376
     365
     380
     427
     357
     333
     385
     400
     405
     381
     407
     389
     366
     367
     418
     381
     384
     386
     398
     324
     347
     376
     367
     343
     356
     380
     334
     334
     376
     367
     389
     375
     408
     388
     363
     389
     353
     374
     369
     385
     429
     431
     397
     378
     379
     391
     394
     373
     379
     354
     369
     348
     375
     352
     375
     337
     347
     357
     388
     357
     348
     355
     388
     360
     387
     353
     391
     390
     380
     384
     385
     366
     356
     363
     380
     365
     378
     347
     362
     343
     376
     348
     380
     382
     332
     365
     369
     386
     343
     378
     387
     370
     382
     372
     352
     308
     381
     367
     410
     341
     356
     354
     351
     366
     387
     367
     365
     387
     386
     383
     381
     366
     393
     385
     389
     407
     354
     367
     391
     380
     348
     389
     358
     412
     377
     403
     384
     379
     382
     362
     404
     351
     359
     361
     373
     397
     383
     361
     371
     366
     379
     380
     385
     370
     388
     401
     422
     443
     419
     386
     419
     442
     461
     405
     500
     470
     469
     543
     593
     660
     715
     864
    1042
    1150
    1504
    1828
    2338
    3096
    4133
    5503
    7150
    9505
   12518
   15482
   18934
   22903
   25770
   28751
   30332
   31592
   30998
   29146
   26581
   23534
   19844
   16018
   12838
    9479
    7405
    5433
    3931
    2937
    2190
    1630
    1308
    1017
     793
     698
     579
     494
     494
     378
     377
     382
     341
     316
     271
     255
     250
     269
     249
     251
     221
     245
     228
     222
     232
     224
     229
     215
     183
     265
     182
     156
     196
     196
     198
     172
     199
     184
     193
     163
     168
     201
     173
     186
     159
     177
     169
     159
     175
     166
     154
     157
     160
     175
     137
     164
     171
     151
     186
     146
     146
     128
     148
     150
     134
     146
     163
     140
     173
     139
     132
     143
     156
     129
     126
     128
     156
     128
     139
     139
     138
     152
     145
     125
     131
     139
     144
     135
     125
     126
     123
     115
     123
     122
     128
     115
     116
     132
     106
     119
     126
     117
     133
     113
     135
     106
     116
     119
     109
     119
     115
     129
     117
      94
      97
     122
     114
     109
     124
     149
     112
     126
     119
      95
     125
     114
     104
     135
     118
     129
     120
     143
     127
     126
     114
     113
     110
      99
     113
     126
     124
     115
     112
     115
     105
      92
     108
     109
     129
     116
     104
      97
     110
     100
     101
      91
     134
     106
     110
     103
      87
     111
     101
     121
      96
     103
      90
     119
     112
     103
      89
      91
      94
     100
     108
      85
      89
      98
      97
      94
     101
     111
     103
      89
      99
     103
      85
      86
     119
      85
     103
      76
      98
      88
      84
      87
      87
      94
     109
     100
     106
      91
     104
      79
      85
      87
      87
      88
      96
     117
     113
     103
      93
      93
      87
     103
     102
      87
     108
      88
      98
     101
      90
      90
     101
      91
      86
     104
     106
      99
     107
      89
     113
     103
      98
     108
      96
      79
      77
      89
      86
      73
      97
      84
     100
      93
      85
     111
      78
     103
      82
      85
     105
      81
      81
      87
      84
      76
      86
      88
      89
     101
      92
      90
      96
      85
      75
      82
      94
      80
      80
      82
      90
      97
      98
      83
     113
      89
      85
      98
      91
      91
      87
      85
      96
      64
     107
      82
     102
      70
      82
      77
      96
      78
      97
      80
      87
      87
      63
      87
      69
      61
      84
      73
      75
      84
      78
      84
      70
      84
      84
      74
      86
      76
      84
      80
     103
      89
      88
      59
      78
      75
      85
      88
      75
      97
      87
      72
      79
      80
      75
      68
      91
      88
      75
      80
      70
      98
      66
      88
      99
      86
      81
      68
      87
      82
      87
      76
      80
      98
      68
      77
      79
      85
      76
      79
      81
      79
      88
      90
      79
      85
      79
      77
      73
      87
      73
      66
      78
      81
      87
      78
      68
      81
      69
      61
      88
      91
      63
      88
      87
      72
      75
      84
      94
      92
      90
     110
     118
     115
     115
     100
      81
      73
      86
      73
      66
      95
      83
      79
      75
      79
      79
      70
      79
      79
      90
      79
      57
      81
      72
      69
      73
      78
      71
      74
      77
      74
      65
      82
      90
      64
      77
      84
      63
      65
      85
      73
      76
      79
      68
      59
      74
      67
      60
      81
      65
      75
      66
      67
      87
      89
      72
      73
      81
      77
      59
      72
      71
      68
      68
      70
      72
      76
      61
      59
      60
      47
      67
      67
      74
      69
      73
      62
      44
      63
      68
      64
      66
      75
      58
      78
      88
      63
      67
      62
      67
      69
      68
      73
      58
      78
      65
      66
      56
      67
      63
      75
      63
      67
      56
      89
      63
      63
      63
      62
      61
      71
      74
      63
      57
      64
      68
      73
      63
      62
      54
      75
      50
      72
      88
      52
      78
      64
      68
      63
      53
      89
      62
      71
      56
      71
      68
      58
      56
      62
      78
      47
      71
      67
      64
      66
      75
      53
      80
      56
      64
      69
      63
      74
      69
      58
      77
      63
      65
      39
      72
      70
      72
      54
      55
      51
      53
      73
      71
      63
      63
      57
      69
      60
      65
      65
      62
      66
      76
      61
      69
      65
      56
      58
      48
      50
      60
      58
      79
      56
      74
      67
      57
      50
      65
      62
      78
      56
      69
      64
      57
      64
      55
      60
      68
      71
      58
      50
      63
      35
      69
      73
      67
      63
      44
      69
      56
      56
      59
      53
      48
      70
      61
      62
      47
      50
      58
      51
      53
      50
      60
      72
      50
      48
      60
      61
      47
      53
      70
      68
      51
      54
      63
      58
      57
      61
      62
      52
      51
      56
      61
      60
      47
      64
      50
      47
      54
      44
      54
      50
      64
      64
      66
      46
      61
      49
      55
      55
      61
      60
      70
      52
      49
      56
      56
      60
      52
      46
      60
      46
      43
      51
      52
      51
      53
      56
      44
      55
      57
      51
      57
      48
      54
      49
      62
      46
      62
      47
      42
      57
      63
      51
      51
      43
      56
      50
      60
      54
      53
      59
      57
      48
      42
      67
      55
      48
      38
      57
      51
      48
      57
      37
      55
      58
      58
      56
      62
      54
      45
      71
      52
      53
      52
      51
      53
      54
      53
      52
      57
      57
      39
      43
      59
      44
      38
      51
      55
      48
      60
      54
      56
      42
      56
      54
      47
      47
      45
      54
      55
      45
      53
      38
      52
      51
      50
      49
      47
      45
      72
      53
      59
      45
      46
      61
      44
      51
      48
      48
      47
      47
      55
      35
      69
      36
      56
      39
      58
      50
      55
      43
      43
      51
      37
      44
      50
      55
      42
      35
      43
      53
      42
      47
      45
      47
      56
      42
      53
      47
      47
      48
      45
      42
      31
      37
      38
      44
      45
      47
      50
      33
      45
      47
      37
      31
      37
      40
      47
      32
      49
      44
      48
      56
      52
      39
      57
      50
      46
      42
      54
      61
      55
      62
      43
      45
      43
      58
      38
      45
      46
      49
      35
      53
      46
      39
      43
      48
      38
      37
      44
      36
      45
      41
      42
      48
      30
      43
      48
      42
      39
      46
      51
      31
      46
      43
      42
      42
      58
      41
      37
      46
      52
      55
      52
      41
      49
      46
      41
      48
      40
      44
      52
      49
      54
      47
      56
      43
      35
      38
      49
      44
      25
      39
      52
      47
      49
      31
      34
      39
      32
      42
      40
      31
      52
      43
      47
      41
      34
      37
      34
      41
      41
      39
      42
      41
      41
      38
      41
      38
      28
      46
      51
      42
      53
      36
      43
      42
      41
      27
      41
      39
      38
      46
      47
      37
      40
      33
      38
      35
      42
      47
      34
      33
      36
      44
      36
      45
      30
      38
      36
      37
      41
      38
      41
      38
      48
      43
      31
      37
      51
      33
      37
      43
      36
      37
      36
      38
      31
      38
      41
      31
      39
      33
      40
      43
      41
      49
      31
      42
      32
      40
      34
      36
      38
      41
      41
      35
      37
      34
      44
      32
      48
      26
      43
      33
      32
      31
      29
      45
      42
      42
      44
      32
      47
      40
      42
      37
      33
      43
      34
      44
      33
      43
      38
      47
      35
      50
      44
      33
      40
      33
      34
      39
      30
      27
      35
      52
      32
      29
      41
      32
      45
      35
      47
      42
      33
      47
      35
      48
      32
      39
      40
      43
      35
      34
      38
      30
      29
      44
      40
      46
      32
      36
      35
      40
      36
      34
      35
      43
      37
      33
      38
      32
      32
      37
      40
      42
      25
      45
      38
      38
      41
      39
      29
      37
      36
      23
      39
      41
      40
      37
      38
      30
      28
      36
      30
      26
      38
      38
      33
      40
      29
      32
      31
      35
      39
      38
      35
      38
      48
      50
      24
      28
      39
      32
      39
      28
      35
      38
      39
      31
      35
      33
      34
      40
      33
      28
      36
      50
      36
      29
      36
      37
      42
      30
      31
      47
      34
      46
      34
      39
      32
      43
      27
      34
      29
      31
      51
      34
      43
      51
      30
      40
      37
      37
      26
      37
      26
      31
      38
      28
      42
      41
      40
      44
      25
      35
      24
      35
      31
      30
      35
      36
      24
      38
      32
      29
      27
      35
      31
      43
      36
      31
      42
      42
      19
      42
      26
      49
      28
      37
      35
      34
      34
      36
      30
      28
      31
      34
      34
      36
      30
      37
      42
      32
      37
      34
      25
      27
      28
      33
      46
      32
      30
      31
      21
      34
      34
      37
      33
      34
      36
      27
      35
      27
      34
      38
      44
      28
      21
      25
      32
      24
      42
      30
      28
      32
      37
      26
      35
      37
      28
      27
      33
      35
      41
      25
      29
      28
      32
      38
      29
      40
      23
      33
      21
      21
      36
      28
      29
      31
      39
      34
      36
      24
      28
      27
      28
      29
      32
      36
      30
      38
      24
      29
      36
      36
      43
      36
      31
      34
      38
      28
      26
      31
      23
      31
      33
      32
      25
      32
      29
      45
      24
      30
      32
      30
      34
      33
      22
      35
      27
      28
      30
      30
      32
      36
      26
      27
      26
      25
      41
      25
      26
      28
      28
      33
      28
      37
      38
      24
      31
      29
      43
      32
      30
      37
      29
      32
      36
      40
      33
      34
      31
      30
      34
      33
      36
      31
      30
      41
      31
      25
      38
      32
      33
      30
      29
      33
      39
      33
      26
      28
      30
      32
      34
      38
      28
      32
      30
      20
      26
      29
      34
      34
      25
      26
      21
      21
      17
      23
      34
      30
      33
      24
      27
      25
      28
      32
      33
      24
      29
      27
      25
      29
      27
      36
      38
      28
      22
      32
      28
      26
      25
      35
      31
      23
      25
      24
      26
      21
      28
      30
      27
      30
      21
      30
      20
      34
      25
      27
      29
      22
      25
      31
      30
      30
      18
      23
      22
      26
      21
      21
      35
      27
      33
      16
      19
      27
      32
      29
      20
      28
      30
      26
      24
      19
      23
      20
      31
      21
      20
      26
      18
      26
      19
      31
      23
      25
      18
      26
      24
      18
      20
      23
      28
      37
      23
      27
      31
      32
      24
      19
      23
      35
      26
      39
      20
      23
      28
      27
      23
      29
      21
      26
      29
      28
      24
      23
      33
      24
      20
      16
      35
      34
      20
      28
      34
      26
      18
      27
      25
      18
      25
      13
      26
      32
      24
      23
      23
      28
      24
      30
      23
      25
      23
      28
      28
      34
      17
      20
      29
      21
      19
      25
      25
      26
      30
      20
      21
      23
      34
      17
      26
      31
      28
      32
      25
      30
      21
      21
      30
      26
      25
      28
      28
      23
      19
      22
      18
      24
      29
      27
      22
      36
      22
      33
      21
      25
      20
      22
      20
      15
      25
      23
      33
      32
      25
      24
      22
      25
      21
      19
      28
      23
      19
      20
      21
      24
      21
      19
      26
      22
      20
      24
      12
      24
      19
      24
      35
      21
      21
      33
      25
      25
      29
      21
      24
      12
      27
      24
      24
      18
      19
      28
      22
      23
      20
      18
      20
      20
      19
      16
      20
      29
      21
      26
      24
      19
      19
      26
      26
      22
      21
      17
      23
      28
      25
      18
      22
      25
      26
      21
      18
      16
      21
      21
      16
      19
      28
      25
      32
      24
      32
      23
      31
      21
      19
      18
      21
      22
      22
      23
      32
      20
      23
      28
       8
      27
      24
      19
      29
      22
      25
      19
      25
      22
      23
      27
      21
      24
      27
      23
      29
      12
      24
      24
      22
      24
      21
      27
      17
      29
      18
      25
      22
      21
      27
      18
      22
      20
      22
      26
      27
      32
      14
      24
      27
      26
      22
      24
      23
      13
      30
      18
      27
      17
      24
      20
      15
      23
      19
      19
      20
      25
      25
      32
      21
      22
      18
      11
      24
      19
      24
      20
      29
      25
      26
      25
      21
      24
      25
      27
      23
      28
      22
      26
      34
      26
      21
      26
      35
      21
      13
      23
      22
      25
      15
      30
      29
      19
      35
      13
      22
      21
      23
      19
      18
      24
      24
      20
      26
      26
      22
      17
      26
      28
      19
      26
      26
      25
      19
      21
      24
      20
      28
      20
      21
      27
      27
      21
      18
      29
      25
      19
      27
      20
      12
      16
      35
      15
      16
      28
      20
      19
      26
      22
      22
      29
      26
      27
      26
      33
      27
      25
      26
      26
      18
      19
      26
      26
      21
      31
      22
      26
      20
      13
      26
      17
      26
      17
      20
      23
      20
      18
      30
      14
      17
      17
      15
      18
      25
      26
      15
      22
      18
      22
      24
      21
      24
      28
      25
      19
      24
      28
      13
      28
      27
      23
      24
      27
      16
      18
      26
      26
      31
      22
      21
      26
      21
      12
      14
      22
       8
      35
      19
      20
      33
      16
      14
      22
      19
      25
      23
      16
      19
      14
      26
      25
      22
      24
      17
      18
      20
      24
      19
      24
      22
      16
      22
      18
      24
      21
      24
      19
      24
      25
      24
      21
      18
      14
      23
      16
      12
      21
      18
      14
      16
      20
      17
      21
      24
      19
      25
      24
      25
      11
      18
      30
      21
      27
      25
      15
      22
      23
      33
      23
      15
      21
      19
      22
      14
      17
      24
      22
      13
      19
      13
      16
      27
      22
      19
      20
      15
      20
      17
      18
      15
      28
      18
      20
      23
      19
      19
      24
      17
      21
      19
      20
      16
      24
      19
      21
      23
      14
      25
      15
      23
      23
      26
      26
      22
      23
      17
      25
      23
      18
      27
      20
      17
      20
      19
      20
      19
      19
      23
      22
      14
      24
      27
      24
      22
      17
      13
      22
      22
      22
      18
      22
      14
      23
      23
      24
      21
      27
      13
      15
      24
      20
      20
      22
      19
      14
      29
      22
      17
      16
      22
      24
      19
      12
      18
      19
      21
      24
      23
      23
      25
      22
      28
      22
      19
      19
      22
      17
      19
      22
      20
      21
      22
      19
      18
      22
      13
      19
      25
      17
      14
      17
      16
      21
      13
      22
      17
      12
      23
      26
      29
      29
      26
      24
      29
      29
      21
      28
      19
      23
      23
      31
      19
      34
      26
      23
      30
      28
      32
      29
      27
      21
      30
      30
      31
      29
      46
      23
      26
      30
      28
      28
      27
      38
      24
      43
      38
      27
      37
      21
      35
      27
      21
      23
      21
      23
      20
      17
      16
      18
      16
      12
      10
       9
      16
      19
      17
      13
      16
      10
      13
       9
       9
      14
      14
      13
       5
      14
      11
      10
      12
       5
       7
      13
       7
      12
       8
      10
      11
      11
      22
       9
      17
      12
      14
      12
      17
      14
      10
      16
      11
      15
      11
      15
      14
       8
       8
      11
       6
      10
       6
      14
      11
       6
       9
      13
      17
       8
       8
      10
       4
       9
       9
      13
      14
      12
      13
       3
       8
       8
       9
      10
      14
      18
       9
      11
       9
      12
       7
      11
      13
      15
      16
      15
       5
      16
      12
      10
      13
       2
      17
       3
      12
       9
      14
      11
       9
      10
       8
      10
       5
      10
      12
      13
      14
      10
      13
      16
      17
      21
      12
      14
      10
      13
       8
       9
       9
      13
      10
      10
      14
      11
      14
       4
      10
       8
       8
       7
      14
       9
      13
      12
      17
      11
      14
      11
       6
      17
       8
      11
      15
      11
      12
      16
       6
      10
      13
       9
       8
       6
       8
      11
      11
       8
       8
      11
      11
      15
      13
      11
      10
       7
      13
      10
       9
       8
      10
       7
       7
       8
       8
      14
       8
       9
      13
       3
      10
      13
      14
       8
      16
      11
      14
      14
       8
       9
       6
      12
      10
       6
      10
       4
      10
      10
       3
       9
       8
      13
      10
       5
      13
      12
      15
      10
      10
       8
      10
       9
      10
      12
      10
       4
      10
      12
       4
       5
      13
      14
       8
      22
       8
      10
       8
      10
      14
      12
      15
      10
      14
       6
      24
       5
      11
       7
      11
       7
      10
       9
       7
      11
       4
      11
       9
      17
      13
      11
       8
       8
       8
       6
      13
      10
      16
       8
      11
       6
      10
       8
      11
       9
      15
       8
       8
      11
       7
      14
       7
       9
       8
       6
       5
       6
       7
      12
       8
       8
       9
      16
       9
       4
       8
       8
       8
       7
      16
      10
       9
      12
       8
      11
      10
       7
      11
       9
      14
       5
       9
       7
      10
      11
      11
       8
      11
      10
      10
       9
      10
      20
      15
      15
       5
       7
       7
       9
      11
      12
      10
       6
       5
      10
      11
      12
       8
       7
       8
      12
      10
       6
      11
       7
      13
      11
       8
      11
       8
      13
       7
      12
       8
       7
      12
      10
       6
      14
      10
      11
       7
      11
      10
      12
      14
       8
      16
       4
       7
       4
       8
      10
      10
       8
      11
       7
       6
       5
       5
      10
      14
      10
       6
      11
      14
       8
      12
       7
      11
       7
      11
      12
       9
       9
      10
       7
       6
      12
       9
      11
      16
      15
      14
       9
      28
      22
      13
      17
      12
      12
       5
      11
      13
      14
       9
       8
       5
      20
       9
       7
       7
      10
       5
       7
       8
       6
       7
      10
       5
       6
      10
       7
      13
       8
       7
       4
       6
       7
       8
       8
      11
       6
       8
       5
       7
       5
       9
      10
      10
       9
       4
       7
      11
       7
      12
      13
       5
       9
       3
       9
       9
       8
      10
       7
       9
       8
      13
       4
       7
       8
       6
       8
      10
      10
       7
      10
       3
       4
       7
      12
      10
       5
       2
       8
       5
      10
       4
       5
       8
      20
       6
       4
      10
      12
       5
       8
       5
       8
       4
       5
       6
      13
      12
       7
       7
      10
      13
      14
       8
      11
       6
       7
       2
       8
       3
       3
       7
       8
       5
       7
      12
       3
       4
       3
       6
       5
       7
       8
       6
      13
       6
      14
      10
       7
       4
       7
      11
      10
       8
       6
       3
      12
       8
      11
      10
       8
       6
       7
       3
      11
      11
       7
       3
       7
       7
      10
      10
       8
       3
       5
       9
       7
      10
       4
       8
       7
       8
       2
       5
       3
       9
       6
       7
       7
       3
      11
       7
       6
       9
      10
      13
       5
       4
       7
       4
      12
      11
       9
       9
       7
       7
       5
       6
      11
       4
       8
      12
      13
       7
       6
       6
       6
       9
      15
       5
       6
       9
      14
      12
       9
       9
      22
      37
      41
      75
     120
     162
     243
     273
     278
     287
     251
     235
     173
      82
      53
      37
      24
      10
      15
      12
       9
       9
       3
      11
       9
       7
       4
       6
       8
       8
       6
       8
      10
       8
       7
       6
       6
       7
       4
      13
      10
      10
       4
      10
       4
       2
       8
       7
       8
       7
       5
       3
       8
       4
       5
       9
       8
       5
       7
       6
       5
      11
       4
       1
       6
       4
       8
       9
       3
       4
       9
       6
       5
      10
      12
       5
       7
       3
       8
       6
      10
       0
       6
       8
       9
       6
       7
      11
       1
       7
       8
       6
       6
       5
       3
       6
       6
       3
       8
       7
       2
       3
       4
       6
       6
       3
       6
       8
       3
       2
       6
       9
       6
       6
       6
       5
       6
       9
       9
       6
       7
       4
       4
       5
       8
       5
       3
       6
       5
       3
       2
       1
       8
       6
       2
       6
       7
       7
       8
       5
       6
       4
       7
      10
       4
       6
       1
       6
       6
       3
       3
       9
       6
       4
       3
       4
       6
       1
       6
       2
       5
       7
       7
       1
       6
       2
      10
       2
       6
       3
       8
       7
       5
       5
       2
       7
       5
       6
       2
       4
       6
       5
       4
       8
       8
       3
       7
       8
       5
       5
       3
      11
       3
       4
       4
       9
       3
       8
       5
       1
       2
       5
       4
       4
       2
       8
       7
       3
       7
       5
       9
       5
       2
       8
       3
       8
       6
       4
       3
       4
       1
       5
       4
       8
       4
       4
       5
       9
       3
       6
      10
       4
       6
       3
       8
       7
       3
       2
       4
       5
       4
       3
       4
       3
      10
       2
       4
       7
       3
       2
       8
       6
       8
       3
       8
       3
       5
       3
       6
       1
       3
       4
       6
       9
       2
       3
       4
       3
       5
       5
       8
       8
       6
      12
       3
       8
       6
      10
       5
       2
       7
       6
       5
       5
       8
       5
       6
       2
       3
       4
       4
       2
       3
       4
       4
       2
       5
       4
       5
       5
       5
       2
       7
       7
       3
       3
       6
       5
       3
       5
       3
       4
       7
       3
       7
       2
       4
       1
       3
       3
       3
       4
       6
       1
       5
       3
       4
       3
       9
       5
       2
       3
       4
       3
       3
       9
       3
       2
       4
       2
       5
       0
       3
       8
       5
       2
       4
       5
       3
       3
       6
       2
       3
       7
       4
       0
      10
       7
       9
       6
       2
       4
       4
       4
       2
       4
       2
       4
       4
       4
       4
       2
       1
       5
       8
       4
      11
       4
       2
       3
       2
       4
       6
       6
       4
       5
       5
       2
       4
       4
       5
       5
       3
       1
       4
       5
       1
       4
       3
       1
       3
       4
       3
       3
       1
       7
       5
       3
       0
       2
       7
       3
       1
       2
       3
       5
       2
       6
       4
       9
       7
      16
      17
       7
       8
       8
       6
       9
       2
       3
       2
       4
       2
       3
       2
       1
       3
       4
       6
       2
       4
       3
       2
       6
       1
       6
       1
       3
       8
       5
       7
       4
       5
       2
       2
       2
       5
       4
       7
       4
       5
       3
       5
       4
       3
       2
       1
       0
       5
       3
       4
       3
       3
       1
       7
       3
       6
       3
       2
       2
       2
       7
       5
       5
       6
       3
       1
       3
       3
       6
       3
       4
       1
       7
       2
       3
       5
       3
       6
       4
       4
       1
       4
       1
       3
       5
       6
       6
       3
       4
       2
       2
       4
       3
       3
       2
       4
       3
       4
       3
       8
       2
       1
       4
       6
       3
       3
       5
       3
       5
       3
       3
       4
       3
       2
       5
       0
       4
       1
       1
       6
       5
       3
       1
       5
       2
       1
       4
       6
       5
       5
       2
       3
       2
       5
       4
       2
       3
       4
       3
       3
       3
       2
       4
       8
       5
       1
       3
       6
       5
       1
       7
       3
       2
       2
       4
       0
       1
       1
       3
       3
       5
       3
       1
       3
       2
       4
       3
       1
       4
       2
       6
       3
       6
       3
       3
       1
       6
       2
       3
       2
       5
       3
       6
       3
       3
       2
       1
       2
       7
       2
       8
       3
       4
       4
       2
       3
       3
       2
       1
       3
       4
       1
       7
       6
       1
       8
       6
       2
       2
       2
       6
       3
       4
       4
       7
       1
       2
       5
       2
       3
       4
       4
       4
       5
       3
       6
       8
       9
      12
      21
      29
      59
     109
     126
     157
     211
     237
     284
     237
     212
     162
     108
      67
      50
      23
      13
       8
       9
       4
       2
       3
       6
       6
       5
       5
       5
       4
       5
       3
       4
       3
       5
       3
       3
       4
       6
       6
       4
       3
       1
       3
       3
       5
       3
       5
       3
       3
       5
       2
       3
       1
       1
       7
       5
       7
       2
       2
       6
       3
       4
       4
       3
       5
       1
       2
       7
       3
       2
       6
       3
       3
       2
       4
       3
       3
       0
       6
       0
       6
       4
       4
       5
       2
       6
       2
       4
       3
       2
       2
       6
       3
       3
       3
       9
       2
       4
       2
       2
       5
       4
       3
       0
       2
       2
       3
       3
       3
       3
       6
       3
       3
       2
       3
       3
       5
       2
       5
       3
       3
       1
       3
       4
       0
       3
       1
       1
       2
       1
       2
       2
       7
       4
       3
       1
       4
       4
       2
       1
       0
       1
       6
       2
       4
       6
       3
       2
       2
       3
       3
       3
       5
       1
       2
       3
       5
       1
       1
       2
       4
       0
       2
       0
       1
       5
       4
       2
       6
       0
       1
       2
       2
       3
       5
       3
       2
       1
       1
       0
       4
       1
       0
       2
       6
       4
       6
       1
       0
       2
       2
       5
       6
       8
       5
       5
       2
       1
       4
       1
       1
       2
       1
       3
       2
       1
       4
       3
       1
       2
       4
       2
       2
       3
       1
       6
       1
       6
       2
       3
       1
       0
       2
       1
       3
       3
       1
       1
       1
       8
       2
       1
       2
       2
       1
       3
       5
       1
       0
       1
       3
       0
       2
       4
       4
       0
       2
       2
       2
       3
       1
       2
       1
       4
       3
       0
       2
       1
       2
       0
       1
       2
       3
       1
       2
       1
       1
       3
       0
       3
       0
       1
       3
       1
       1
       1
       5
       2
       0
       4
       3
       3
       3
       1
       3
       6
       7
       3
       2
       4
       2
       2
       5
       1
       1
       1
       3
       1
       4
       2
       3
       2
       1
       2
       6
       2
       5
       2
       1
       0
       2
       5
       5
       5
       5
       4
       4
       1
       2
       0
       5
       7
       4
       2
       0
       0
       0
       2
       0
       1
       4
       2
       8
       5
       1
       2
       0
       2
       2
       3
       0
       2
       5
       2
       2
       3
       2
       3
       3
       1
       3
       4
       1
       1
       3
       0
       1
       1
       5
       1
       3
       3
       3
       5
       0
       4
       4
       2
       1
       2
       1
       2
       1
       3
       4
       2
       6
       1
       1
       0
       1
       2
       0
       2
       3
       2
       2
       0
       1
       1
       1
       2
       1
       3
       1
       4
       0
       2
       6
       1
       2
       3
       1
       5
       0
       2
       0
       0
       2
       3
       2
       5
       0
       5
       5
       1
       4
       2
       3
       4
       1
       2
       1
       4
       1
       1
       2
       0
       0
       1
       5
       2
       4
       2
       1
       1
       2
       1
       0
       3
       4
       0
       2
       2
       7
       3
       0
       1
       1
       5
       1
       2
       5
       2
       2
       5
       3
       0
       0
       1
       1
       0
       1
       1
       3
       3
       2
       1
       2
       4
       0
       1
       1
       0
       1
       1
       2
       1
       4
       1
       4
       2
       3
       0
       2
       2
       3
       1
       0
       0
       1
       4
       4
       0
       4
       2
       4
       3
       1
       1
       3
       1
       0
       4
       0
       1
       3
       2
       3
       4
       2
       4
       2
       2
       3
       2
       3
       1
       1
       4
       2
       7
       5
       4
       4
       8
       8
      11
      16
      28
      26
      37
      33
      36
      27
      35
      13
      14
       8
       6
       2
       4
       2
       2
       2
       5
       2
       3
       2
       1
       1
       0
       3
       0
       1
       5
       2
       2
       4
       0
       5
       1
       1
       3
       3
       4
       3
       5
       2
       2
       3
       1
       1
       1
       2
       0
       4
       2
       2
       2
       1
       5
       1
       0
       2
       1
       3
       1
       0
       4
       4
       0
       2
       2
       1
       1
       1
       3
       1
       3
       0
       1
       3
       1
       1
       2
       2
       2
       1
       2
       2
       2
       3
       1
       4
       1
       5
       1
       3
       1
       0
       1
       1
       2
       4
       3
       1
       0
       3
       1
       0
       1
       3
       3
       2
       1
       0
       4
       2
       0
       1
       1
       1
       2
       1
       2
       3
       1
       1
       1
       3
       2
       3
       1
       1
       0
       2
       1
       0
       1
       2
       2
       0
       2
       4
       1
       2
       2
       2
       3
       0
       0
       0
       3
       3
       3
       1
       4
       2
       0
       5
       3
       1
       2
       0
       1
       0
       4
       0
       1
       1
       1
       2
       2
       3
       0
       1
       1
       1
       1
       2
       2
       2
       2
       1
       2
       2
       0
       2
       1
       1
       2
       0
       2
       2
       0
       2
       5
       1
       2
       3
       1
       0
       2
       2
       0
       2
       2
       1
       5
       1
       1
       3
       3
       3
       5
       1
       0
       0
       0
       0
       3
       3
       1
       1
       0
       1
       2
       2
       0
       2
       1
       2
       3
       0
       3
       1
       4
       1
       1
       1
       0
       1
       2
       1
       2
       2
       3
       1
       2
       1
       1
       1
       0
       2
       2
       2
       2
       2
       1
       1
       3
       2
       2
       3
       2
       3
       0
       0
       2
       3
       2
       0
       1
       0
       1
       2
       1
       2
       1
       0
       2
       1
       1
       1
       3
       3
       5
       4
       2
       3
       0
       0
       3
       1
       3
       1
       2
       1
       0
       5
       1
       1
       1
       3
       2
       2
       1
       3
       1
       2
       3
       1
       2
       0
       0
       1
       3
       3
       0
       1
       2
       1
       0
       1
       2
       1
       1
       0
       1
       1
       1
       2
       4
       1
       3
       0
       1
       2
       0
       3
       1
       2
       2
       4
       0
       0
       0
       3
       2
       1
       3
       1
       0
       3
       2
       2
       3
       1
       2
       3
       1
       1
       1
       3
       2
       2
       0
       1
       1
       0
       3
       1
       1
       3
       4
       1
       0
       4
       1
       1
       1
       1
       1
       4
       0
       1
       2
       1
       2
       1
       0
       1
       2
       2
       2
       0
       1
       5
       0
       4
       3
       2
       0
       2
       1
       0
       0
       2
       2
       1
       0
       0
       2
       1
       1
       2
       0
       0
       1
       3
       0
       0
       1
       1
       0
       4
       2
       1
       2
       2
       1
       0
       0
       3
       2
       1
       0
       3
       1
       1
       5
       0
       0
       0
       3
       2
       1
       0
       0
       2
       2
       6
       1
       2
       0
       2
       4
       0
       1
       1
       4
       0
       0
       1
       0
       2
       2
       1
       1
       1
       1
       1
       2
       1
       3
       1
       0
       0
       2
       1
       3
       4
       5
       2
       4
       0
       1
       2
       0
       3
       0
       1
       2
       0
       1
       1
       0
       2
       2
       1
       1
       1
       1
       1
       5
       1
       3
       3
       2
       0
       0
       1
       1
       2
       0
       2
       1
       5
       0
       1
       0
       1
       1
       2
       2
       2
       2
       1
       1
       2
       1
       1
       1
       2
       1
       1
       0
       1
       2
       0
       3
       2
       1
       0
       2
       3
       0
       3
       3
       2
       2
       0
       0
       1
       0
       2
       1
       1
       3
       3
       0
       0
       2
       1
       4
       2
       3
       0
       3
       0
       1
       1
       1
       1
       4
       1
       2
       4
       0
       1
       3
       5
       3
       1
       1
       1
       2
       2
       1
       1
       1
       0
       1
       2
       3
       2
       2
       2
       0
       2
       1
       2
       3
       0
       1
       0
       1
       0
       1
       2
       0
       0
       0
       3
       0
       3
       0
       1
       2
       1
       0
       1
       1
       1
       2
       1
       2
       0
       1
       1
       1
       3
       2
       1
       0
       2
       1
       1
       2
       1
       0
       1
       3
       1
       1
       0
       1
       1
       0
       0
       0
       1
       0
       0
       1
       2
       1
       0
       1
       0
       1
       0
       2
       2
       0
       0
       2
       2
       0
       1
       1
       2
       1
       2
       2
       1
       0
       0
       2
       2
       1
       0
       2
       2
       0
       1
       1
       1
       4
       0
       3
       1
       1
       1
       1
       1
       1
       1
       0
       1
       1
       4
       2
       1
       4
       4
       2
       0
       2
       2
       2
       0
       2
       3
       1
       1
       2
       1
       2
       0
       0
       0
       0
       1
       2
       2
       0
       1
       0
       1
       1
       4
       1
       1
       3
       2
       3
       2
       3
       0
       2
       0
       2
       1
       3
       2
       1
       2
       2
       0
       1
       2
       0
       0
       0
       1
       2
       2
       0
       0
       1
       3
       0
       4
       2
       0
       0
       1
       1
       0
       2
       2
       0
       0
       1
       3
       1
       2
       1
       1
       1
       1
       1
       1
       0
       2
       1
       2
       3
       0
       1
       1
       1
       3
       1
       1
       0
       0
       0
       1
       0
       0
       0
       0
       0
       0
       0
       1
       0
       1
       2
       2
       2
       1
       0
       0
       0
       3
       0
       0
       1
       1
       0
       2
       2
       2
       1
       1
       0
       1
       4
       1
       2
       1
       2
       2
       0
       0
       1
       0
       2
       2
       0
       1
       0
       0
       2
       2
       0
       0
       0
       0
       2
       0
       2
       1
       1
       0
       1
       2
       0
       0
       0
       0
       1
       0
       0
       1
       0
       0
       1
       1
       1
       3
       4
       4
       1
       1
       1
       0
       2
       2
       1
       0
       0
       1
       1
       1
       4
       3
       1
       0
       1
       2
       2
       2
       0
       0
       2
       2
       0
       3
       1
       0
       2
       2
       1
       0
       1
       3
       2
       3
       1
       0
       2
       1
       0
       1
       1
       1
       0
       2
       1
       2
       0
       2
       0
       1
       0
       0
       1
       2
       2
       0
       1
       2
       0
       2
       0
       1
       0
       1
       0
       1
       0
       0
       1
       1
       0
       0
       0
       0
       2
       1
       1
       0
       1
       0
       0
       1
       0
       1
       0
       3
       1
       0
       2
       0
       1
       0
       1
       1
       3
       4
       0
       1
       2
       2
       3
       2
       0
       1
       1
       1
       2
       1
       3
       0
       0
       0
       3
       1
       1
       1
       4
       1
       0
       0
       1
       0
       2
       1
       1
       0
       1
       0
       0
       0
       0
       1
       2
       1
       1
       2
       1
       3
       0
       2
       0
       1
       2
       3
       0
       2
       0
       1
       1
       2
       0
       0
       2
       0
       1
       0
       0
       0
       1
       1
       1
       0
       0
       1
       0
       0
       0
       3
       1
       4
       0
       0
       1
       2
       3
       0
       1
       1
       0
       1
       2
       0
       1
       0
       0
       1
       2
       1
       0
       0
       0
       0
       2
       2
       1
       0
       2
       1
       0
       0
       2
       0
       0
       0
       2
       0
       0
       0
       1
       4
       1
       2
       2
       2
       0
       0
       0
       0
       0
       0
       0
       0
       2
       1
       4
       2
       3
       4
       1
       7
       4
       2
       1
       5
       1
       0
       1
       1
       0
       1
       0
       1
       0
       0
       1
       1
       0
       1
       0
       1
       3
       1
       0
       0
       1
       0
       0
       0
       0
       0
       0
       1
       0
       1
       0
       0
       1
       1
       0
       2
       1
       0
       0
       1
       1
       2
       1
       0
       0
       0
       0
       0
       1
       0
       0
       2
       0
       0
       4
       1
       0
       1
       0
       1
       1
       3
       0
       0
       1
       0
       2
       1
       2
       1
       0
       0
       0
       0
       0
       0
       1
       1
       3
       2
       0
       0
       0
       0
       1
       1
       3
       0
       1
       0
       1
       2
       0
       0
       0
       2
       3
       2
       0
       1
       1
       1
       0
       1
       4
       1
       2
       0
       0
       2
       1
       2
       1
       1
       1
       1
       0
       0
       2
       0
       1
       2
       2
       0
       0
       1
       2
       3
       0
       1
       3
       2
       1
       4
       3
       9
       6
      10
       7
       9
       6
       6
       3
       5
       1
       2
       0
       4
       1
       0
       0
       0
       1
       0
       1
       0
       1
       0
       2
       1
       2
       1
       0
       1
       0
       0
       0
       0
       1
       1
       2
       1
       1
       2
       2
       0
       1
       1
       0
       0
       0
       1
       2
       1
       0
       1
       0
       1
       0
       0
       0
       1
       1
       4
       1
       1
       2
       1
       2
       1
       1
       0
       1
       0
       0
       1
       2
       1
       0
       1
       1
       2
       1
       0
       1
       0
       1
       1
       0
       0
       1
       0
       0
       0
       0
       1
       1
       0
       0
       1
       0
       1
       2
       2
       0
       2
       1
       4
       1
       0
       1
       1
       0
       1
       1
       0
       0
       1
       0
       1
       1
       1
       2
       0
       2
       0
       0
       1
       0
       0
       1
       0
       0
       1
       1
       2
       1
       0
       0
       0
       0
       1
       0
       0
       0
       0
       0
       1
       0
       1
       1
       1
       0
       1
       2
       1
       1
       1
       0
       1
       0
       0
       1
       0
       1
       0
       2
       0
       0
       1
       1
       3
       2
       2
       0
       3
       3
       0
       1
       0
       0
       2
       2
       1
       1
       0
       2
       0
       0
       1
       0
       0
       2
       4
       1
       2
       0
       1
       0
       1
       1
       0
       0
       2
       0
       0
       1
       1
       0
       0
       3
       0
       0
       1
       2
       0
       0
       1
       0
       1
       1
       1
       1
       0
       0
       1
       1
       0
       1
       2
       2
       0
       1
       2
       1
       0
       0
       3
       0
       1
       2
       1
       0
       1
       4
       0
       0
       0
       1
       0
       3
       0
       0
       1
       1
       0
       1
       1
       1
       0
       0
       0
       0
       1
       0
       1
       0
       1
       1
       1
       0
       2
       0
       1
       0
       0
       1
       0
       1
       0
       1
       1
       0
       1
       1
       0
       0
       0
       0
       0
       1
       0
       0
       2
       0
       0
       3
       1
       1
       1
       0
       0
       2
       0
       1
       2
       0
       2
       1
       1
       1
       0
       1
       1
       1
       0
       0
       0
       1
       1
       3
       1
       0
       2
       0
       2
       2
       0
       2
       1
       1
       1
       0
       0
       2
       0
       0
       0
       2
       0
       1
       2
       1
       3
       3
       2
       2
       3
       1
       2
       2
       1
       1
       0
       1
       0
       2
       1
       1
       2
       1
       1
       0
       0
       1
       1
       2
       1
       1
       0
       0
       0
       0
       0
       1
       2
       0
       1
       0
       0
       0
       2
       1
       2
       0
       0
       2
       0
       1
       0
       1
       0
       1
       2
       1
       0
       0
       0
       0
       1
       1
       1
       0
       0
       0
       0
       0
       0
       0
       1
       1
       3
       0
       0
       1
       1
       1
       1
       2
       1
       0
       1
       0
       1
       1
       0
       1
       0
       1
       0
       0
       0
       1
       1
       1
       0
       1
       0
       0
       2
       0
       0
       1
       2
       1
       0
       0
       2
       1
       1
       1
       1
       0
       0
       1
       1
       1
       0
       0
       1
       0
       1
       0
       0
       1
       0
       1
       0
       1
       0
       0
       1
       0
       0
       0
       1
       0
       0
       0
       1
       1
       2
       0
       0
       1
       1
       0
       0
       0
       1
       2
       1
       3
       0
       1
       0
       1
       0
       0
       1
       0
       0
       2
       1
       1
       0
       0
       1
       0
       0
       1
       2
       0
       2
       1
       1
       0
       0
       0
       0
       1
       0
       1
       1
       0
       0
       0
       1
       0
       0
       1
       1
       1
       2
       2
       0
       2
       1
       1
       0
       0
       0
       0
       0
       4
       0
       0
       1
       1
       1
       0
       0
       1
       2
       2
       1
       0
       1
       1
       0
       1
       1
       0
       3
       1
       1
       0
       1
       1
       0
       1
       0
       0
       0
       2
       0
       3
       0
       3
       1
       0
       2
       1
       0
       0
       1
       0
       1
       1
       1
       1
       0
       0
       1
       0
       2
       2
       0
       1
       0
       1
       0
       0
       0
       0
       1
       0
       0
       0
       0
       0
       1
       0
       1
       0
       2
       0
       1
       1
       1
       0
       1
       1
       1
       0
       1
       0
       1
       2
       0
       2
       0
       0
       1
       1
       0
       1
       0
       1
       1
       2
       1
       0
       0
       0
       1
       1
       1
       1
       0
       1
       1
       0
       0
       2
       0
       0
       1
       0
       0
       1
       1
       0
       1
       1
       0
       1
       0
       0
       0
       0
       1
       0
       0
       0
       0
       0
       0
       1
       0
       1
       1
       1
       1
       0
       0
       1
       1
       0
       0
       0
       1
       0
       3
       0
       1
       1
       1
       1
       1
       0
       0
       2
       0
       1
       1
       0
       0
       0
       0
       0
       1
       0
       1
       0
       0
       1
       0
       1
       0
       3
       1
       0
       0
       0
       1
       0
       0
       2
       0
       0
       1
       0
       1
       0
       0
       3
       1
       1
       0
       1
       1
       0
       1
       2
       0
       1
       1
       1
       0
       0
       0
       2
       0
       1
       0
       0
       1
       0
       1
       0
       1
       1
       0
       0
       0
       1
       0
       1
       1
       1
       1
       1
       1
       3
       1
       1
       1
       0
       1
       1
       1
       0
       0
       2
       0
       2
       1
       0
       0
       0
       1
       0
       0
       0
       1
       0
       1
       0
       0
       0
       1
       0
       2
       1
       1
       0
       1
       0
       0
       1
       1
       0
       0
       2
       0
       0
       1
       2
       0
       1
       0
       0
       1
       1
       0
       1
       1
       0
       3
       2
       2
       0
       1
       1
       0
       1
       0
       1
       1
       1
       0
       1
       1
       0
       0
       1
       1
       0
       1
       2
       0
       0
       0
       0
       0
       0
       3
       1
       0
       0
       2
       2
       0
       1
       1
       1
       0
       0
       2
       1
       0
       0
       0
       0
       2
       2
       0
       1
       0
       0
       0
       0
       0
       0
       0
       0
       0
       0
       0
       0
       0
       0
       0
       0
       0
       0
       0
       0
       0
       0
       0
       0
       0
       0
       0
       0
       0
       0
       0
       0
       0
       0
       0
       0
       0
       0
       0
       0
       0
       0
       0
       0
       0
       0
       0
       0
       0
       0
       0
       0
       0
       0
       0
       0
       0
       0
       0
       0
       0
       0
       0
       0
       0
       0
       0
       0
       0
       0
       0
       0
       0
       0
       0
       0
       0
       0
       0
       0
       0
       0
       0
       0
       0
       0
       0
       0
       0
       0
       0
       0
       0
       0
       0
       0
       0
       0
       0
       0
       0
       0
       0
       0
       0
       0
       0
       0
       0
       0
       0
       0
       0
       0
       0
       0
       0
       0
       0
       0
       0
       0
       0
       0
       0
       0
       0
       0
$ROI:
2
1936 2287
5338 5513
$PRESETS:
Integral
500000
0
$ENER_FIT:
0.000000 0.245432
$MCA_CAL:
3
0.000000E+000 2.454316E-001 0.000000E+000 keV
$SHAPE_CAL:
3
7.465718E+000 0.000000E+000 0.000000E+000
