$SPEC_ID:
No sample description was entered.
$SPEC_REM:
DET# 1
DETDESC# BUNCHER Easy-MCA-8k SN 9051292
AP# Maestro Version 6.08
$DATE_MEA:
07/26/2019 13:26:22
$MEAS_TIM:
346 436
$DATA:
0 8191
       0
       0
       0
       0
       0
       0
       0
       0
       0
       0
       0
       0
       0
       0
       0
       0
       0
       0
       0
       7
      20
     133
     582
    1663
    2971
    4673
    5636
   12765
    6395
     603
     314
     180
     231
     746
    1505
    1962
    1963
    1838
    1554
    1469
    1336
    1390
    1343
    1406
    1419
    1374
    1434
    1421
    1462
    1412
    1399
    1384
    1302
    1347
    1362
    1274
    1293
    1303
    1246
    1211
    1214
    1160
    1242
    1247
    1271
    1197
    1197
    1202
    1227
    1173
    1080
    1188
    1131
    1225
    1137
    1115
    1210
    1088
    1055
    1095
    1094
    1178
    1066
    1101
    1080
    1107
    1066
    1049
    1054
    1092
    1026
    1039
     995
    1008
    1049
    1050
    1009
     989
    1071
     980
    1045
    1005
     995
    1020
     990
     977
    1044
    1019
     935
     998
    1028
     974
     947
     942
     995
     937
     953
     955
     922
     909
     950
     995
     918
     930
     914
     910
     941
     923
     890
     919
     937
     879
     917
     952
     898
     900
     974
     933
     916
     904
     885
     908
     809
     891
     884
     872
     872
     907
     916
     839
     850
     902
     923
     904
     908
     867
     937
     896
     884
     861
     851
     908
     873
     861
     886
     887
     877
     888
     845
     898
     853
     911
     862
     884
     845
     826
     882
     859
     894
     890
     858
     875
     818
     836
     820
     876
     867
     900
     859
     892
     805
     811
     884
     843
     867
     858
     867
     874
     854
     877
     879
     827
     802
     818
     882
     814
     857
     859
     851
     870
     849
     923
     855
     845
     853
     835
     830
     826
     822
     882
     884
     896
     834
     889
     826
     879
     864
     854
     902
     854
     895
     872
     860
     830
     874
     837
     848
     838
     879
     890
     913
     872
     919
     901
     899
     864
     916
     906
     913
     815
     890
     888
     857
     901
     904
     888
     877
     916
     920
     869
     896
     890
     890
     895
     875
     883
     909
     950
     907
     890
     920
     915
     903
     910
     969
     984
     928
     909
     909
     925
     987
     901
     918
     956
     951
     930
     961
     974
     937
     944
     989
    1040
     978
    1041
    1084
    1055
    1049
     964
     982
     959
     994
    1104
    1203
    1226
    1212
    1021
     999
     955
     970
     997
     961
     947
    1021
    1034
    1005
    1028
     954
     982
     951
     971
    1026
     975
     986
    1035
     987
     999
     999
    1027
    1040
    1085
    1075
    1031
    1026
    1037
    1007
    1026
    1005
    1058
    1065
     994
    1096
    1189
    1237
    1321
    1214
    1188
    1085
    1041
    1035
    1039
    1045
    1078
    1114
    1168
    1167
    1128
    1076
    1045
    1032
    1054
    1059
    1022
    1066
    1085
    1123
    1052
    1054
    1120
    1060
    1074
    1054
    1090
    1063
    1097
    1072
    1124
    1125
    1107
    1115
    1123
    1183
    1127
    1128
    1096
    1058
    1068
    1100
    1090
    1075
    1096
    1105
    1203
    1175
    1074
    1141
    1168
    1086
    1077
    1158
    1120
    1069
    1102
    1120
    1140
    1221
    1172
    1132
    1155
    1164
    1151
    1154
    1243
    1118
    1129
    1228
    1193
    1184
    1167
    1197
    1132
    1187
    1180
    1160
    1183
    1189
    1194
    1213
    1193
    1128
    1157
    1213
    1156
    1229
    1184
    1218
    1205
    1209
    1182
    1170
    1169
    1216
    1169
    1214
    1239
    1196
    1253
    1229
    1214
    1256
    1176
    1188
    1225
    1277
    1204
    1285
    1217
    1261
    1171
    1196
    1237
    1198
    1190
    1191
    1284
    1226
    1218
    1195
    1264
    1146
    1208
    1243
    1217
    1247
    1194
    1223
    1254
    1190
    1187
    1340
    1285
    1261
    1249
    1222
    1201
    1249
    1268
    1221
    1163
    1238
    1269
    1232
    1202
    1210
    1192
    1244
    1184
    1228
    1213
    1203
    1217
    1213
    1213
    1219
    1179
    1245
    1216
    1245
    1178
    1212
    1186
    1214
    1226
    1240
    1263
    1196
    1162
    1202
    1301
    1214
    1209
    1150
    1161
    1195
    1211
    1242
    1216
    1157
    1138
    1179
    1196
    1206
    1181
    1200
    1177
    1176
    1194
    1133
    1253
    1190
    1115
    1166
    1144
    1182
    1218
    1259
    1191
    1209
    1257
    1233
    1237
    1183
    1166
    1207
    1182
    1226
    1196
    1179
    1215
    1134
    1168
    1141
    1187
    1142
    1187
    1190
    1169
    1207
    1172
    1090
    1142
    1126
    1168
    1176
    1195
    1111
    1154
    1159
    1087
    1204
    1134
    1153
    1133
    1204
    1172
    1137
    1101
    1215
    1124
    1161
    1167
    1212
    1137
    1159
    1153
    1170
    1142
    1126
    1150
    1178
    1168
    1233
    1219
    1195
    1181
    1140
    1162
    1079
    1167
    1156
    1200
    1100
    1168
    1090
    1179
    1163
    1156
    1151
    1189
    1128
    1158
    1119
    1094
    1209
    1134
    1075
    1167
    1157
    1119
    1163
    1103
    1091
    1116
    1132
    1135
    1101
    1104
    1140
    1146
    1139
    1189
    1145
    1202
    1158
    1049
    1174
    1102
    1114
    1127
    1107
    1109
    1116
    1155
    1174
    1136
    1123
    1105
    1136
    1146
    1151
    1140
    1082
    1190
    1133
    1127
    1103
    1176
    1139
    1129
    1160
    1105
    1189
    1142
    1168
    1142
    1083
    1154
    1123
    1127
    1137
    1189
    1142
    1132
    1118
    1136
    1207
    1130
    1227
    1129
    1172
    1190
    1172
    1176
    1163
    1218
    1190
    1227
    1226
    1236
    1181
    1227
    1263
    1275
    1244
    1233
    1168
    1183
    1221
    1174
    1196
    1259
    1261
    1199
    1171
    1218
    1216
    1231
    1189
    1256
    1162
    1205
    1145
    1194
    1132
    1217
    1111
    1157
    1159
    1136
    1133
    1155
    1117
    1158
    1256
    1154
    1146
    1119
    1120
    1090
    1082
    1128
    1085
    1087
    1142
    1045
    1088
    1113
    1081
    1114
    1085
    1083
    1103
    1108
    1047
    1136
    1094
    1072
    1080
    1095
    1063
    1109
    1102
    1092
    1065
    1050
    1042
     995
    1108
     978
    1021
    1034
    1020
    1066
    1093
    1048
    1038
    1010
    1033
    1009
    1067
     992
    1059
    1008
    1000
    1002
    1036
     953
    1052
     997
    1076
    1041
    1030
     971
     962
    1014
    1017
     974
    1053
     978
     995
     962
     943
     972
     990
     955
     998
     946
     962
     993
     996
     989
     926
     951
     928
     942
     963
     957
     957
     976
     981
     972
     954
     991
     984
     977
     956
     998
     951
     998
     950
     971
     971
     930
     977
     938
     993
     941
     912
     890
     901
     890
     954
     912
     909
     997
     986
     940
    1000
     885
     976
     977
     885
    1004
     955
     941
     902
     921
     890
     962
     911
     981
     908
     974
     912
     968
     878
     941
     939
     912
     918
     912
     897
     910
     945
     928
     910
     887
     917
     896
     857
     942
     912
     875
     941
     927
     911
     865
     898
     894
     869
     932
     910
     887
     872
     856
     921
     864
     916
     926
     913
     920
     862
     940
     865
     898
     900
     926
     900
     892
     855
     860
     910
     866
     878
     908
     933
     927
     871
     866
     861
     863
     849
     916
     905
     898
     896
     927
     915
     887
     844
     861
     866
     885
     907
     825
     879
     856
     888
     887
     913
     854
     887
     881
     854
     901
     856
     901
     883
     835
     892
     862
     917
     863
     931
     887
     898
     899
     789
     867
     945
     864
     886
     880
     927
     896
     844
     877
     854
     891
     848
     912
     929
     912
     882
     845
     922
     867
     832
     867
     889
     863
     886
     900
     865
     889
     856
     873
     854
     915
     891
     880
     935
     861
     889
     845
     874
     874
     890
     856
     897
     882
     862
     904
     917
     839
     867
     891
     890
     875
     892
     878
     919
     876
     870
     875
     889
     850
     882
     853
     866
     855
     902
     891
     851
     894
     887
     898
     930
     878
     859
     874
     907
     902
     895
     866
     889
     850
     881
     888
     870
     857
     915
     924
     858
     865
     878
     866
     910
     925
     881
     841
     899
     871
     910
     919
     834
     871
     858
     947
     906
     825
     864
     830
     890
     949
     852
     882
     870
     880
     926
     914
     857
     864
     904
     887
     895
     865
     914
     848
     913
     913
     890
     870
     941
     909
     843
     941
     884
     905
     826
     862
     935
     877
     969
     919
     879
     916
    1013
     902
     895
     921
     942
     935
     834
     859
     898
     892
     917
     877
     910
     875
     885
     941
     892
     911
     937
     922
     882
     943
     923
     914
     842
     915
     909
     902
     900
     874
     887
     921
     913
     861
     899
     941
     909
     924
     888
     918
     968
     913
     868
     900
     884
     910
     892
     918
     953
     906
     902
     875
     869
     908
     944
     914
     912
     908
     897
     927
     946
     916
     908
     933
     918
     869
     927
     940
     901
     977
     984
     902
     914
     945
     853
     886
     898
     968
     907
     954
     909
     916
     909
     881
     986
     918
     867
     976
     962
     936
     959
     933
     968
     940
     919
     909
     899
     895
     906
     888
     913
     920
     943
     967
     959
     966
    1004
     984
    1006
     974
     954
     915
     936
     946
     988
     918
     967
     940
     960
     947
     991
     991
     955
     957
    1006
    1023
     930
     963
     992
     936
     966
     956
     967
     931
     980
    1028
    1008
     952
     962
    1016
     990
     958
     935
     981
     949
     962
     967
     972
     953
     987
     992
     975
    1013
     940
     958
     981
    1001
     993
     991
     960
     970
     979
    1014
     993
     964
    1040
     967
    1032
    1026
    1023
     954
     996
     992
     969
     989
    1024
     955
     988
    1016
    1054
     987
    1033
    1071
    1036
     983
     987
    1006
     987
     970
    1001
    1066
    1051
    1014
     973
     965
    1009
    1017
     954
    1011
    1054
    1004
     995
     975
    1020
     997
    1072
    1032
     997
    1030
     982
    1019
    1011
    1067
     964
    1014
     990
    1061
    1021
     972
     976
     976
    1030
    1088
     988
    1033
    1049
    1004
    1039
    1022
    1017
    1058
    1069
     998
    1067
     993
    1029
    1053
    1046
    1116
    1033
    1051
    1082
    1058
    1033
    1094
    1106
    1072
    1053
    1037
    1085
    1026
    1054
    1004
    1082
    1040
    1047
    1052
    1013
    1062
    1012
    1032
     996
    1037
    1092
    1001
    1107
    1051
     997
    1060
    1005
    1013
    1098
    1070
    1028
    1024
     979
    1040
    1036
     988
    1012
    1015
    1004
     989
     956
     998
     989
     962
     928
     959
     939
     915
     925
     939
     871
     806
     796
     834
     872
     839
     822
     864
     827
     828
     822
     728
     772
     814
     808
     755
     797
     736
     742
     751
     746
     747
     715
     768
     759
     720
     707
     721
     744
     710
     718
     750
     708
     727
     687
     719
     658
     717
     683
     693
     698
     674
     704
     723
     703
     685
     677
     668
     709
     656
     659
     671
     627
     715
     716
     658
     674
     656
     663
     637
     675
     637
     638
     680
     658
     589
     610
     619
     612
     678
     669
     640
     623
     625
     564
     603
     626
     657
     635
     637
     631
     638
     635
     674
     587
     691
     617
     627
     632
     645
     639
     612
     596
     588
     561
     625
     643
     583
     589
     556
     592
     612
     619
     612
     644
     570
     598
     591
     574
     604
     610
     647
     549
     579
     592
     582
     573
     567
     599
     553
     521
     577
     537
     606
     584
     552
     571
     565
     551
     533
     559
     551
     573
     554
     516
     566
     562
     524
     551
     527
     526
     540
     520
     558
     570
     520
     562
     565
     500
     545
     463
     507
     543
     546
     504
     488
     508
     532
     564
     531
     519
     538
     528
     496
     534
     525
     505
     504
     471
     504
     524
     503
     511
     528
     536
     521
     479
     500
     480
     479
     525
     512
     522
     457
     506
     531
     485
     487
     529
     488
     527
     511
     482
     505
     456
     430
     521
     529
     493
     456
     481
     493
     473
     457
     496
     476
     475
     511
     547
     446
     456
     444
     454
     487
     483
     507
     505
     499
     470
     437
     478
     441
     480
     479
     510
     463
     475
     507
     456
     453
     502
     448
     489
     457
     449
     459
     470
     405
     428
     461
     448
     459
     437
     412
     441
     447
     484
     450
     455
     438
     462
     397
     449
     422
     454
     476
     434
     429
     429
     470
     448
     450
     459
     452
     459
     457
     435
     439
     420
     408
     417
     439
     467
     425
     423
     388
     444
     409
     455
     425
     441
     435
     437
     371
     443
     414
     429
     453
     426
     449
     445
     453
     422
     414
     438
     405
     441
     417
     443
     412
     377
     416
     448
     447
     419
     439
     397
     392
     430
     466
     407
     476
     435
     423
     403
     408
     414
     392
     434
     426
     397
     408
     384
     423
     418
     415
     411
     404
     420
     443
     404
     417
     383
     373
     431
     421
     429
     410
     428
     423
     395
     426
     380
     397
     415
     402
     434
     392
     412
     415
     408
     381
     374
     403
     400
     420
     404
     426
     402
     414
     407
     384
     414
     425
     397
     408
     431
     388
     398
     408
     416
     405
     399
     379
     400
     387
     402
     407
     402
     407
     406
     394
     404
     408
     361
     415
     425
     379
     401
     372
     378
     396
     428
     412
     427
     412
     402
     409
     496
     414
     441
     438
     400
     394
     374
     416
     409
     393
     397
     412
     395
     400
     417
     416
     396
     431
     408
     357
     393
     380
     392
     378
     378
     380
     385
     366
     407
     398
     397
     422
     419
     388
     415
     379
     366
     413
     406
     395
     413
     376
     407
     425
     388
     384
     408
     403
     379
     411
     404
     382
     406
     376
     385
     396
     432
     370
     378
     383
     383
     380
     403
     410
     342
     386
     360
     366
     396
     351
     378
     401
     363
     410
     372
     380
     388
     406
     361
     407
     408
     368
     366
     380
     364
     410
     398
     391
     378
     375
     359
     382
     351
     415
     372
     402
     367
     408
     381
     371
     429
     420
     391
     388
     384
     362
     371
     390
     366
     336
     390
     361
     360
     367
     353
     413
     434
     391
     355
     355
     403
     385
     390
     353
     335
     366
     393
     357
     365
     365
     347
     384
     352
     394
     369
     357
     377
     395
     353
     371
     365
     378
     374
     355
     335
     415
     384
     370
     378
     376
     379
     349
     380
     376
     393
     373
     357
     401
     354
     352
     355
     404
     348
     364
     366
     341
     365
     382
     374
     373
     345
     373
     373
     405
     378
     378
     372
     367
     358
     400
     338
     366
     334
     354
     373
     360
     381
     362
     389
     377
     348
     362
     355
     376
     350
     401
     402
     367
     366
     365
     371
     369
     352
     367
     352
     372
     374
     395
     376
     382
     369
     337
     353
     368
     396
     380
     343
     385
     397
     355
     381
     373
     356
     360
     353
     393
     385
     361
     388
     404
     351
     413
     354
     374
     370
     366
     343
     353
     340
     353
     408
     361
     371
     355
     383
     405
     392
     386
     401
     397
     383
     384
     373
     384
     366
     367
     377
     394
     401
     369
     395
     403
     387
     372
     437
     432
     414
     452
     494
     448
     544
     555
     559
     641
     736
     960
     961
    1310
    1436
    1807
    2296
    2934
    3646
    4805
    6107
    7826
    9783
   12326
   15554
   18858
   21951
   25657
   27621
   29797
   30287
   29690
   28338
   26034
   22548
   19194
   15722
   12396
    9891
    7544
    5773
    4465
    3509
    2695
    2097
    1634
    1284
    1092
     867
     714
     589
     546
     450
     442
     337
     356
     319
     309
     271
     265
     274
     234
     223
     233
     260
     251
     203
     197
     208
     199
     218
     169
     189
     200
     202
     173
     174
     181
     184
     176
     178
     180
     195
     182
     169
     164
     171
     171
     164
     176
     173
     166
     161
     163
     160
     173
     145
     146
     144
     169
     140
     145
     157
     129
     156
     147
     125
     135
     134
     123
     143
     156
     143
     149
     132
     151
     139
     151
     160
     139
     123
     141
     133
     124
     148
     136
     134
     140
     136
     141
     109
     112
     103
     126
     143
     140
     117
     119
     127
     110
     125
     129
      96
     109
     118
     107
     109
     122
     141
     128
     135
     106
     101
     126
     103
     119
     103
     111
     121
     105
     110
     116
     103
     120
     115
     106
     105
      99
     106
     107
     116
     110
     125
     119
     104
     107
     106
     108
     105
     111
     111
     126
     108
     106
     124
     119
      84
      92
     118
      89
      98
     113
     106
     101
      99
      85
     108
     116
     107
      89
      95
     101
      85
     106
     116
      83
      94
     113
      98
     109
     110
     114
     100
      91
     100
      94
      81
      92
     105
      96
     100
     104
      91
      94
     103
     102
     110
      96
     100
      81
      87
     104
      84
      81
      91
      89
     106
      97
      90
      91
      94
     104
      84
      87
      95
      94
     107
      93
      98
      88
      98
      88
     105
      95
     101
      91
     101
     111
      79
      91
      99
      91
      77
      88
      83
      77
      93
     114
      92
     106
      77
      89
      91
      74
      87
      72
      80
      85
      95
      96
      83
      82
      84
      99
      84
     104
      94
      83
      88
      90
      66
      88
      75
      92
      84
      86
     101
      87
      89
      79
      86
      98
      85
      83
      79
      83
      99
      83
      75
     108
      84
      88
      87
      80
      99
      76
      81
      85
      86
      75
      97
      83
      91
      86
      96
      90
      92
      71
      82
      85
      72
      72
      92
     102
      99
      72
      84
      91
      94
      75
      87
      86
      74
      74
      74
      96
      82
      90
      89
      86
      82
      69
      75
      91
      81
      87
      92
      74
      83
      67
      79
      77
      77
      71
      74
      72
      75
      93
      65
      67
      69
      90
      88
      70
      73
      58
      75
      76
      79
      72
      78
      85
      71
      76
      83
      87
      77
      63
      75
      79
      84
      81
      87
      72
      98
      60
      81
      66
      64
      75
      85
      67
      86
      72
      72
      63
      76
      66
      65
      78
      80
      88
      84
      77
      92
      66
      75
      97
      82
      83
      73
      75
      77
      68
      90
      86
      85
      86
      77
     106
     110
     122
     118
     109
      92
     100
      86
      86
      55
      68
      69
      80
      82
      84
      96
      81
      71
      78
      88
      78
      74
      69
      70
      64
      74
      67
      79
      68
      67
      70
      63
      65
      65
      74
      77
      75
      79
      75
      71
      73
      72
      73
      72
      74
      69
      47
      84
      85
      75
      67
      68
      66
      67
      63
      86
      77
      71
      67
      76
      70
      68
      62
      63
      65
      73
      66
      78
      62
      64
      65
      62
      80
      66
      64
      53
      66
      64
      73
      65
      68
      67
      69
      70
      51
      65
      79
      55
      65
      74
      64
      68
      75
      76
      66
      64
      59
      60
      71
      91
      67
      65
      52
      77
      92
      63
      83
      64
      82
      67
      69
      59
      61
      72
      55
      71
      66
      65
      66
      60
      57
      80
      63
      75
      77
      68
      70
      54
      66
      69
      68
      66
      57
      52
      62
      66
      53
      63
      59
      60
      57
      71
      54
      63
      70
      65
      60
      62
      69
      60
      60
      58
      62
      77
      58
      58
      84
      66
      71
      56
      79
      68
      70
      54
      58
      59
      64
      55
      69
      45
      48
      51
      62
      58
      68
      54
      58
      42
      58
      57
      57
      63
      51
      59
      62
      59
      74
      57
      51
      63
      44
      68
      53
      70
      54
      70
      67
      57
      54
      58
      70
      50
      57
      44
      54
      56
      63
      70
      56
      48
      54
      54
      55
      50
      49
      63
      56
      66
      52
      62
      46
      64
      61
      54
      59
      53
      61
      48
      43
      66
      56
      65
      43
      59
      47
      41
      65
      44
      58
      59
      49
      58
      45
      61
      45
      56
      51
      69
      54
      64
      63
      53
      57
      57
      59
      51
      50
      62
      51
      58
      51
      65
      62
      57
      62
      46
      68
      55
      58
      55
      73
      53
      54
      47
      63
      63
      61
      63
      54
      49
      40
      40
      59
      46
      46
      64
      42
      47
      58
      57
      66
      45
      51
      51
      47
      73
      48
      62
      57
      62
      52
      50
      48
      48
      56
      43
      55
      52
      58
      49
      43
      63
      47
      53
      49
      52
      48
      58
      54
      52
      46
      51
      43
      49
      60
      51
      53
      52
      49
      45
      43
      51
      50
      47
      59
      50
      50
      49
      53
      66
      45
      52
      51
      40
      48
      58
      46
      42
      37
      35
      55
      39
      44
      49
      46
      51
      43
      49
      53
      51
      46
      46
      49
      38
      48
      42
      46
      44
      43
      35
      37
      46
      51
      41
      35
      29
      63
      44
      49
      53
      50
      57
      45
      53
      50
      35
      44
      43
      51
      54
      44
      53
      42
      44
      46
      37
      41
      42
      50
      52
      50
      51
      44
      44
      67
      45
      45
      45
      49
      45
      23
      37
      41
      48
      37
      35
      45
      39
      49
      44
      43
      44
      44
      42
      51
      30
      45
      51
      56
      50
      40
      40
      34
      48
      50
      39
      41
      39
      36
      46
      30
      39
      38
      39
      34
      43
      43
      42
      37
      39
      39
      46
      41
      46
      44
      36
      48
      36
      51
      48
      27
      39
      37
      49
      40
      49
      56
      52
      41
      38
      37
      26
      34
      54
      51
      48
      49
      45
      40
      46
      47
      51
      30
      55
      44
      44
      42
      39
      49
      50
      31
      46
      37
      39
      32
      46
      29
      37
      42
      40
      46
      45
      48
      41
      35
      41
      45
      38
      43
      34
      40
      45
      35
      43
      37
      48
      48
      39
      40
      43
      44
      40
      36
      43
      47
      32
      35
      45
      26
      37
      44
      39
      38
      42
      44
      45
      41
      44
      32
      37
      35
      29
      48
      44
      37
      34
      34
      43
      43
      47
      42
      33
      38
      46
      43
      46
      41
      37
      39
      40
      29
      44
      32
      42
      39
      33
      43
      33
      34
      45
      41
      38
      35
      35
      49
      35
      40
      34
      39
      46
      28
      22
      38
      31
      30
      41
      42
      33
      43
      37
      34
      45
      40
      48
      51
      36
      47
      48
      50
      45
      42
      45
      51
      36
      31
      35
      37
      44
      39
      37
      31
      35
      34
      31
      47
      37
      48
      40
      37
      32
      35
      48
      40
      36
      34
      47
      36
      43
      44
      39
      33
      39
      31
      33
      36
      24
      40
      44
      37
      35
      40
      48
      38
      35
      49
      43
      43
      39
      34
      37
      39
      27
      38
      46
      38
      43
      47
      40
      43
      32
      39
      40
      39
      31
      44
      52
      47
      30
      36
      35
      38
      37
      46
      42
      38
      41
      41
      35
      27
      29
      31
      40
      22
      35
      36
      25
      24
      40
      22
      29
      36
      31
      35
      35
      27
      46
      38
      37
      19
      50
      34
      35
      33
      33
      32
      27
      42
      35
      36
      32
      37
      33
      37
      32
      29
      47
      33
      39
      27
      36
      36
      24
      29
      31
      34
      37
      29
      41
      35
      30
      31
      38
      33
      38
      40
      33
      34
      31
      31
      38
      26
      32
      38
      31
      35
      35
      36
      41
      38
      32
      36
      28
      29
      37
      42
      31
      30
      40
      34
      38
      35
      26
      36
      33
      32
      39
      47
      23
      30
      42
      36
      31
      29
      38
      41
      41
      32
      31
      44
      28
      33
      35
      25
      35
      26
      38
      36
      31
      33
      29
      27
      39
      35
      29
      36
      29
      34
      40
      41
      39
      32
      32
      42
      34
      28
      40
      28
      28
      43
      30
      27
      42
      35
      31
      47
      25
      40
      35
      42
      36
      34
      31
      32
      24
      33
      35
      33
      23
      27
      25
      35
      30
      33
      40
      33
      29
      37
      26
      25
      42
      34
      24
      33
      21
      38
      31
      25
      35
      33
      23
      37
      37
      30
      22
      31
      21
      41
      31
      27
      32
      25
      30
      31
      33
      37
      29
      25
      28
      19
      31
      42
      28
      31
      36
      27
      31
      31
      27
      38
      33
      34
      27
      38
      25
      29
      28
      22
      25
      36
      24
      30
      25
      23
      36
      23
      25
      37
      23
      28
      32
      28
      29
      26
      41
      25
      37
      36
      29
      32
      25
      22
      23
      30
      39
      37
      30
      31
      31
      37
      25
      27
      31
      27
      31
      42
      27
      33
      32
      21
      26
      33
      27
      34
      28
      19
      20
      32
      29
      31
      28
      35
      27
      30
      22
      32
      39
      31
      31
      29
      32
      28
      31
      32
      25
      31
      37
      44
      19
      28
      41
      39
      28
      25
      20
      30
      21
      28
      33
      38
      25
      32
      24
      30
      29
      31
      19
      25
      26
      26
      23
      20
      24
      21
      31
      27
      23
      20
      24
      22
      30
      28
      20
      30
      16
      21
      29
      25
      19
      18
      37
      38
      33
      27
      33
      25
      24
      21
      18
      32
      28
      22
      31
      24
      26
      30
      22
      21
      26
      26
      27
      18
      23
      18
      21
      27
      30
      25
      23
      39
      29
      23
      26
      30
      27
      18
      27
      25
      25
      33
      24
      33
      23
      29
      22
      35
      41
      30
      23
      16
      23
      28
      24
      25
      21
      35
      21
      26
      27
      21
      31
      26
      28
      25
      26
      21
      23
      23
      25
      30
      27
      32
      22
      20
      25
      29
      17
      16
      23
      27
      34
      28
      36
      33
      25
      20
      28
      14
      24
      26
      24
      29
      25
      17
      23
      25
      36
      29
      25
      28
      23
      28
      25
      23
      24
      25
      23
      22
      27
      21
      25
      25
      31
      24
      27
      25
      22
      29
      22
      29
      22
      24
      25
      19
      21
      26
      17
      20
      27
      22
      30
      24
      16
      23
      37
      26
      23
      28
      17
      20
      23
      22
      16
      22
      22
      18
      31
      22
      27
      16
      24
      21
      24
      29
      14
      21
      23
      21
      18
      22
      28
      33
      17
      25
      32
      28
      25
      16
      37
      30
      26
      29
      18
      16
      26
      20
      25
      24
      32
      13
      29
      21
      22
      28
      34
      34
      13
      23
      27
      24
      30
      27
      24
      22
      13
      17
      22
      21
      18
      15
      26
      17
      30
      27
      25
      27
      34
      22
      28
      23
      24
      22
      20
      17
      31
      29
      23
      26
      29
      17
      27
      17
      27
      25
      19
      31
      27
      30
      20
      26
      13
      28
      32
      35
      28
      28
      20
      25
      23
      18
      26
      36
      29
      28
      35
      21
      30
      30
      23
      27
      34
      20
      24
      22
      33
      24
      17
      12
      27
      21
      23
      24
      21
      19
      23
      19
      27
      17
      25
      24
      16
      26
      20
      30
      22
      23
      22
      17
      18
      30
      25
      26
      27
      22
      22
      32
      25
      22
      23
      20
      25
      27
      27
      23
      13
      23
      28
      27
      17
      26
      22
      29
      24
      21
      20
      23
      23
      25
      30
      25
      15
      20
      27
      17
      18
      15
      21
      28
      21
      24
      27
      28
      33
      28
      20
      27
      31
      26
      33
      30
      25
      23
      25
      28
      16
      16
      19
      24
      20
      23
      21
      30
      17
      20
      23
      23
      18
      31
      19
      32
      12
      31
      36
      26
      35
      22
      27
      17
      27
      18
      19
      24
      22
      23
      27
      23
      24
      23
      21
      16
      15
      25
      21
      17
      27
      23
      25
      20
      19
      26
      23
      28
      23
      19
      19
      23
      29
      24
      21
      27
      14
      25
      23
      28
      25
      20
      25
      25
      17
      14
      17
      23
      26
      22
      25
      25
      21
      32
      21
      15
      23
      19
      24
      17
      21
      27
      17
      21
      26
      14
      15
      21
      27
      27
      23
      18
      27
      24
      25
      20
      26
      31
      24
      24
      17
      19
       6
      28
      13
      22
      27
      30
      18
      25
      30
      17
      16
      26
      20
      21
      17
      24
      29
      31
      24
      26
      17
      29
      18
      19
      24
      24
      26
      21
      29
      22
      20
      26
      25
      19
      29
      21
      24
      28
      20
      18
      25
      27
      22
      18
      19
      17
      19
      20
      16
      26
      21
      17
      22
      21
      25
      21
      18
      25
      22
      19
      19
      14
      18
      19
      20
      18
      22
      29
      16
      25
      15
      21
      26
      17
      25
      21
      20
      21
      22
      23
      15
      19
      20
      17
      18
      12
      15
      19
      22
      31
      20
      26
      21
      16
      31
      20
      18
      13
      17
      26
      20
      20
      19
      23
      25
      22
      18
      20
      16
      16
      17
      24
      14
      19
      14
      18
      19
      16
      19
      19
      17
      24
      26
      15
      23
      20
      20
      25
      23
      21
      27
      27
      12
      22
      24
      17
      21
      20
      22
      25
      28
      14
      26
      17
      16
      20
      16
      27
      20
      28
      22
      19
      25
      16
      16
      25
      23
      19
      23
      15
      26
      24
       6
      22
      21
      21
      21
      23
      21
      26
      25
      17
      21
      32
      23
      21
      20
      19
      22
      36
      20
      23
      19
      26
      19
      24
       8
      20
      27
      26
      21
      16
      18
      27
      21
      28
      16
      18
      15
      24
      34
      19
      25
      28
      12
      24
      23
      24
      21
      21
      22
      23
      23
      28
      22
      20
      20
      19
      32
      24
      28
      33
      19
      27
      31
      20
      33
      29
      26
      22
      24
      25
      24
      24
      33
      32
      35
      35
      36
      32
      29
      28
      32
      28
      40
      38
      30
      24
      31
      25
      36
      30
      27
      29
      32
      28
      27
      16
      17
      22
      16
      22
      13
      19
       9
      19
      25
      12
      11
      10
      10
      11
      15
      14
      14
      16
      16
      11
      18
      13
      15
      15
      14
      19
      10
      10
      12
      14
      17
       7
      12
      12
      13
      15
       9
       8
       8
      18
      16
      10
      14
      12
       8
      20
       9
      18
      17
      18
       9
      14
      12
      13
       6
      12
      15
      15
      10
      10
      14
       9
      17
      13
      12
       4
       6
       5
      11
      16
      15
      11
       9
      14
       8
      14
      12
      11
      11
       8
      11
      15
      13
      11
      11
      15
      15
      13
       9
      14
      12
      18
       9
      11
       9
       7
      14
      13
      15
      10
      11
      14
       7
       8
       6
       7
      22
       7
      12
      15
      11
       7
      11
      10
      12
       6
      10
      14
      13
       5
      20
      18
      13
      15
      15
      13
       9
      11
      12
       8
       9
       6
      10
       6
      10
       9
      18
      13
      10
      16
      10
      14
       9
      13
      11
      11
      10
      16
       6
      16
      10
      12
      16
      12
      17
      12
      12
      10
      11
      18
      11
      13
       6
      13
      11
      10
       9
       9
       7
       8
      11
      15
      17
      12
      20
      11
      16
      11
      12
      17
      11
       9
       9
      12
       9
      17
      14
      15
       6
      10
      19
      10
       9
      10
       2
       9
       7
       8
      11
       9
      13
       9
       9
      11
       9
       9
       9
      16
      11
      10
       5
      13
      12
       8
       8
       7
       9
      15
      18
      10
       6
      15
      13
       8
       5
      13
      13
      11
       9
      17
      13
      12
      19
       6
       9
       8
      13
      18
       8
      12
       6
      11
      14
       6
      10
      12
       8
      16
       9
      11
      12
       6
       6
      11
      12
       6
       9
      11
       5
      10
       3
       4
      14
      11
      16
      24
       8
      12
       9
      16
      13
       7
      11
      15
      15
       5
      13
      10
       8
      12
      10
       5
       6
      14
       8
      11
      12
      11
      10
      14
       7
       8
       7
      10
      10
      11
      12
      13
      11
      11
       4
      12
       7
      10
      17
      14
       6
      13
       9
       6
       9
      16
      10
       9
      10
      18
       7
       6
      11
      19
      11
      12
      15
       5
       7
      15
      10
      12
      10
      10
      14
       6
      15
      13
       8
      12
      13
      16
       9
      12
      11
       6
       9
      16
       8
      16
       6
       5
       7
      10
      11
      10
       7
       7
       9
       8
      12
      12
       7
       8
      17
       8
       5
       9
      15
      10
      13
       9
      10
      11
       9
       9
      11
      14
      14
       6
       5
       7
       9
       5
       9
       7
       8
      10
       8
      16
       9
      13
      15
      15
      18
      21
      24
      26
      22
      20
      13
      14
      13
      11
       8
      14
      13
       9
      10
      14
       9
       8
       9
       7
      10
       7
      10
       6
       6
      10
       6
       4
       4
      11
       9
       9
       7
      11
       6
       9
      12
       8
      18
      11
       7
      13
       8
      15
       3
       7
       9
      11
       3
       7
       8
       4
       9
       4
       7
      18
       6
       5
       4
       8
       4
       8
      10
      13
       9
       5
       7
       7
       8
      10
       9
       7
      10
       7
      10
       6
      10
      10
       8
      10
       3
      13
       7
       5
       6
       8
       8
       7
       9
       3
       7
       9
       6
      10
       6
      11
      12
       7
      13
       9
       5
      10
      14
      11
      13
       7
       7
       6
       8
       6
       8
       8
       6
       9
       9
       9
       8
       6
       8
       8
       5
       7
       7
       3
      11
       3
       6
       9
       8
      14
       2
       6
       9
      10
       6
       6
       6
       9
       6
       5
      16
      10
       6
      11
       4
       8
      12
       9
      12
       4
       6
      10
      10
       4
       5
       4
       6
       3
       5
       7
       7
      11
       8
       7
      10
       7
       5
       7
       8
       1
       7
       6
      12
       8
       9
       9
       6
       9
      10
       5
       9
      13
      10
       7
       7
       5
       8
       7
      12
       8
       5
       8
       7
       7
      11
       7
       6
       7
      10
      12
       6
      15
      14
      10
      13
      11
      14
      17
      15
      19
      22
      37
      57
      73
     114
     160
     230
     313
     307
     313
     310
     231
     159
      99
      63
      31
      13
      13
      10
       4
      14
       8
      10
       6
      12
       9
       3
       7
       8
       9
       2
      10
       8
       4
       7
      13
      10
      11
      14
      11
       7
       9
       4
       4
       9
       5
       4
       6
       6
       6
       5
       7
       6
      10
       4
       1
       7
      12
       4
       6
       7
       5
       6
       9
       5
       5
       6
       8
       4
      10
       8
       2
       8
       8
       7
       5
       6
       5
       5
       5
       6
       5
      12
       6
       5
       8
       6
      10
       4
       6
       3
       1
       5
       7
      10
       4
       5
       5
       9
       6
       4
       4
       7
       4
       5
       7
       7
       8
       9
       4
       2
       5
       8
       7
       2
       9
       5
       2
       7
       4
       4
      10
       8
       5
      10
       7
       4
       5
       7
       5
       5
       6
       6
       1
       5
      12
       5
       8
       8
       6
       1
       7
       5
       5
       5
       9
       2
       5
       9
       8
       4
      11
       7
       8
      10
       6
       4
       4
       6
       2
       4
       5
       7
       7
       4
       6
      10
       5
       5
       6
       7
       4
       4
       2
       7
       8
       5
       6
       6
       3
       3
       6
       7
       5
       6
       7
       5
       4
       4
       5
       2
       4
       6
       5
       5
       3
       7
       3
       5
       9
       7
       8
       4
       8
       7
       7
       4
      11
       6
       2
       5
       8
       2
       5
       5
       4
       4
       7
       5
       5
       3
       3
       4
       4
       8
       5
       6
       3
       7
       3
       5
       1
       8
       2
       7
       5
       1
       5
       2
       5
       5
       1
       6
       4
       5
       3
       6
       5
       8
      10
       3
       1
       3
      11
       7
       3
       4
       2
       5
       4
       4
       4
       3
       8
       6
       3
       8
       6
       4
       9
       7
       3
      12
       8
       6
       9
       9
       6
       4
       7
       8
       4
       4
       6
       6
       3
       3
       3
       9
       6
       6
       3
       7
       4
       4
       1
       8
       2
       1
       6
       6
       4
       2
       4
       5
       6
       4
       3
       5
       4
       4
       4
       3
       5
       0
       3
       6
       5
       2
       3
       3
       3
       2
       5
       1
       4
       9
       5
       3
       2
       7
       4
       2
       4
       4
       1
       3
       6
       4
       6
       3
       1
       7
       3
       5
       0
       1
       3
       4
       7
       6
       2
       4
       7
       4
       6
       3
       7
       5
       7
       4
       7
       8
       2
       8
       5
       6
       3
       4
       3
       3
       6
       7
       3
       6
       3
       2
       6
       5
       5
       5
       1
       6
       2
       3
       4
       3
       6
       3
       4
       5
       2
       3
       4
       6
       6
       3
       2
       5
       6
       3
       0
       5
       1
       7
       5
       0
       3
       1
       1
       3
       7
       7
       6
       2
       5
       8
       9
       4
      11
      12
       9
      12
      14
       9
       3
       8
       3
       7
       5
      11
       4
       3
       3
       9
       6
       7
       9
       3
       5
       3
       1
       7
       3
       3
       4
       3
       7
       2
      10
       3
       3
       3
       4
       5
       1
       4
       5
       4
       7
       3
       5
       3
       2
       3
       5
       6
       2
       2
       3
       2
       3
       2
       4
       4
       3
       2
       3
       3
       1
       1
       4
       1
       5
       4
       2
       4
       5
       4
       4
       3
       2
       4
       3
       1
       4
       3
       2
       5
       3
       5
       5
       8
       2
       1
       1
       5
       3
       2
       8
       2
       3
       4
       4
       3
       4
       1
       6
       2
       2
       6
       5
       4
       1
       2
       4
       4
       3
       5
       8
       6
       1
       4
       2
       3
       2
       7
       4
       2
       3
       3
       2
       6
       2
       3
       4
       6
       4
       8
       2
       1
       3
       5
       2
       3
       2
       3
       2
       2
       5
       4
       3
       5
       2
       6
       5
       4
       7
       2
       2
       7
       4
       3
       5
       1
       0
       1
       4
       2
       6
       3
       2
       4
       4
       3
       2
       1
       3
       6
       2
       4
       7
       5
       4
       4
       7
       4
       5
       4
       4
       5
       6
       4
       3
       4
       5
       2
       4
       4
       5
       3
       2
       1
       2
       3
       4
       4
       5
       4
       3
       7
       7
       5
       3
       4
       3
       1
       1
       3
       3
       4
       7
       2
       4
       2
       5
       3
       7
       4
       4
       3
       3
       4
       3
       2
       5
       5
      10
      11
      14
      29
      44
      61
      89
     154
     196
     253
     288
     275
     287
     253
     204
     123
      81
      41
      28
      22
      10
       5
       4
       6
       6
       6
       3
       3
       3
       5
       4
       0
       4
       5
       7
       5
       6
       4
       5
       2
       4
       5
       1
       4
       3
       5
       9
       3
       5
       3
       4
       5
       2
       1
       4
       4
       6
       2
       3
       6
       1
       2
       3
       2
       7
       7
       5
       3
       7
       4
       1
       3
       2
       3
       4
       2
       1
       2
       1
       6
       2
       3
       3
       4
       5
       2
       3
       2
       0
       4
       1
       7
       2
       2
       5
       2
       4
       3
       4
       3
       3
       5
       2
       4
       4
       4
       1
       3
       6
       3
       2
       1
       2
       0
       3
       2
       1
       5
       2
       4
       1
       5
       2
       4
       4
       1
       5
       3
       3
       6
       3
       2
       5
       2
       0
       1
       4
       2
       2
       3
       4
       7
       2
       1
       1
       2
       0
       0
       1
       4
       3
       4
       3
       2
       5
       5
       4
       2
       2
       1
       5
       4
       2
       3
       6
       4
       1
       3
       2
       2
       2
       4
       2
       4
       0
       3
       3
       3
       4
       3
       4
       5
       3
       1
       2
       2
       2
       2
       3
       3
       4
       2
       4
       4
       7
       7
       4
       1
       3
       5
       2
       2
       0
       4
       2
       3
       4
       2
       7
       3
       2
       3
       1
       4
       5
       0
       4
       3
       6
       3
       2
       3
       3
       2
       4
       3
       4
       1
       3
       4
       1
       3
      10
       3
       5
       2
       3
       2
       2
       2
       2
       0
       2
       3
       8
       2
       1
       2
       0
       1
       2
       3
       3
       5
       1
       2
       1
       1
       4
       0
       3
       0
       5
       4
       2
       6
       2
       4
       1
       2
       3
       0
       4
       1
       3
       1
       5
       2
       5
       2
       2
       0
       1
       1
       0
       1
       2
       2
       2
       0
       2
       3
       1
       3
       7
       7
       4
       2
       7
       1
       0
       4
       3
       4
       0
       3
       4
       6
       2
       4
       5
       1
       4
       2
       5
       9
       1
       3
       6
       3
       4
       0
       3
       2
       3
       2
       0
       0
       4
       1
       2
       2
       2
       0
       1
       1
       1
       4
       1
       1
       3
       1
       4
       6
       1
       5
       2
       2
       1
       2
       3
       0
       0
       3
       4
       0
       1
       3
       1
       1
       3
       1
       2
       0
       2
       3
       0
       6
       2
       2
       1
       4
       5
       5
       0
       0
       2
       5
       2
       5
       2
       2
       3
       1
       2
       2
       1
       1
       1
       2
       2
       0
       5
       2
       2
       5
       1
       2
       3
       2
       3
       2
       5
       3
       7
       0
       2
       1
       2
       1
       2
       3
       2
       3
       0
       3
       2
       0
       1
       2
       3
       2
       2
       0
       3
       1
       4
       1
       2
       4
       1
       3
       3
       2
       1
       3
       2
       1
       3
       2
       2
       1
       3
       4
       2
       2
       2
       0
       1
       7
       3
       2
       1
       5
       1
       5
       5
       1
       2
       3
       1
       3
       1
       2
       5
       1
       2
       3
       3
       3
       3
       2
       1
       1
       6
       4
       2
       0
       1
       3
       2
       2
       3
       1
       3
       0
       1
       2
       1
       3
       1
       0
       6
       5
       0
       2
       1
       1
       3
       2
       0
       1
       1
       2
       2
       1
       5
       4
       3
       1
       2
       3
       1
       2
       3
       1
       2
       4
       2
       4
       2
       1
       4
       6
       1
       1
       6
       8
      11
       8
      22
      22
      39
      42
      32
      45
      30
      41
      27
      14
      11
       4
       4
       2
       3
       7
       1
       0
       4
       2
       1
       2
       1
       2
       2
       1
       2
       0
       1
       0
       1
       3
       4
       1
       3
       1
       1
       4
       2
       3
       2
       3
       1
       2
       1
       3
       2
       2
       1
       2
       1
       0
       4
       4
       4
       2
       2
       4
       1
       3
       1
       3
       0
       1
       6
       2
       2
       1
       2
       3
       4
       2
       0
       4
       1
       5
       2
       2
       1
       0
       2
       3
       4
       2
       0
       1
       2
       1
       2
       0
       6
       0
       1
       2
       3
       2
       2
       2
       1
       2
       0
       0
       2
       0
       3
       2
       0
       1
       3
       0
       2
       2
       2
       0
       1
       7
       4
       0
       2
       3
       1
       0
       4
       1
       0
       2
       1
       2
       5
       1
       0
       1
       1
       5
       1
       0
       2
       3
       4
       3
       1
       2
       3
       2
       2
       3
       1
       0
       1
       1
       0
       1
       0
       1
       2
       0
       2
       0
       2
       2
       2
       1
       3
       2
       2
       2
       0
       6
       4
       1
       2
       2
       3
       3
       3
       1
       3
       3
       1
       2
       2
       2
       1
       2
       2
       3
       1
       2
       1
       0
       2
       2
       0
       4
       3
       2
       3
       3
       1
       1
       2
       4
       3
       5
       3
       0
       1
       0
       2
       2
       2
       3
       1
       2
       1
       3
       1
       5
       2
       1
       0
       0
       2
       1
       2
       1
       0
       0
       0
       1
       3
       3
       2
       2
       4
       2
       3
       2
       3
       3
       2
       1
       3
       3
       1
       0
       2
       3
       2
       3
       1
       0
       1
       1
       0
       0
       0
       0
       2
       1
       2
       2
       2
       2
       1
       1
       1
       0
       5
       2
       2
       4
       3
       4
       2
       2
       4
       1
       1
       0
       0
       0
       0
       0
       2
       1
       0
       1
       0
       3
       2
       1
       3
       2
       4
       0
       3
       3
       4
       4
       0
       4
       1
       2
       0
       3
       2
       5
       0
       3
       2
       1
       0
       2
       0
       1
       0
       3
       3
       0
       4
       0
       0
       0
       1
       3
       2
       1
       1
       1
       3
       1
       2
       4
       3
       0
       2
       2
       4
       1
       1
       2
       2
       0
       0
       1
       0
       2
       3
       0
       2
       3
       2
       4
       2
       3
       3
       1
       1
       2
       2
       0
       1
       4
       0
       3
       0
       0
       2
       1
       2
       3
       1
       1
       1
       1
       3
       1
       1
       4
       0
       1
       0
       5
       1
       5
       1
       4
       2
       1
       1
       1
       1
       2
       3
       0
       5
       0
       1
       0
       1
       3
       1
       2
       1
       1
       1
       1
       2
       2
       2
       0
       0
       1
       0
       2
       3
       5
       2
       0
       2
       1
       1
       0
       0
       4
       1
       2
       3
       1
       1
       2
       0
       2
       2
       1
       1
       3
       2
       0
       1
       1
       1
       0
       2
       2
       2
       2
       1
       3
       0
       1
       2
       2
       1
       1
       1
       1
       0
       2
       0
       0
       2
       1
       1
       1
       1
       2
       0
       1
       2
       1
       0
       2
       0
       1
       0
       1
       0
       1
       1
       3
       1
       1
       2
       2
       1
       2
       2
       2
       1
       0
       1
       4
       1
       1
       2
       1
       1
       5
       3
       7
       2
       1
       4
       0
       3
       1
       1
       2
       1
       1
       1
       2
       2
       0
       1
       1
       3
       1
       3
       3
       0
       1
       1
       0
       1
       0
       0
       4
       0
       1
       1
       3
       2
       1
       1
       0
       3
       1
       1
       3
       2
       2
       5
       1
       2
       1
       2
       2
       2
       2
       4
       0
       0
       0
       1
       3
       2
       0
       1
       1
       1
       3
       4
       0
       1
       4
       4
       3
       2
       1
       0
       3
       1
       0
       0
       2
       3
       4
       2
       1
       1
       2
       0
       1
       2
       1
       0
       1
       1
       0
       1
       1
       0
       0
       0
       0
       0
       4
       0
       3
       2
       1
       1
       0
       2
       1
       2
       1
       1
       0
       0
       0
       0
       2
       0
       1
       2
       3
       2
       2
       2
       0
       3
       1
       2
       1
       3
       2
       1
       1
       0
       3
       2
       0
       2
       0
       2
       3
       0
       3
       3
       3
       1
       0
       0
       2
       1
       2
       0
       2
       0
       1
       0
       1
       0
       2
       2
       1
       3
       4
       0
       0
       0
       1
       2
       1
       2
       1
       0
       0
       2
       2
       1
       0
       0
       0
       1
       3
       1
       2
       1
       1
       0
       0
       2
       2
       0
       1
       0
       1
       1
       0
       1
       2
       5
       1
       1
       1
       1
       1
       4
       1
       1
       1
       1
       0
       1
       1
       1
       2
       2
       2
       1
       1
       2
       1
       2
       0
       1
       3
       2
       2
       0
       4
       3
       0
       0
       2
       0
       1
       2
       1
       0
       0
       1
       1
       2
       1
       1
       3
       3
       1
       3
       2
       2
       0
       2
       1
       1
       0
       2
       0
       0
       1
       1
       3
       1
       1
       1
       1
       1
       0
       1
       2
       3
       0
       1
       2
       1
       2
       1
       1
       1
       2
       2
       1
       2
       1
       0
       1
       1
       0
       0
       1
       2
       0
       2
       0
       3
       1
       2
       2
       1
       1
       0
       0
       0
       1
       0
       1
       0
       1
       1
       0
       1
       0
       0
       2
       1
       0
       1
       0
       0
       0
       1
       2
       1
       1
       7
       1
       1
       4
       2
       0
       0
       3
       2
       1
       2
       2
       2
       0
       1
       1
       4
       0
       0
       3
       0
       1
       3
       0
       3
       0
       0
       1
       1
       1
       0
       0
       1
       1
       1
       1
       0
       0
       1
       1
       2
       0
       2
       0
       3
       1
       3
       2
       0
       1
       0
       2
       2
       1
       1
       2
       1
       2
       1
       0
       1
       0
       0
       1
       2
       0
       2
       1
       4
       0
       2
       1
       2
       0
       0
       1
       3
       1
       3
       0
       0
       1
       2
       2
       0
       1
       1
       1
       0
       1
       0
       0
       0
       1
       4
       0
       2
       0
       1
       0
       2
       0
       1
       0
       3
       4
       0
       2
       2
       2
       0
       0
       4
       1
       1
       1
       0
       0
       4
       0
       1
       0
       0
       2
       3
       1
       1
       0
       2
       1
       2
       0
       1
       1
       1
       0
       1
       2
       0
       0
       0
       3
       0
       1
       0
       0
       1
       0
       0
       0
       0
       0
       1
       1
       2
       4
       0
       0
       0
       3
       0
       1
       0
       0
       1
       0
       0
       0
       1
       1
       1
       1
       0
       1
       2
       1
       0
       0
       2
       1
       0
       1
       0
       0
       2
       1
       0
       0
       1
       0
       1
       0
       1
       1
       0
       2
       1
       1
       0
       1
       0
       0
       2
       0
       2
       1
       1
       1
       1
       1
       3
       2
       0
       0
       0
       0
       0
       1
       2
       2
       1
       0
       0
       3
       1
       1
       0
       1
       0
       2
       1
       1
       0
       2
       0
       3
       1
       1
       1
       2
       1
       2
       1
       2
       0
       1
       2
       1
       2
       0
       2
       3
       1
       0
       0
       1
       1
       1
       0
       2
       1
       0
       2
       3
       0
       1
       1
       0
       1
       1
       1
       1
       0
       0
       2
       2
       2
       1
       2
       1
       0
       6
       3
       2
       1
       2
       1
       0
       0
       0
       0
       0
       2
       0
       3
       2
       0
       2
       2
       2
       1
       0
       1
       1
       1
       0
       0
       2
       1
       1
       0
       0
       2
       2
       1
       2
       1
       2
       2
       1
       1
       0
       1
       1
       0
       0
       0
       3
       4
       0
       2
       1
       1
       1
       1
       2
       1
       0
       2
       2
       0
       1
       0
       1
       0
       0
       0
       0
       0
       1
       0
       1
       0
       1
       0
       3
       1
       1
       1
       1
       1
       0
       0
       2
       1
       1
       1
       0
       2
       1
       1
       0
       3
       3
       0
       1
       2
       2
       1
       0
       0
       0
       0
       1
       0
       0
       0
       2
       0
       1
       2
       1
       2
       1
       1
       1
       2
       2
       0
       2
       1
       0
       4
       0
       2
       1
       0
       2
       0
       0
       1
       2
       1
       1
       0
       7
       5
       2
       7
       8
      17
       5
       7
      11
       8
       5
       9
       8
       4
       3
       1
       0
       2
       1
       1
       1
       2
       0
       0
       1
       2
       2
       1
       2
       2
       0
       1
       1
       1
       1
       0
       1
       0
       0
       0
       3
       0
       0
       2
       1
       2
       2
       2
       1
       0
       0
       1
       0
       1
       1
       0
       2
       1
       0
       0
       2
       1
       1
       1
       1
       0
       2
       0
       3
       1
       0
       1
       2
       1
       1
       1
       0
       0
       1
       0
       1
       0
       1
       2
       2
       0
       2
       0
       1
       1
       1
       3
       1
       0
       1
       0
       1
       1
       2
       1
       1
       0
       0
       0
       0
       0
       0
       2
       0
       0
       0
       1
       2
       0
       0
       2
       0
       1
       0
       1
       1
       1
       0
       1
       0
       0
       0
       0
       3
       2
       1
       0
       3
       1
       1
       1
       0
       1
       0
       0
       1
       3
       0
       0
       1
       0
       1
       0
       1
       0
       0
       1
       0
       0
       3
       1
       1
       0
       2
       0
       0
       2
       2
       0
       2
       0
       2
       0
       2
       2
       2
       0
       1
       0
       0
       0
       0
       1
       0
       1
       0
       0
       0
       1
       1
       1
       1
       2
       0
       1
       2
       2
       0
       1
       2
       1
       0
       2
       1
       0
       1
       3
       0
       1
       2
       1
       1
       0
       1
       0
       0
       1
       1
       1
       0
       1
       2
       0
       1
       0
       0
       0
       1
       2
       1
       0
       1
       0
       1
       0
       0
       2
       0
       0
       0
       1
       0
       1
       2
       0
       0
       2
       2
       0
       1
       1
       0
       0
       0
       0
       2
       1
       2
       2
       0
       0
       0
       1
       0
       0
       0
       1
       0
       0
       1
       1
       0
       0
       0
       1
       1
       0
       1
       2
       0
       0
       0
       0
       3
       1
       1
       1
       0
       2
       3
       1
       2
       0
       1
       1
       0
       0
       0
       1
       0
       0
       1
       0
       2
       4
       0
       0
       1
       0
       1
       1
       2
       0
       2
       3
       2
       0
       1
       1
       1
       2
       0
       2
       0
       3
       0
       0
       1
       0
       0
       0
       1
       0
       1
       2
       0
       1
       1
       0
       1
       1
       1
       0
       0
       0
       2
       3
       4
       3
       3
       0
       2
       2
       3
       1
       2
       1
       2
       1
       2
       2
       2
       1
       0
       0
       0
       0
       0
       1
       1
       1
       2
       0
       2
       2
       1
       0
       1
       0
       1
       0
       0
       0
       0
       0
       0
       2
       2
       0
       0
       1
       2
       0
       0
       0
       1
       2
       0
       0
       1
       1
       0
       1
       1
       1
       0
       3
       1
       0
       1
       0
       0
       0
       1
       0
       0
       1
       1
       1
       0
       2
       1
       0
       1
       0
       0
       1
       1
       0
       0
       1
       0
       0
       1
       0
       1
       0
       0
       0
       0
       1
       1
       1
       0
       0
       0
       1
       0
       1
       0
       1
       0
       1
       0
       3
       0
       0
       1
       1
       2
       1
       0
       0
       2
       0
       0
       0
       1
       1
       0
       1
       1
       0
       1
       0
       0
       0
       2
       1
       1
       0
       0
       1
       0
       0
       0
       2
       1
       0
       0
       1
       0
       0
       0
       1
       0
       0
       2
       0
       1
       1
       0
       0
       1
       1
       1
       0
       1
       0
       1
       0
       0
       2
       1
       0
       2
       0
       0
       2
       0
       2
       1
       0
       0
       1
       2
       0
       1
       1
       0
       0
       3
       0
       2
       1
       1
       0
       0
       0
       1
       0
       3
       1
       1
       1
       2
       0
       2
       0
       2
       2
       0
       2
       2
       1
       1
       0
       0
       0
       0
       1
       1
       1
       1
       0
       2
       0
       0
       1
       0
       2
       0
       1
       0
       1
       1
       3
       1
       1
       1
       1
       1
       3
       0
       1
       0
       0
       0
       2
       0
       0
       1
       0
       0
       0
       0
       1
       0
       0
       0
       2
       1
       0
       0
       1
       0
       1
       0
       0
       1
       1
       0
       0
       0
       0
       0
       0
       0
       0
       1
       0
       0
       0
       0
       1
       0
       3
       0
       0
       0
       0
       0
       0
       0
       0
       1
       0
       0
       0
       0
       0
       0
       0
       1
       1
       1
       2
       0
       1
       1
       2
       0
       0
       0
       0
       2
       3
       0
       2
       0
       0
       0
       0
       1
       0
       1
       0
       2
       0
       1
       0
       0
       1
       0
       2
       0
       1
       1
       0
       0
       0
       2
       0
       0
       1
       0
       0
       0
       1
       0
       0
       0
       0
       0
       0
       1
       1
       1
       1
       0
       0
       1
       1
       1
       1
       0
       1
       0
       2
       1
       3
       0
       0
       0
       2
       0
       0
       1
       1
       1
       1
       0
       0
       0
       0
       2
       1
       1
       1
       1
       0
       0
       1
       1
       2
       0
       0
       0
       2
       0
       1
       3
       0
       2
       0
       1
       1
       0
       1
       0
       0
       0
       2
       4
       1
       1
       2
       2
       1
       1
       2
       0
       2
       0
       1
       0
       1
       0
       2
       1
       0
       2
       0
       1
       1
       1
       1
       2
       0
       1
       0
       1
       0
       0
       0
       2
       0
       2
       1
       1
       0
       0
       0
       1
       0
       2
       0
       2
       1
       0
       0
       0
       1
       1
       0
       0
       2
       1
       0
       0
       1
       0
       0
       3
       4
       1
       1
       1
       1
       0
       1
       1
       0
       2
       0
       1
       3
       0
       1
       0
       1
       0
       1
       0
       2
       1
       1
       0
       0
       0
       2
       1
       1
       0
       0
       3
       1
       0
       0
       2
       1
       0
       1
       0
       2
       0
       0
       0
       1
       1
       0
       1
       4
       2
       2
       0
       1
       0
       2
       0
       1
       1
       0
       0
       0
       0
       1
       1
       1
       1
       0
       2
       0
       1
       0
       0
       0
       0
       0
       0
       0
       0
       0
       0
       0
       0
       0
       0
       0
       0
       0
       0
       0
       0
       0
       0
       0
       0
       0
       0
       0
       0
       0
       0
       0
       0
       0
       0
       0
       0
       0
       0
       0
       0
       0
       0
       0
       0
       0
       0
       0
       0
       0
       0
       0
       0
       0
       0
       0
       0
       0
       0
       0
       0
       0
       0
       0
       0
       0
       0
       0
       0
       0
       0
       0
       0
       0
       0
       0
       0
       0
       0
       0
       0
       0
       0
       0
       0
       0
       0
       0
       0
       0
       0
       0
       0
       0
       0
       0
       0
       0
       0
       0
       0
       0
       0
       0
       0
       0
       0
       0
       0
       0
       0
       0
       0
       0
       0
       0
       0
       0
       0
       0
       0
       0
       0
       0
       0
       0
       0
       0
       0
$ROI:
2
1936 2287
5338 5513
$PRESETS:
Integral
500000
0
$ENER_FIT:
0.000000 0.245432
$MCA_CAL:
3
0.000000E+000 2.454316E-001 0.000000E+000 keV
$SHAPE_CAL:
3
7.465718E+000 0.000000E+000 0.000000E+000
