$SPEC_ID:
No sample description was entered.
$SPEC_REM:
DET# 1
DETDESC# BUNCHER Easy-MCA-8k SN 9051292
AP# Maestro Version 6.08
$DATE_MEA:
07/26/2019 12:56:22
$MEAS_TIM:
338 426
$DATA:
0 8191
       0
       0
       0
       0
       0
       0
       0
       0
       0
       0
       0
       0
       0
       0
       0
       0
       0
       0
       1
       7
      24
     120
     585
    1622
    3109
    4634
    5524
   12426
    6164
     632
     354
     195
     258
     769
    1519
    1916
    1933
    1727
    1500
    1373
    1340
    1363
    1375
    1356
    1408
    1492
    1402
    1410
    1335
    1384
    1392
    1317
    1374
    1367
    1302
    1267
    1286
    1280
    1303
    1221
    1212
    1252
    1233
    1225
    1191
    1173
    1157
    1197
    1219
    1218
    1167
    1148
    1089
    1108
    1113
    1082
    1039
    1146
    1071
    1121
    1070
    1033
    1083
    1047
    1073
    1049
    1010
    1078
     990
    1077
    1000
    1034
    1017
    1026
    1043
    1001
    1006
    1010
     946
     967
    1027
     952
     987
     982
    1020
     997
    1000
     977
     964
     938
    1046
    1010
     940
     991
     938
     950
     930
     941
     883
     945
     907
     911
     920
     897
     920
     936
     901
     935
     954
     916
     859
     906
     865
     838
     867
     933
     880
     910
     946
     882
     950
     847
     952
     851
     935
     861
     872
     880
     870
     912
     873
     859
     855
     866
     890
     880
     873
     871
     887
     842
     855
     854
     864
     887
     891
     856
     842
     838
     836
     849
     910
     834
     835
     867
     797
     846
     843
     850
     867
     863
     857
     876
     798
     864
     815
     862
     854
     847
     826
     918
     819
     807
     803
     849
     870
     801
     858
     868
     828
     850
     831
     852
     828
     866
     844
     872
     782
     819
     845
     884
     864
     830
     837
     843
     872
     883
     841
     866
     856
     872
     867
     798
     819
     902
     854
     849
     817
     807
     858
     864
     880
     805
     824
     862
     841
     854
     897
     860
     879
     858
     969
     840
     917
     919
     857
     927
     853
     892
     873
     842
     897
     866
     922
     879
     792
     865
     854
     974
     926
     879
     912
     832
     875
     864
     895
     892
     923
     864
     938
     864
     896
     861
     878
     936
     961
     900
     929
     952
     952
     894
     932
     903
     903
     915
     897
     953
     941
     913
     954
     956
     952
     944
    1030
    1064
    1085
     981
     995
     928
    1015
    1013
    1014
    1074
    1227
    1227
    1124
    1035
     966
     957
     927
     973
     963
     973
     947
     967
     970
     974
     993
     989
     946
     995
    1046
     989
     971
     999
     950
     971
    1011
     934
    1020
     935
    1039
     959
    1049
    1035
     958
     997
    1046
    1018
    1011
    1019
    1069
    1156
    1167
    1220
    1226
    1151
    1079
    1029
    1014
    1048
    1052
    1121
    1123
    1134
    1037
    1113
    1069
    1063
    1052
    1086
    1036
    1073
    1000
    1036
    1120
    1078
    1051
    1067
    1044
    1089
    1077
    1116
    1123
    1117
    1005
    1107
    1134
    1062
    1051
    1114
    1120
    1066
    1125
    1060
    1062
    1070
    1092
    1046
    1089
    1089
    1113
    1049
    1142
    1052
    1127
    1078
    1035
    1125
    1114
    1126
    1102
    1120
    1117
    1150
    1197
    1147
    1102
    1128
    1096
    1061
    1081
    1142
    1149
    1113
    1197
    1101
    1172
    1205
    1066
    1175
    1149
    1181
    1160
    1115
    1133
    1204
    1163
    1148
    1164
    1180
    1134
    1137
    1201
    1186
    1166
    1293
    1130
    1172
    1145
    1190
    1146
    1247
    1191
    1227
    1151
    1136
    1161
    1140
    1197
    1201
    1166
    1203
    1209
    1187
    1209
    1208
    1216
    1174
    1192
    1180
    1214
    1228
    1192
    1212
    1173
    1236
    1226
    1184
    1228
    1235
    1241
    1141
    1200
    1238
    1196
    1193
    1221
    1233
    1168
    1168
    1205
    1156
    1192
    1188
    1168
    1225
    1224
    1201
    1187
    1237
    1187
    1197
    1187
    1186
    1211
    1230
    1163
    1199
    1142
    1201
    1234
    1129
    1206
    1163
    1169
    1181
    1222
    1161
    1190
    1203
    1176
    1173
    1147
    1137
    1179
    1147
    1170
    1173
    1121
    1215
    1199
    1167
    1159
    1166
    1236
    1138
    1234
    1151
    1185
    1243
    1202
    1228
    1233
    1136
    1143
    1154
    1215
    1187
    1138
    1167
    1165
    1180
    1185
    1144
    1127
    1147
    1070
    1112
    1205
    1203
    1170
    1167
    1187
    1135
    1173
    1162
    1106
    1118
    1137
    1223
    1166
    1174
    1111
    1178
    1166
    1189
    1170
    1225
    1197
    1161
    1168
    1119
    1120
    1099
    1209
    1135
    1166
    1173
    1151
    1173
    1160
    1113
    1151
    1165
    1178
    1155
    1124
    1178
    1184
    1175
    1154
    1119
    1176
    1157
    1154
    1151
    1131
    1169
    1060
    1156
    1117
    1084
    1162
    1078
    1184
    1159
    1165
    1197
    1181
    1184
    1140
    1140
    1173
    1139
    1174
    1097
    1117
    1129
    1122
    1093
    1083
    1165
    1105
    1109
    1151
    1113
    1156
    1097
    1108
    1122
    1121
    1179
    1096
    1146
    1110
    1109
    1136
    1083
    1115
    1103
    1183
    1107
    1191
    1105
    1119
    1095
    1141
    1112
    1098
    1126
    1163
    1097
    1086
    1097
    1085
    1139
    1142
    1130
    1115
    1132
    1134
    1092
    1157
    1105
    1088
    1124
    1078
    1166
    1099
    1176
    1169
    1135
    1119
    1068
    1103
    1062
    1130
    1112
    1139
    1137
    1139
    1144
    1136
    1137
    1122
    1159
    1123
    1137
    1174
    1166
    1145
    1173
    1091
    1247
    1185
    1164
    1215
    1182
    1199
    1205
    1259
    1215
    1212
    1186
    1192
    1206
    1240
    1200
    1160
    1280
    1160
    1186
    1157
    1153
    1175
    1174
    1146
    1150
    1144
    1233
    1140
    1170
    1166
    1182
    1127
    1160
    1140
    1103
    1128
    1129
    1125
    1166
    1163
    1112
    1078
    1110
    1110
    1101
    1111
    1103
    1110
    1089
    1044
    1093
    1038
    1105
    1137
    1005
    1074
    1072
    1083
    1092
    1085
    1044
    1083
    1117
    1070
    1084
    1076
    1031
    1027
    1047
    1015
    1050
    1020
    1046
    1049
     958
     986
    1011
    1023
    1001
     988
    1032
    1023
    1002
    1004
     971
    1023
    1056
    1056
    1042
    1039
     975
     969
     975
    1004
    1007
    1018
     940
    1008
    1065
     955
     970
     891
     994
     946
     934
     959
     915
     955
    1018
    1010
     988
     976
     951
     931
     955
     997
     989
     937
     930
     960
     953
    1003
     972
    1008
     938
    1032
     934
     950
     951
     990
     987
     946
     895
     988
     992
     958
     951
     918
     962
     958
     962
     969
     892
     935
     879
     925
     900
     987
     945
     894
     921
     939
     949
     963
     945
     915
     991
     895
     904
     886
     925
     930
     841
     974
     981
     926
     886
     894
     912
     882
     879
     908
     937
     881
     919
     926
     873
     927
     900
     909
     938
     936
     883
     901
     925
     867
     859
     921
     898
     878
     921
     913
     901
     891
     897
     900
     856
     874
     868
     898
     879
     864
     892
     937
     896
     887
     885
     884
     874
     858
     889
     888
     936
     898
     969
     857
     860
     890
     899
     872
     868
     976
     871
     902
     894
     862
     904
     824
     864
     872
     886
     882
     807
     871
     957
     877
     918
     883
     874
     924
     863
     864
     911
     906
     891
     939
     896
     903
     850
     913
     864
     901
     832
     889
     866
     864
     850
     935
     885
     874
     917
     918
     903
     879
     877
     847
     862
     903
     849
     857
     845
     901
     858
     847
     819
     844
     862
     909
     908
     886
     828
     818
     842
     930
     900
     903
     866
     844
     905
     833
     863
     905
     899
     879
     879
     848
     816
     886
     857
     864
     889
     866
     818
     933
     866
     873
     877
     843
     847
     897
     867
     846
     890
     891
     858
     877
     907
     863
     892
     842
     831
     893
     858
     869
     893
     846
     885
     879
     885
     874
     869
     947
     862
     845
     822
     883
     863
     918
     859
     873
     853
     860
     814
     853
     916
     861
     904
     869
     902
     877
     890
     845
     923
     830
     906
     867
     907
     912
     869
     852
     880
     893
     852
     870
     893
     883
     895
     845
     859
     888
     907
     879
     873
     888
     898
     890
     865
     899
     857
     918
     857
     939
     880
     860
     892
     818
     906
     884
     889
     930
     871
     837
     895
     850
     868
     872
     872
     856
     879
     925
     849
     877
     872
     870
     922
     869
     929
     856
     861
     858
     864
     941
     891
     852
     952
     891
     862
     882
     897
     894
     914
     906
     902
     909
     925
     835
     857
     901
     923
     890
     876
     905
     904
     907
     881
     953
     860
     906
     896
     917
     903
     906
     968
     855
     878
     866
     907
     913
     895
     907
     922
     956
     845
     934
     946
     915
     899
     913
     922
     887
     885
     931
     918
     887
     899
     896
     958
     960
     986
     875
     893
     958
     930
     929
     888
     902
     862
     942
     941
     902
     903
     916
     922
     901
     842
     883
     898
     908
     947
     928
     965
    1026
     941
     912
     930
     942
     915
     924
     968
     936
     933
     950
     981
     924
     973
     935
     942
     949
     898
     946
     963
     929
     982
     951
     870
     983
     932
     967
     910
     976
     950
     905
     943
     988
     946
     993
     925
    1007
     937
     940
     952
     952
     955
     928
    1011
     944
     973
    1028
     889
     943
    1029
     966
     957
     967
     984
     954
    1016
     946
     936
    1004
     993
     917
     912
     921
     923
     932
     967
     982
    1004
     973
     957
     979
     978
    1014
    1000
     943
    1005
     990
     963
    1004
     986
     980
    1023
     963
     997
    1045
    1032
    1017
    1004
    1015
     986
     936
    1028
    1012
     924
     981
     954
     976
     981
     987
    1024
     971
    1025
     982
     986
    1023
     954
    1028
     986
    1032
     947
     982
     992
    1000
    1032
     992
    1056
     989
    1029
    1007
    1030
     968
     987
    1004
    1012
     977
     998
    1018
     976
    1069
    1011
    1039
    1025
    1040
    1061
    1014
    1027
     987
    1010
    1039
    1046
    1011
     982
    1029
    1011
    1010
     983
    1036
    1007
    1018
    1028
    1058
    1018
     993
    1045
    1012
    1074
    1009
    1049
    1026
    1095
    1028
    1067
    1092
    1080
    1032
    1114
    1054
     990
    1091
    1020
    1051
    1076
    1049
    1120
     989
    1045
    1009
    1098
    1058
    1064
    1019
    1032
    1043
    1026
    1037
    1051
    1035
     988
    1053
    1019
    1071
     957
     974
     976
    1014
     948
     989
     985
     943
     943
     934
     909
     894
     872
     863
     839
     920
     838
     893
     840
     790
     783
     849
     841
     806
     771
     828
     816
     808
     726
     718
     769
     819
     759
     717
     743
     745
     774
     760
     738
     740
     757
     736
     777
     693
     719
     731
     684
     674
     708
     706
     700
     699
     676
     704
     705
     737
     686
     722
     670
     694
     696
     686
     709
     688
     690
     725
     691
     642
     672
     600
     690
     698
     660
     659
     584
     698
     669
     641
     695
     633
     647
     651
     624
     638
     607
     637
     654
     679
     672
     664
     682
     644
     620
     685
     617
     616
     644
     574
     573
     592
     624
     618
     611
     615
     569
     574
     550
     635
     642
     616
     625
     623
     600
     623
     584
     595
     603
     607
     595
     605
     607
     591
     580
     612
     600
     600
     569
     557
     585
     554
     564
     554
     552
     566
     547
     567
     557
     559
     556
     590
     559
     531
     553
     570
     556
     573
     572
     528
     588
     551
     568
     501
     601
     564
     587
     542
     556
     554
     525
     540
     552
     514
     518
     544
     528
     537
     481
     518
     536
     528
     525
     562
     496
     472
     505
     573
     551
     508
     519
     502
     535
     519
     496
     532
     511
     520
     562
     503
     485
     500
     510
     485
     522
     461
     497
     494
     500
     478
     505
     486
     453
     486
     491
     478
     496
     506
     500
     500
     472
     484
     517
     466
     506
     469
     474
     452
     456
     517
     509
     499
     499
     499
     470
     454
     454
     484
     486
     461
     466
     471
     439
     491
     415
     457
     455
     496
     440
     500
     478
     437
     467
     438
     470
     438
     450
     477
     459
     450
     487
     453
     452
     478
     447
     500
     486
     457
     477
     449
     494
     449
     429
     455
     473
     492
     401
     486
     463
     452
     424
     415
     428
     410
     449
     483
     432
     432
     436
     420
     416
     431
     462
     440
     445
     453
     407
     462
     403
     468
     400
     409
     429
     475
     425
     412
     410
     399
     401
     417
     427
     410
     398
     428
     446
     431
     441
     451
     431
     436
     424
     483
     401
     437
     379
     464
     392
     403
     382
     362
     399
     464
     388
     457
     410
     382
     409
     402
     395
     408
     412
     418
     396
     442
     401
     441
     420
     411
     401
     404
     426
     427
     407
     422
     375
     397
     412
     349
     430
     369
     445
     400
     395
     405
     414
     408
     424
     432
     391
     404
     428
     408
     426
     365
     425
     436
     379
     410
     429
     440
     354
     388
     428
     431
     395
     401
     412
     368
     398
     417
     393
     414
     418
     426
     386
     386
     385
     407
     424
     418
     408
     387
     389
     374
     409
     413
     411
     405
     412
     403
     368
     374
     377
     396
     396
     429
     410
     397
     407
     396
     396
     430
     410
     381
     410
     437
     448
     420
     401
     404
     386
     398
     410
     402
     378
     385
     396
     441
     412
     418
     381
     398
     389
     397
     383
     388
     423
     391
     397
     383
     442
     390
     403
     381
     414
     374
     414
     414
     383
     374
     390
     358
     387
     395
     379
     418
     378
     391
     389
     406
     358
     383
     384
     383
     373
     362
     358
     391
     374
     400
     387
     391
     348
     397
     394
     365
     370
     392
     360
     371
     420
     381
     364
     379
     375
     380
     358
     382
     429
     377
     375
     371
     356
     363
     405
     407
     393
     391
     410
     356
     378
     427
     405
     361
     387
     371
     378
     346
     382
     371
     346
     407
     383
     361
     348
     406
     376
     376
     367
     369
     379
     363
     378
     380
     402
     388
     373
     386
     389
     375
     395
     320
     399
     368
     364
     359
     393
     373
     373
     396
     358
     355
     371
     416
     384
     375
     336
     402
     406
     353
     388
     360
     366
     390
     357
     392
     374
     354
     375
     361
     391
     383
     366
     370
     384
     384
     418
     392
     389
     340
     422
     362
     355
     370
     367
     382
     324
     377
     346
     369
     357
     361
     371
     378
     364
     328
     392
     379
     368
     390
     352
     372
     360
     356
     370
     379
     350
     383
     379
     359
     371
     381
     371
     352
     363
     353
     376
     391
     370
     325
     409
     387
     391
     387
     365
     369
     387
     322
     363
     340
     397
     381
     354
     361
     383
     377
     372
     373
     383
     367
     355
     390
     364
     353
     408
     369
     380
     378
     347
     406
     394
     357
     365
     338
     374
     395
     319
     364
     352
     427
     330
     383
     343
     375
     388
     356
     355
     369
     332
     332
     370
     375
     364
     346
     380
     354
     373
     383
     388
     360
     421
     390
     356
     376
     413
     378
     432
     390
     368
     417
     391
     420
     419
     446
     464
     466
     487
     588
     582
     721
     762
     933
    1161
    1432
    1774
    2246
    3014
    4073
    5377
    7202
    9604
   12449
   15757
   19761
   23395
   26366
   28986
   31061
   31865
   31164
   29240
   26847
   23691
   19921
   16334
   12539
    9483
    7049
    5197
    3612
    2709
    2040
    1458
    1157
     854
     759
     633
     508
     480
     440
     398
     354
     319
     313
     282
     268
     267
     276
     235
     234
     257
     234
     224
     228
     217
     198
     194
     217
     203
     193
     199
     189
     166
     223
     188
     170
     197
     167
     170
     179
     191
     173
     170
     169
     162
     163
     177
     160
     160
     173
     141
     145
     179
     143
     149
     142
     156
     138
     152
     135
     144
     138
     149
     143
     175
     160
     130
     136
     130
     139
     139
     141
     132
     138
     129
     122
     138
     138
     129
     121
     112
     139
     126
     118
     127
     110
     110
     147
     127
     145
     113
     125
     121
     111
     138
     126
     121
     119
     129
     122
     129
     123
     109
     118
     124
     106
     108
     135
     117
     107
     123
     134
     122
     102
     116
     104
      97
     127
     123
     111
     107
     112
     110
     103
     116
     123
     114
      96
     118
     122
     117
     106
      88
      98
     106
      98
     108
     105
     109
     109
     111
     101
     107
     103
     103
     109
      97
     106
     112
     120
     113
      84
     104
     108
      96
     102
     115
     120
     101
      89
     103
      97
     101
     106
     115
      99
      80
      99
      90
      92
      92
      96
     104
      95
     108
     100
      97
     100
     105
      99
      95
     100
      91
      86
      98
     104
      86
      94
      83
      75
      84
      99
     102
     108
      89
     109
     104
      96
     100
     107
     102
      83
      89
      98
      93
      93
     103
      90
     106
      89
     105
      88
      96
      95
      95
      91
     105
      99
      79
      85
      84
      95
      78
      95
      91
      82
      68
      86
     100
      91
      85
      98
      99
      78
     100
      85
      78
      79
      84
      86
      80
      97
      86
      89
      84
      83
      87
      82
      80
      93
      87
      89
      77
      91
      79
      85
      86
      93
      91
      90
      88
      75
      94
      88
      87
      77
      78
      90
      90
      80
      88
      65
      87
      75
      89
      96
      95
      77
      82
     109
      79
      95
      85
      68
      86
      82
      89
      87
      92
      72
      97
      74
      78
     101
     103
      84
      72
      90
      79
      81
      70
      72
      99
      73
      88
      84
      90
      77
      78
      87
      70
      87
      68
      86
      84
      97
      77
      76
      81
      85
      97
      75
      56
      66
      78
      79
      87
      86
      91
      78
      76
      62
      84
      79
      77
      88
      85
      83
      88
      62
      66
      85
      90
      75
      86
      95
      79
      82
      69
      87
      81
      89
      81
      81
      93
      71
      80
      70
      77
      65
      71
      84
      84
      80
      90
      74
      95
      80
      82
      66
      81
      62
      75
      64
      68
      72
      64
      61
      90
      68
      76
      76
      75
      71
      86
      88
      86
      90
     107
     109
     112
     105
      98
      78
      87
      86
      80
      64
      83
      58
      77
      71
      70
      65
      81
      75
      75
      67
      67
      81
      76
      72
      72
      73
      86
      86
      63
      71
      95
      73
      55
      77
      70
      68
      93
      78
      80
      79
      75
      73
      67
      57
      57
      71
      68
      79
      59
      62
      73
      55
      64
      75
      65
      69
      72
      59
      70
      77
      73
      58
      71
      83
      60
      57
      70
      58
      74
      61
      65
      68
      76
      65
      58
      82
      70
      57
      70
      86
      67
      64
      71
      62
      70
      59
      66
      55
      66
      62
      61
      74
      77
      67
      65
      75
      66
      76
      84
      63
      76
      74
      66
      68
      68
      65
      55
      53
      71
      67
      68
      44
      69
      75
      57
      64
      74
      73
      66
      74
      68
      70
      72
      62
      71
      64
      68
      76
      57
      68
      67
      56
      69
      59
      57
      61
      64
      61
      41
      59
      71
      57
      59
      75
      65
      73
      48
      69
      55
      69
      70
      54
      60
      50
      69
      57
      49
      50
      52
      70
      64
      60
      58
      65
      68
      59
      50
      51
      48
      55
      65
      70
      62
      70
      65
      63
      56
      61
      74
      43
      58
      64
      76
      59
      62
      37
      60
      44
      50
      62
      57
      56
      70
      45
      58
      69
      47
      54
      55
      68
      70
      54
      49
      69
      47
      65
      46
      43
      50
      58
      65
      50
      60
      63
      62
      51
      52
      59
      60
      52
      43
      64
      69
      50
      66
      58
      51
      69
      74
      68
      71
      42
      56
      57
      42
      50
      63
      54
      59
      42
      78
      58
      50
      67
      67
      57
      56
      56
      50
      56
      59
      54
      55
      58
      55
      48
      55
      45
      49
      48
      65
      42
      70
      54
      55
      60
      55
      50
      53
      62
      58
      54
      55
      52
      67
      62
      47
      63
      56
      49
      63
      44
      52
      47
      38
      61
      56
      51
      56
      45
      48
      55
      54
      52
      51
      57
      57
      49
      49
      64
      66
      58
      58
      51
      63
      63
      39
      47
      48
      52
      50
      60
      55
      53
      50
      56
      48
      42
      53
      45
      31
      52
      53
      51
      53
      63
      41
      47
      48
      44
      45
      55
      34
      40
      51
      57
      57
      58
      45
      51
      43
      54
      47
      48
      53
      53
      43
      47
      58
      53
      58
      53
      65
      42
      56
      49
      56
      53
      55
      38
      38
      46
      44
      46
      49
      55
      64
      53
      54
      50
      47
      54
      45
      44
      30
      36
      49
      48
      47
      46
      48
      50
      41
      46
      44
      38
      49
      45
      48
      51
      44
      37
      56
      42
      52
      40
      49
      47
      53
      44
      48
      53
      41
      46
      47
      47
      41
      47
      56
      46
      44
      34
      38
      49
      49
      58
      39
      51
      46
      39
      50
      40
      48
      43
      40
      47
      37
      41
      41
      45
      45
      45
      43
      48
      51
      50
      42
      47
      34
      35
      35
      33
      43
      47
      43
      44
      28
      29
      44
      39
      50
      46
      29
      43
      41
      51
      46
      41
      50
      45
      51
      47
      49
      42
      52
      35
      48
      42
      46
      47
      57
      44
      43
      47
      47
      33
      51
      36
      43
      36
      55
      37
      52
      60
      46
      30
      43
      39
      34
      51
      33
      41
      42
      49
      43
      39
      38
      47
      21
      39
      38
      40
      51
      34
      41
      42
      29
      46
      43
      49
      54
      50
      28
      47
      43
      30
      40
      49
      44
      48
      37
      39
      37
      51
      45
      37
      50
      31
      30
      37
      45
      38
      36
      34
      46
      42
      50
      33
      38
      36
      54
      42
      41
      36
      41
      48
      41
      44
      42
      48
      36
      42
      41
      47
      49
      39
      38
      38
      34
      50
      41
      52
      33
      27
      43
      35
      41
      35
      36
      43
      35
      42
      39
      37
      33
      37
      28
      35
      45
      44
      34
      39
      34
      34
      38
      26
      33
      49
      40
      35
      43
      39
      43
      33
      40
      32
      39
      36
      36
      35
      39
      34
      34
      42
      38
      37
      44
      49
      32
      38
      33
      42
      27
      34
      41
      33
      44
      34
      40
      38
      49
      39
      35
      31
      31
      33
      41
      28
      29
      35
      39
      41
      41
      35
      42
      46
      34
      36
      33
      33
      33
      37
      43
      38
      36
      24
      49
      45
      45
      30
      36
      37
      39
      49
      40
      42
      35
      43
      39
      33
      40
      39
      35
      39
      50
      34
      37
      30
      33
      48
      24
      40
      36
      32
      28
      40
      33
      38
      31
      42
      30
      39
      33
      29
      29
      31
      31
      35
      43
      21
      40
      29
      37
      45
      49
      34
      36
      23
      37
      37
      29
      38
      36
      26
      37
      22
      34
      34
      35
      33
      28
      35
      34
      32
      39
      32
      38
      38
      43
      28
      40
      26
      39
      30
      31
      42
      29
      27
      42
      41
      29
      37
      37
      26
      35
      33
      41
      43
      36
      31
      38
      35
      37
      52
      40
      32
      37
      44
      27
      40
      36
      29
      32
      38
      34
      41
      47
      39
      39
      31
      37
      26
      33
      31
      33
      25
      28
      30
      40
      23
      38
      41
      33
      34
      30
      36
      36
      31
      35
      50
      25
      30
      30
      31
      41
      34
      37
      30
      42
      36
      26
      36
      29
      45
      42
      44
      38
      24
      41
      32
      38
      32
      36
      35
      48
      33
      38
      34
      34
      35
      28
      28
      34
      36
      35
      39
      28
      41
      23
      28
      36
      31
      30
      31
      30
      44
      33
      24
      36
      31
      25
      38
      30
      32
      25
      40
      27
      38
      38
      26
      36
      26
      29
      39
      34
      44
      31
      38
      30
      27
      28
      29
      25
      34
      28
      27
      32
      35
      36
      36
      31
      27
      34
      34
      29
      36
      31
      29
      36
      25
      32
      35
      24
      31
      27
      29
      31
      35
      37
      22
      20
      28
      29
      26
      30
      31
      24
      28
      20
      23
      35
      21
      36
      35
      26
      32
      30
      31
      32
      39
      23
      39
      29
      35
      30
      23
      28
      38
      39
      30
      33
      36
      44
      31
      36
      29
      42
      38
      20
      36
      30
      37
      29
      43
      30
      39
      39
      27
      35
      24
      28
      31
      30
      44
      20
      25
      35
      30
      35
      28
      31
      24
      33
      24
      33
      27
      29
      22
      30
      39
      24
      27
      41
      21
      30
      29
      35
      25
      28
      23
      35
      30
      20
      34
      31
      26
      35
      23
      25
      24
      40
      35
      28
      22
      29
      20
      24
      25
      21
      31
      34
      25
      19
      23
      28
      31
      35
      30
      27
      27
      27
      32
      35
      37
      32
      22
      24
      35
      27
      26
      18
      24
      19
      29
      29
      24
      24
      28
      23
      20
      25
      24
      25
      30
      25
      25
      43
      21
      19
      25
      29
      33
      28
      27
      22
      27
      29
      27
      35
      25
      29
      27
      30
      37
      28
      26
      28
      28
      24
      25
      29
      23
      24
      29
      21
      23
      26
      34
      31
      30
      21
      28
      41
      26
      32
      16
      27
      18
      32
      25
      34
      30
      24
      23
      40
      21
      28
      21
      36
      16
      26
      24
      21
      20
      24
      35
      32
      24
      17
      19
      29
      32
      21
      26
      23
      33
      28
      29
      33
      23
      24
      28
      25
      28
      24
      19
      24
      27
      19
      28
      23
      37
      26
      22
      26
      18
      21
      25
      26
      34
      31
      23
      25
      27
      17
      33
      20
      20
      16
      24
      27
      23
      14
      25
      21
      21
      29
      30
      22
      23
      25
      32
      21
      18
      21
      15
      19
      21
      20
      26
      21
      19
      24
      18
      22
      23
      26
      31
      19
      24
      31
      24
      17
      28
      21
      25
      34
      26
      20
      21
      23
      23
      30
      28
      19
      23
      28
      27
      16
      30
      19
      17
      20
      17
      18
      27
      27
      28
      31
      31
      23
      25
      28
      22
      27
      13
      24
      24
      31
      18
      28
      19
      17
      18
      20
      27
      29
      23
      26
      23
      28
      33
      38
      18
      23
      22
      26
      16
      21
      15
      23
      14
      27
      29
      25
      29
      15
      17
      25
      18
      25
      23
      27
      17
      20
      29
      21
      17
      26
      27
      18
      23
      28
      20
      34
      25
      31
      21
      13
      25
      24
      25
      21
      24
      23
      20
      17
      15
      30
      15
      22
      31
      23
      23
      31
      30
      29
      18
      21
      24
      28
      22
      23
      22
      35
      24
      29
      28
      26
      23
      23
      18
      21
      27
      24
      25
      39
      21
      20
      17
      25
      28
      18
      27
      31
      21
      26
      18
      18
      28
      20
      26
      22
      17
      22
      22
      29
      24
      23
      15
      22
      26
      21
      18
      19
      24
      21
      21
      28
      13
      19
      25
      25
      15
      26
      27
      19
      13
      19
      15
      26
      28
      19
      21
      24
      27
      26
      19
      19
      17
      22
      25
      22
      26
      24
      23
      14
      31
      26
      19
      26
      27
      25
      29
      21
      25
      17
      19
      25
      21
      23
      22
      23
      22
      26
      20
      22
      33
      21
      38
      27
      17
      26
      22
      24
      19
      22
      24
      22
      24
      24
      22
      26
      29
      27
      18
      21
      23
      28
      19
      29
      21
      27
      21
      26
      20
      28
      15
      18
      18
      19
      32
      18
      25
      23
      22
      24
      18
      18
      24
      19
      19
      17
      23
      24
      24
      18
      17
      17
      23
      26
      18
      25
      13
      26
      21
      24
      20
      32
      23
      24
      20
      23
      25
      22
      27
      23
      16
      15
      13
      23
      26
      20
      17
      34
      12
      22
      25
      23
      24
      22
      15
      24
      31
      28
      11
      21
      29
      24
      27
      23
      24
      21
      22
      25
      22
      20
      17
      27
      18
      26
      17
      22
      25
      26
      28
      31
      27
      36
      18
      29
      26
      19
      21
      16
      21
      25
      24
      23
      15
      25
      21
      21
      18
      10
      14
      20
      28
       9
      18
      24
      14
      24
      12
      18
      17
      15
      16
      23
      13
      28
      19
      24
      15
      18
      14
      21
      14
      19
      27
      18
      10
      20
      13
      20
      20
      23
      23
      18
      24
      14
      26
      15
      22
      15
      16
      18
      22
      19
      16
      17
      19
      11
      18
      20
      16
      21
      25
      15
      21
      30
      18
      23
      20
      17
      24
      28
      18
      19
      24
      22
      14
      20
      11
      17
      19
      22
      24
      24
      24
      21
      15
      15
      20
      17
      20
      18
      22
      14
      24
      14
      17
      23
      16
      13
      21
      19
      21
      12
      24
      35
      21
      25
      25
      21
      25
      22
      20
      19
      17
      28
      22
      14
      24
      15
      23
      19
      26
      22
      24
      13
      15
      21
      21
      15
      21
      19
      12
      15
      22
      17
      14
      15
      24
      15
      15
      24
      21
      24
      29
      25
      13
      14
      21
      21
      13
      23
      18
      19
      20
      33
      39
      15
      22
      19
      25
      22
      17
      18
      29
      28
      20
      31
      27
      16
      24
      22
      15
      29
      21
      17
      29
      26
      31
      37
      17
      20
      25
      21
      25
      21
      30
      28
      25
      35
      29
      28
      35
      26
      32
      32
      27
      36
      32
      37
      35
      28
      41
      29
      36
      39
      39
      23
      26
      42
      26
      24
      34
      16
      20
      26
      20
      17
      18
      22
      16
      21
      18
      10
      16
       7
      14
      12
      23
      10
      17
      17
      12
      14
      14
      10
       7
      22
       9
       8
      13
      13
      12
       8
      16
      14
      13
       9
      18
      15
       9
       9
      12
       7
       8
      14
      16
       9
      12
      13
      10
      13
       7
      12
      10
       8
      14
      18
      11
      17
      19
      15
       6
      11
      13
       7
      16
       7
      16
       7
       8
       7
      19
      19
       9
       7
      14
       8
      10
       9
      11
       8
      22
      12
      11
       9
      13
      10
      13
       8
      12
       7
      12
       5
      12
       9
      14
      13
      12
      12
      10
       3
      11
      14
      12
      14
      18
       9
      16
      11
       6
      12
       7
      14
      13
      10
      17
      12
       8
      11
       9
      13
      10
      12
       9
      10
      11
       6
       7
       7
       8
       6
      11
      10
      17
      16
      14
      12
      14
      12
       9
      14
       8
      12
      12
      18
      14
      12
       7
      12
      17
      13
      15
      11
      10
       8
       8
      14
       9
      11
      15
      11
      17
       9
      15
      15
      17
       8
      13
       8
      13
      14
      19
      13
      11
      13
       3
      13
      11
      13
      10
      10
       8
       8
      15
      10
       6
       6
      10
       5
      12
      16
      11
       9
      12
      12
      11
       8
      10
       9
       8
       9
      13
      11
      10
      10
      11
       8
       8
      10
      10
       8
      15
      13
       6
       9
      16
       5
      11
      15
      10
       9
      12
      11
      11
       3
      18
      12
       9
       9
       8
      11
      14
      12
      14
      15
       6
      11
      13
      16
      13
      12
      17
       7
       8
       8
      16
      14
      14
      13
       9
      10
      11
      13
      17
      12
       8
       9
      16
      10
       8
       9
      11
      11
      12
       8
       9
       6
       9
      10
      12
      10
      14
      11
      12
      15
      12
       9
      15
       7
       6
       9
      14
      11
       9
      13
       9
      12
      15
       9
      10
       8
       9
      12
      10
       8
      12
      13
       7
      17
       6
      10
      12
      10
      12
      12
      10
       8
      11
      10
      15
      13
      10
       7
      19
      11
      10
      10
      12
      11
      13
      11
       6
      12
       7
       7
      11
      11
      12
      12
      12
      13
      10
       9
       9
      13
      13
      21
      10
       9
       8
      14
       5
      12
      12
      14
      12
      13
      10
      14
       5
      13
      12
      11
      13
       7
       7
      20
      14
       8
      13
      13
       4
       7
       8
      10
       9
      14
      16
       7
       6
       9
      10
      10
       6
      12
      13
      10
      10
       5
      16
      15
      14
      13
       6
       9
      11
       7
       6
       6
      12
      18
      11
      13
      14
       9
      17
      11
      15
      17
      10
      24
       8
      12
      12
       5
       6
       6
      10
       3
       9
      14
      12
       7
      10
       3
      11
       6
      17
       6
      12
       9
      14
       9
      10
       6
       7
       7
       6
       6
       9
       9
       7
       5
      14
      11
       7
       8
      11
       9
      10
       9
      11
      10
      10
       9
       4
      10
       7
       6
       9
       9
       4
      14
      10
       9
      10
      12
       6
       8
      12
       7
      12
       9
       7
      10
       7
       6
       9
       4
       7
       5
       6
       7
       4
       6
      12
       6
       8
      10
      10
       4
      11
       6
       8
       4
      11
       8
      11
      13
      10
       6
       9
      14
       8
       9
       6
      12
       9
       6
       4
       8
       5
       8
      16
       8
       2
       7
       7
       6
       5
       6
       3
       8
       6
       6
       8
       7
      13
      12
       4
       5
       2
       6
      11
       8
       9
       4
       9
      11
      12
       6
      11
       6
       4
       7
      14
      10
       4
      16
       3
       7
       8
       8
       9
      10
       7
       6
       8
       9
       8
       7
       9
       4
       8
       7
       8
       2
       9
       7
       6
       7
      12
       4
      12
       6
       5
       5
       7
       7
       3
      13
       4
       9
       5
      11
       5
       4
       9
       8
       5
       6
       6
       9
       4
       6
       5
       9
       7
       4
      13
       4
       5
       7
       9
       6
       8
       9
      12
       9
       9
       7
       8
       8
       8
      11
      16
      17
      34
      47
      65
     112
     162
     230
     313
     304
     324
     297
     234
     147
     107
      55
      29
      20
      13
      17
       6
       7
       8
       6
       9
       7
       7
       5
       5
      10
       7
      11
       9
       5
       2
       7
       4
       7
      10
      11
       4
      11
      10
       6
       7
       3
      10
       7
       6
       9
       5
       9
       6
       5
      13
       8
       5
      11
       7
       7
       3
       2
       6
       8
       8
       5
       9
       6
       4
       8
       6
      10
       8
       4
       4
       9
       6
      11
      11
       5
       7
      10
       4
       5
       2
       7
       4
       9
       6
       7
       5
       6
       8
       5
       5
       8
       5
       5
       3
       4
       4
       2
       6
       8
       9
       2
       8
       9
       9
       6
       6
       5
       5
       7
       7
       3
       8
       8
       3
       4
       3
       4
       9
       7
       7
       7
       3
       3
       5
       6
       7
       6
       2
       4
       6
       8
       6
       2
       3
       7
       7
       2
       6
       9
       4
       5
       4
       4
       9
       7
       3
       6
      12
       6
       3
       7
       3
       6
       5
       3
       8
       2
       3
       5
       3
       6
       6
      11
       8
       7
       5
       9
       4
       5
       6
       3
       6
       4
       9
       1
       5
       6
       4
       4
       4
       4
       4
       3
       6
       4
       7
       5
       2
       7
       5
       3
       9
       3
       9
       2
       4
       8
       2
       3
       5
       4
       9
       5
       4
       3
       7
       9
       7
       6
       8
       6
       2
       6
       7
       5
       6
       4
       6
       1
       4
       4
       8
       9
       5
       5
       7
       4
       5
       5
       4
       9
      11
       5
       3
       6
       6
       5
       3
       8
       2
       4
       2
       4
       7
       6
       8
       6
       8
       4
       7
       2
       6
       1
       4
      10
       6
       5
       1
       7
       4
       8
       6
       5
       5
       2
       6
       4
       6
       9
      11
       9
       5
       5
       4
       7
      14
       1
       6
       4
       7
       5
       6
       6
       8
       2
       2
       6
       4
       3
       8
       5
       4
       6
       3
       3
       8
       5
       7
       5
       5
       3
       6
       5
       5
       3
       5
       8
       2
       4
       3
       6
       5
       2
       5
       5
       4
       6
       7
       8
       7
       2
       3
       5
       1
       6
       7
       4
       1
      10
       6
       3
       5
       6
       4
       4
       8
       2
       5
       6
       4
       2
       5
       2
       6
       4
       2
       4
       3
       4
       5
       3
       3
       4
       4
       2
       7
       0
       6
       2
       5
       7
       6
       5
       3
       4
      10
       4
       3
       3
       2
       3
       1
       5
       3
       5
       1
       4
       2
       8
       4
       3
       4
       1
       2
       3
       4
       3
       3
       4
       5
       6
      11
       4
       8
       8
       3
       3
       7
       7
       2
       2
       6
       5
       2
       3
       1
       3
       5
       8
       5
       5
       0
       8
       3
       8
       3
       5
       9
       7
       7
       5
       6
       3
       6
       6
       6
       3
       2
       0
       3
       2
       4
       3
       1
       3
       2
       2
       4
       6
       7
       6
       4
       3
       6
       2
       3
       1
       3
       1
       4
       7
       1
       8
       3
       5
       1
       8
       3
       5
       0
       1
       7
       4
       4
       5
       4
       8
       0
       3
       4
       4
       1
       5
       2
       3
       3
       4
       4
       5
       4
       4
       2
       4
       5
       4
       5
       5
       4
       6
       1
       4
       3
       8
       4
       6
       3
       5
       3
       5
       5
       5
       0
       4
       6
       5
       1
       3
       2
       2
       6
       2
       3
       1
       6
       2
       5
       3
       8
       3
       7
       3
       3
       3
       5
       2
       4
       1
       3
       7
       1
       3
       5
       2
       2
       3
       2
       7
       4
       1
       4
       3
       4
       2
       2
       6
       2
       4
       6
       3
       2
       5
       5
       3
       2
       5
       2
       3
       7
       3
       1
       5
       2
       2
       4
       2
       4
       1
       3
       5
       5
       6
       4
       5
       6
       0
       4
       7
       3
       4
       2
       4
       3
       1
       3
       4
       6
       0
       4
       1
       1
       5
       1
       1
       2
       3
       4
       4
       3
       4
       4
       2
       4
       2
       4
       5
       3
       2
       2
       2
       0
       3
       4
       1
       0
       3
       3
       5
       5
       2
       5
       5
       1
       4
       5
       4
       4
       3
       4
       4
       2
       6
       4
       4
       5
       7
       2
       3
       6
       5
       5
       5
       6
       9
       5
      17
      16
      20
      48
      43
      92
     132
     196
     239
     275
     279
     265
     229
     167
     126
      78
      44
      19
       8
       9
       4
       4
       4
       6
       4
       4
       4
       4
       5
       4
       4
       5
       5
       2
       1
       2
       3
       6
       5
       7
       1
       8
       1
       3
       3
       5
       5
       6
       3
       2
       5
       3
       5
       4
       4
       1
       6
       2
       7
       4
       2
       2
       3
       5
       3
       4
       5
       8
       1
       1
       2
       2
       3
       5
       6
       3
       1
       2
       5
       8
       3
       4
       3
       3
       4
       2
       1
       3
       2
       3
       3
       4
       3
       5
       3
       5
       2
       2
       1
       3
       1
       6
       1
       4
       6
       0
       3
       1
       1
       5
       6
       2
       4
       3
       2
       2
       2
       4
       4
       3
       1
       4
       1
       1
       1
       4
       2
       3
       5
       4
       5
       6
       5
       3
       2
       5
       2
       3
       3
       2
       3
       3
       1
       5
       4
       3
       1
       5
       4
       4
       2
       2
       1
       5
       2
       2
       2
       1
       3
       3
       7
       5
       5
       1
       4
       2
       5
       0
       0
       4
       1
       5
       4
       4
       6
       2
       0
       2
       3
       3
       0
       5
       1
       0
       0
       1
       3
       0
       4
       5
       3
       6
       4
       4
       6
       2
       2
       7
       3
       1
       0
       4
       3
       2
       6
       2
       1
       1
       2
       2
       3
       0
       1
       0
       5
       2
       0
       4
       1
       3
       4
       5
       0
       3
       3
       0
       4
       6
       0
       1
       4
       5
       3
       1
       3
       3
       5
       3
       3
       1
       4
       1
       3
       0
       1
       5
       4
       0
       3
       4
       1
       2
       2
       0
       2
       6
       2
       1
       0
       1
       3
       1
       5
       2
       1
       3
       7
       1
       1
       1
       2
       3
       2
       4
       0
       0
       5
       1
       2
       0
       4
       0
       4
       0
       3
       3
       2
       4
       3
       3
       3
       5
       2
       2
       1
       2
       2
       0
       3
       2
       3
       2
       1
       1
       2
       3
       5
       2
       4
       2
       4
       5
       3
       0
       4
       2
       3
       5
       4
       7
       2
       3
       3
       5
       2
       1
       4
       2
       3
       0
       1
       3
       0
       5
       2
       4
       4
       2
       3
       1
       1
       1
       1
       3
       1
       4
       2
       4
       1
       2
       2
       1
       4
       3
       2
       5
       4
       1
       2
       4
       8
       3
       3
       0
       2
       2
       3
       2
       1
       3
       1
       0
       1
       1
       0
       4
       1
       2
       6
       0
       2
       1
       1
       6
       1
       2
       6
       0
       2
       0
       0
       2
       4
       2
       0
       4
       3
       3
       5
       2
       6
       2
       3
       3
       3
       2
       1
       2
       4
       4
       3
       3
       2
       2
       1
       3
       3
       5
       0
       1
       2
       1
       4
       4
       1
       3
       1
       0
       2
       3
       4
       4
       2
       2
       4
       5
       4
       2
       0
       3
       2
       3
       2
       0
       1
       0
       2
       2
       5
       2
       2
       3
       4
       3
       2
       3
       3
       1
       1
       3
       0
       1
       1
       1
       2
       3
       1
       1
       0
       3
       1
       0
       6
       3
       4
       2
       0
       1
       0
       0
       1
       2
       1
       1
       0
       1
       4
       3
       0
       0
       3
       0
       2
       0
       3
       2
       3
       0
       1
       4
       1
       3
       2
       5
       2
       2
       4
       1
       1
       2
       6
       0
       1
       1
       3
       2
       1
       1
       0
       2
       6
       4
       5
       4
       5
       7
       9
      11
      16
      18
      25
      30
      29
      41
      30
      31
      19
      17
      10
       9
       2
       5
       4
       1
       2
       1
       2
       0
       2
       2
       4
       3
       1
       3
       3
       1
       2
       1
       2
       2
       0
       2
       2
       2
       2
       1
       3
       1
       0
       1
       3
       3
       4
       4
       0
       3
       1
       1
       1
       2
       2
       2
       3
       1
       4
       2
       3
       2
       4
       2
       1
       1
       2
       5
       3
       0
       4
       2
       0
       2
       1
       4
       2
       1
       5
       4
       2
       4
       4
       0
       6
       2
       2
       0
       4
       0
       2
       2
       3
       2
       1
       1
       1
       0
       2
       2
       1
       0
       2
       1
       0
       2
       0
       2
       1
       2
       2
       3
       0
       3
       5
       1
       4
       1
       1
       1
       1
       5
       0
       1
       1
       1
       4
       2
       0
       3
       1
       2
       3
       2
       3
       3
       1
       4
       1
       0
       3
       1
       2
       1
       1
       1
       4
       2
       1
       0
       3
       3
       1
       1
       0
       0
       2
       2
       2
       2
       2
       0
       0
       2
       3
       4
       1
       2
       3
       0
       3
       0
       1
       2
       1
       3
       2
       3
       1
       1
       3
       1
       3
       0
       2
       0
       3
       3
       2
       3
       1
       2
       0
       4
       2
       1
       3
       2
       2
       1
       5
       0
       2
       4
       1
       2
       1
       1
       2
       1
       3
       2
       3
       1
       2
       2
       1
       3
       0
       2
       4
       1
       0
       4
       3
       3
       0
       0
       5
       3
       0
       2
       2
       0
       2
       1
       0
       2
       3
       3
       1
       3
       2
       3
       1
       0
       2
       0
       1
       3
       1
       1
       2
       2
       0
       0
       4
       1
       2
       1
       2
       2
       1
       2
       3
       0
       2
       0
       1
       3
       1
       3
       1
       2
       5
       0
       2
       0
       4
       2
       0
       1
       0
       2
       2
       0
       4
       2
       3
       2
       1
       3
       0
       1
       1
       0
       0
       1
       2
       1
       1
       2
       1
       2
       0
       1
       2
       1
       2
       0
       4
       1
       4
       1
       0
       1
       1
       0
       1
       1
       1
       1
       2
       3
       3
       1
       2
       1
       0
       0
       3
       0
       0
       1
       1
       1
       0
       4
       2
       3
       0
       2
       1
       0
       0
       1
       2
       3
       2
       1
       1
       2
       2
       0
       1
       0
       2
       2
       2
       1
       2
       2
       3
       1
       2
       1
       1
       2
       1
       3
       4
       2
       1
       0
       0
       1
       2
       1
       0
       0
       3
       2
       3
       1
       0
       2
       0
       1
       2
       1
       2
       2
       4
       1
       0
       0
       2
       1
       3
       4
       2
       1
       1
       0
       1
       2
       1
       0
       4
       2
       6
       2
       2
       1
       3
       2
       0
       3
       0
       1
       0
       0
       1
       0
       3
       0
       2
       1
       3
       1
       3
       1
       1
       0
       2
       0
       1
       4
       1
       1
       0
       0
       5
       2
       2
       2
       0
       2
       2
       1
       1
       3
       1
       4
       2
       2
       0
       2
       3
       1
       0
       0
       2
       1
       2
       1
       2
       2
       0
       1
       2
       1
       0
       0
       1
       2
       1
       0
       1
       1
       2
       2
       1
       2
       2
       2
       2
       1
       1
       1
       1
       0
       0
       0
       2
       2
       1
       1
       2
       0
       1
       3
       1
       1
       1
       2
       1
       1
       2
       4
       0
       1
       0
       0
       3
       1
       3
       1
       0
       0
       1
       2
       0
       2
       1
       2
       4
       1
       1
       1
       0
       2
       0
       4
       0
       0
       3
       0
       2
       0
       4
       0
       1
       2
       3
       1
       5
       0
       2
       0
       1
       0
       2
       2
       4
       0
       2
       2
       2
       0
       2
       1
       0
       2
       5
       1
       2
       1
       2
       1
       1
       2
       3
       1
       1
       1
       4
       2
       3
       0
       3
       2
       2
       1
       1
       0
       0
       2
       4
       1
       2
       2
       0
       2
       0
       0
       2
       1
       2
       0
       2
       0
       1
       1
       2
       0
       4
       0
       0
       2
       0
       1
       0
       1
       4
       1
       2
       2
       0
       0
       0
       2
       2
       2
       0
       0
       3
       1
       2
       1
       2
       2
       2
       1
       2
       1
       2
       0
       0
       1
       2
       1
       1
       1
       2
       0
       0
       1
       1
       1
       1
       1
       0
       1
       0
       0
       0
       3
       2
       0
       0
       0
       0
       1
       1
       1
       1
       2
       1
       1
       0
       1
       0
       0
       2
       1
       1
       0
       0
       4
       1
       0
       1
       0
       0
       1
       2
       2
       1
       4
       3
       0
       1
       0
       3
       1
       2
       2
       3
       2
       3
       3
       2
       1
       1
       1
       2
       1
       2
       0
       2
       1
       1
       1
       2
       1
       0
       0
       1
       0
       3
       2
       0
       3
       1
       2
       0
       0
       0
       2
       0
       1
       2
       1
       1
       0
       0
       0
       0
       0
       2
       5
       2
       2
       0
       1
       1
       1
       1
       0
       0
       1
       0
       0
       1
       1
       1
       2
       0
       0
       0
       1
       0
       2
       2
       3
       1
       1
       1
       1
       4
       0
       1
       0
       3
       2
       1
       4
       2
       4
       4
       1
       2
       0
       0
       1
       2
       2
       1
       0
       0
       3
       2
       0
       0
       3
       0
       1
       1
       0
       2
       1
       2
       1
       3
       2
       0
       1
       1
       0
       1
       0
       1
       1
       2
       1
       0
       2
       0
       1
       1
       4
       3
       1
       4
       3
       1
       1
       0
       1
       0
       1
       1
       2
       2
       1
       1
       3
       2
       2
       0
       0
       6
       1
       0
       1
       0
       0
       4
       0
       0
       2
       1
       1
       1
       2
       2
       1
       3
       0
       1
       1
       1
       0
       2
       2
       0
       1
       1
       1
       3
       0
       3
       1
       1
       1
       0
       1
       0
       0
       1
       2
       1
       0
       0
       1
       1
       2
       3
       1
       1
       1
       3
       1
       0
       1
       3
       1
       1
       1
       1
       2
       1
       0
       2
       2
       0
       1
       0
       2
       0
       0
       2
       2
       2
       1
       2
       0
       0
       1
       1
       1
       0
       1
       0
       0
       1
       2
       0
       0
       0
       0
       1
       3
       0
       1
       0
       1
       1
       1
       0
       3
       1
       0
       2
       0
       1
       0
       1
       0
       1
       3
       1
       1
       0
       0
       0
       0
       0
       1
       0
       1
       0
       3
       1
       1
       0
       1
       0
       0
       2
       2
       3
       3
       1
       1
       2
       1
       0
       0
       2
       2
       1
       1
       1
       1
       2
       0
       1
       0
       0
       1
       0
       1
       2
       2
       0
       0
       0
       1
       2
       0
       0
       1
       0
       1
       1
       0
       0
       1
       3
       0
       0
       0
       2
       1
       3
       0
       0
       2
       1
       1
       0
       0
       1
       1
       0
       1
       2
       0
       1
       0
       0
       0
       0
       0
       1
       0
       2
       4
       1
       0
       0
       3
       3
       1
       1
       4
       1
       1
       1
       0
       2
       0
       0
       2
       1
       0
       0
       0
       1
       0
       2
       1
       0
       0
       0
       3
       1
       0
       0
       0
       2
       0
       2
       1
       0
       2
       0
       1
       1
       1
       0
       1
       3
       2
       0
       1
       0
       1
       0
       1
       1
       1
       1
       0
       1
       0
       1
       0
       1
       3
       4
       4
       2
       1
       2
       1
       2
       1
       1
       2
       3
       0
       1
       0
       1
       0
       0
       0
       0
       1
       2
       1
       1
       1
       1
       1
       1
       2
       0
       2
       2
       0
       0
       2
       0
       1
       2
       1
       1
       1
       0
       1
       1
       0
       0
       3
       1
       0
       2
       2
       0
       0
       2
       1
       0
       0
       0
       2
       1
       2
       2
       2
       1
       0
       2
       1
       0
       0
       2
       0
       4
       0
       3
       1
       0
       0
       1
       0
       0
       0
       0
       1
       1
       1
       3
       1
       0
       1
       1
       1
       0
       4
       2
       0
       0
       3
       1
       1
       0
       0
       1
       0
       0
       1
       0
       0
       0
       2
       2
       0
       1
       1
       0
       1
       0
       0
       1
       0
       1
       2
       0
       0
       0
       0
       2
       1
       0
       0
       3
       2
       1
       1
       1
       1
       0
       1
       1
       2
       2
       4
       7
       9
      12
       7
      15
      11
       8
      11
       4
       3
       2
       0
       2
       0
       1
       0
       1
       1
       0
       1
       0
       2
       0
       1
       1
       0
       0
       0
       2
       1
       1
       0
       1
       0
       0
       0
       0
       0
       1
       1
       1
       0
       0
       0
       0
       1
       0
       3
       0
       1
       1
       0
       1
       0
       1
       1
       1
       0
       1
       1
       0
       1
       3
       3
       1
       3
       0
       0
       1
       0
       3
       0
       0
       0
       3
       1
       3
       0
       0
       0
       0
       3
       0
       2
       1
       1
       2
       1
       1
       1
       0
       0
       2
       0
       3
       2
       1
       1
       1
       1
       2
       1
       0
       0
       0
       0
       0
       0
       0
       0
       1
       0
       0
       0
       1
       1
       2
       1
       0
       0
       1
       2
       0
       0
       1
       2
       3
       1
       0
       0
       0
       2
       2
       0
       0
       3
       1
       1
       0
       1
       0
       1
       1
       0
       0
       0
       1
       3
       2
       0
       0
       1
       1
       0
       0
       1
       0
       1
       1
       2
       1
       2
       0
       1
       1
       1
       1
       1
       0
       0
       0
       1
       0
       0
       1
       0
       1
       2
       1
       1
       2
       1
       3
       0
       0
       1
       1
       0
       0
       0
       1
       0
       1
       1
       1
       0
       0
       2
       1
       0
       1
       1
       0
       1
       0
       2
       0
       0
       0
       0
       0
       1
       1
       2
       0
       1
       1
       0
       2
       1
       0
       1
       0
       1
       2
       0
       1
       1
       1
       0
       0
       0
       2
       1
       0
       1
       1
       1
       0
       0
       1
       1
       0
       3
       0
       0
       0
       1
       1
       2
       0
       0
       1
       3
       0
       0
       0
       3
       0
       1
       0
       0
       0
       0
       1
       1
       1
       0
       0
       0
       0
       1
       2
       1
       0
       0
       0
       1
       0
       1
       1
       1
       1
       1
       0
       0
       1
       0
       0
       0
       0
       1
       0
       1
       1
       2
       3
       0
       0
       1
       1
       2
       1
       2
       1
       1
       1
       1
       2
       3
       1
       0
       1
       1
       0
       1
       1
       2
       1
       1
       0
       1
       1
       0
       3
       2
       0
       1
       0
       3
       2
       0
       0
       0
       1
       1
       1
       1
       3
       1
       2
       2
       4
       1
       3
       0
       2
       1
       0
       1
       2
       1
       1
       1
       0
       1
       0
       0
       0
       2
       0
       1
       1
       0
       0
       2
       0
       1
       2
       0
       0
       0
       0
       0
       0
       0
       0
       0
       0
       1
       1
       2
       1
       0
       2
       0
       1
       0
       1
       0
       1
       1
       0
       0
       1
       0
       0
       0
       1
       0
       0
       0
       0
       3
       0
       1
       1
       1
       0
       0
       0
       1
       1
       0
       0
       4
       1
       5
       0
       0
       1
       1
       1
       1
       2
       0
       1
       4
       1
       1
       0
       0
       2
       0
       0
       0
       0
       0
       1
       2
       1
       2
       0
       0
       1
       0
       0
       0
       0
       1
       1
       1
       0
       1
       1
       0
       0
       0
       2
       1
       0
       1
       0
       1
       1
       0
       3
       0
       0
       0
       0
       0
       0
       0
       0
       1
       0
       1
       1
       0
       0
       1
       1
       2
       0
       1
       0
       2
       3
       2
       2
       1
       0
       1
       2
       2
       0
       3
       2
       1
       0
       1
       0
       0
       0
       0
       0
       0
       2
       0
       0
       1
       0
       0
       0
       1
       0
       0
       1
       0
       0
       1
       3
       2
       1
       1
       1
       1
       0
       0
       0
       1
       1
       2
       2
       1
       0
       1
       0
       0
       2
       1
       0
       1
       1
       1
       0
       0
       1
       0
       1
       0
       0
       0
       4
       0
       0
       0
       0
       1
       0
       3
       1
       0
       2
       2
       1
       1
       1
       0
       0
       1
       0
       0
       0
       1
       1
       0
       0
       1
       0
       2
       0
       0
       0
       1
       1
       0
       0
       0
       2
       1
       0
       1
       0
       0
       0
       0
       1
       0
       0
       1
       0
       0
       0
       1
       0
       1
       1
       0
       0
       0
       1
       0
       1
       2
       1
       1
       0
       1
       2
       0
       1
       0
       0
       0
       1
       0
       0
       0
       1
       0
       0
       1
       3
       0
       1
       2
       1
       0
       1
       0
       1
       1
       0
       0
       0
       0
       0
       1
       0
       0
       1
       0
       0
       0
       0
       2
       0
       0
       0
       1
       0
       2
       0
       0
       0
       0
       2
       1
       2
       3
       1
       0
       0
       2
       0
       0
       0
       1
       0
       0
       0
       0
       1
       1
       1
       0
       3
       0
       1
       0
       0
       1
       0
       5
       0
       2
       0
       1
       1
       0
       0
       0
       2
       1
       2
       0
       2
       0
       1
       0
       0
       1
       2
       1
       1
       0
       1
       0
       1
       0
       0
       1
       1
       1
       0
       1
       1
       2
       0
       0
       2
       0
       0
       1
       0
       0
       1
       0
       2
       0
       0
       0
       3
       2
       0
       0
       1
       0
       1
       1
       1
       0
       0
       0
       1
       0
       0
       0
       0
       2
       0
       1
       5
       0
       1
       1
       0
       0
       0
       2
       1
       1
       0
       0
       0
       0
       0
       0
       0
       0
       1
       1
       2
       1
       0
       0
       2
       2
       0
       0
       0
       1
       1
       1
       0
       1
       0
       0
       0
       2
       1
       1
       0
       0
       0
       1
       1
       0
       0
       0
       0
       0
       0
       1
       2
       0
       0
       0
       1
       0
       1
       0
       0
       0
       0
       0
       0
       0
       1
       1
       0
       0
       0
       0
       1
       1
       0
       2
       1
       0
       0
       1
       0
       0
       1
       0
       0
       1
       1
       0
       0
       0
       1
       1
       0
       0
       1
       1
       0
       2
       0
       0
       1
       0
       2
       0
       0
       0
       1
       3
       0
       0
       1
       0
       0
       0
       0
       0
       0
       0
       0
       0
       0
       0
       0
       0
       0
       0
       0
       0
       0
       0
       0
       0
       0
       0
       0
       0
       0
       0
       0
       0
       0
       0
       0
       0
       0
       0
       0
       0
       0
       0
       0
       0
       0
       0
       0
       0
       0
       0
       0
       0
       0
       0
       0
       0
       0
       0
       0
       0
       0
       0
       0
       0
       0
       0
       0
       0
       0
       0
       0
       0
       0
       0
       0
       0
       0
       0
       0
       0
       0
       0
       0
       0
       0
       0
       0
       0
       0
       0
       0
       0
       0
       0
       0
       0
       0
       0
       0
       0
       0
       0
       0
       0
       0
       0
       0
       0
       0
       0
       0
       0
       0
       0
       0
       0
       0
       0
       0
       0
       0
       0
       0
       0
       0
       0
       0
       0
       0
       0
       0
$ROI:
2
1936 2287
5338 5513
$PRESETS:
Integral
500000
0
$ENER_FIT:
0.000000 0.245432
$MCA_CAL:
3
0.000000E+000 2.454316E-001 0.000000E+000 keV
$SHAPE_CAL:
3
7.465718E+000 0.000000E+000 0.000000E+000
