$SPEC_ID:
No sample description was entered.
$SPEC_REM:
DET# 1
DETDESC# BUNCHER Easy-MCA-8k SN 9051292
AP# Maestro Version 6.08
$DATE_MEA:
07/26/2019 14:12:25
$MEAS_TIM:
328 416
$DATA:
0 8191
       0
       0
       0
       0
       0
       0
       0
       0
       0
       0
       0
       0
       0
       0
       0
       0
       0
       0
       2
       1
       8
      54
     449
    1452
    2861
    4439
    5338
   12316
    6111
     488
     255
     126
     212
     764
    1524
    1938
    1857
    1729
    1542
    1469
    1332
    1362
    1355
    1379
    1331
    1347
    1405
    1394
    1357
    1389
    1386
    1342
    1385
    1317
    1263
    1223
    1318
    1276
    1217
    1210
    1224
    1255
    1163
    1192
    1217
    1199
    1141
    1169
    1170
    1172
    1194
    1079
    1140
    1101
    1165
    1151
    1028
    1082
    1076
    1086
    1074
    1111
    1069
    1081
    1043
    1035
    1067
    1056
    1057
    1018
    1057
    1038
    1043
    1054
     988
    1019
     986
    1057
     999
    1022
     942
    1009
    1029
     905
     953
     986
     985
     923
     950
     986
     946
     938
     884
     920
     924
     920
     939
     968
     893
     864
     916
     993
     929
     954
     863
     852
     965
     889
     905
     926
     933
     913
     928
     878
     921
     934
     901
     871
     890
     937
     889
     895
     897
     849
     900
     861
     881
     870
     814
     882
     805
     879
     863
     894
     881
     819
     848
     909
     840
     842
     843
     889
     892
     904
     871
     866
     834
     845
     851
     867
     838
     819
     793
     871
     808
     864
     830
     819
     842
     812
     844
     821
     816
     835
     801
     824
     932
     805
     867
     842
     839
     808
     884
     842
     820
     833
     822
     874
     838
     898
     874
     795
     833
     865
     849
     840
     892
     824
     808
     818
     888
     883
     832
     834
     812
     886
     848
     833
     896
     900
     847
     838
     892
     830
     850
     887
     848
     861
     851
     852
     863
     857
     810
     838
     859
     846
     868
     854
     810
     821
     906
     823
     877
     867
     869
     877
     916
     928
     915
     845
     913
     863
     870
     853
     872
     857
     877
     873
     862
     906
     856
     914
     888
     847
     895
     904
     897
     849
     952
     873
     935
     875
     933
     961
     928
     925
     896
     998
     936
     871
     910
     963
     899
     906
     856
     971
     934
     933
     933
     959
    1024
     976
    1020
    1047
    1071
    1052
    1001
     940
     980
    1039
    1039
    1161
    1200
    1215
    1119
    1030
     927
     988
    1031
     937
    1007
    1002
    1010
     989
     963
     967
     943
     984
     938
     999
     954
    1030
    1000
    1054
    1001
     946
    1030
    1047
    1010
     965
    1042
    1025
     992
     962
    1063
    1049
    1016
    1064
    1038
    1096
    1098
    1144
    1132
    1211
    1134
    1094
    1065
    1009
    1031
    1070
    1038
    1103
    1115
    1078
    1122
    1148
    1058
    1018
    1012
    1066
    1068
    1109
    1097
    1057
    1092
    1059
    1013
    1093
    1113
    1063
    1041
    1000
    1058
    1037
    1012
    1073
    1106
    1065
    1047
    1136
    1156
    1054
    1107
    1034
    1091
    1051
    1091
    1098
    1111
    1070
    1096
    1068
    1143
    1108
    1002
    1086
    1053
    1180
    1113
    1102
    1125
    1054
    1129
    1074
    1161
    1117
    1126
    1217
    1099
    1142
    1201
    1176
    1158
    1082
    1157
    1148
    1150
    1139
    1184
    1122
    1133
    1099
    1127
    1184
    1186
    1153
    1176
    1176
    1175
    1166
    1215
    1173
    1114
    1174
    1227
    1145
    1177
    1234
    1179
    1238
    1225
    1118
    1148
    1180
    1168
    1205
    1174
    1149
    1203
    1183
    1228
    1184
    1219
    1208
    1222
    1211
    1154
    1173
    1197
    1187
    1207
    1194
    1195
    1155
    1148
    1196
    1244
    1208
    1206
    1268
    1270
    1273
    1229
    1172
    1220
    1169
    1213
    1179
    1194
    1142
    1203
    1164
    1156
    1210
    1246
    1191
    1219
    1192
    1169
    1168
    1222
    1170
    1187
    1122
    1229
    1236
    1166
    1177
    1192
    1227
    1192
    1168
    1189
    1227
    1168
    1185
    1175
    1199
    1170
    1192
    1204
    1119
    1168
    1188
    1185
    1124
    1206
    1200
    1223
    1171
    1183
    1220
    1187
    1224
    1089
    1141
    1206
    1182
    1152
    1211
    1127
    1238
    1222
    1171
    1149
    1183
    1205
    1141
    1171
    1157
    1146
    1196
    1185
    1161
    1155
    1132
    1193
    1134
    1187
    1150
    1142
    1139
    1196
    1172
    1187
    1110
    1115
    1199
    1133
    1138
    1078
    1197
    1153
    1130
    1138
    1144
    1171
    1125
    1174
    1124
    1167
    1156
    1139
    1165
    1115
    1157
    1126
    1093
    1158
    1199
    1105
    1091
    1135
    1141
    1191
    1083
    1160
    1099
    1151
    1138
    1137
    1128
    1192
    1166
    1133
    1102
    1175
    1175
    1119
    1087
    1213
    1115
    1122
    1102
    1152
    1135
    1119
    1105
    1114
    1127
    1088
    1160
    1069
    1116
    1106
    1125
    1110
    1119
    1086
    1152
    1132
    1087
    1161
    1208
    1131
    1091
    1123
    1115
    1085
    1061
    1080
    1052
    1108
    1113
    1145
    1117
    1159
    1050
    1129
    1115
    1117
    1103
    1085
    1127
    1113
    1080
    1088
    1104
    1143
    1129
    1046
    1127
    1103
    1090
    1145
    1096
    1100
    1095
    1127
    1093
    1157
    1088
    1114
    1170
    1154
    1175
    1107
    1161
    1127
    1086
    1120
    1082
    1099
    1095
    1191
    1136
    1116
    1079
    1141
    1083
    1120
    1099
    1105
    1111
    1121
    1152
    1130
    1221
    1186
    1154
    1129
    1138
    1164
    1163
    1229
    1211
    1179
    1149
    1144
    1193
    1191
    1231
    1242
    1158
    1244
    1212
    1235
    1165
    1197
    1275
    1196
    1184
    1160
    1129
    1156
    1129
    1150
    1160
    1214
    1152
    1179
    1085
    1153
    1146
    1068
    1131
    1151
    1091
    1135
    1059
    1154
    1084
    1125
    1072
    1155
    1096
    1106
    1144
    1053
    1155
    1092
    1130
    1101
    1045
    1086
    1105
    1082
    1077
    1028
    1094
    1030
    1097
    1125
    1105
    1006
    1043
     983
    1073
    1071
    1030
     997
    1039
     985
    1040
    1050
    1072
    1033
    1065
     994
     962
    1027
    1017
    1030
    1008
    1055
     966
     953
    1070
    1062
     992
     988
     964
    1023
    1004
    1001
    1040
     979
    1038
    1029
     996
     977
     998
    1028
     959
     957
     975
     980
    1001
     957
     973
     960
     971
     971
     980
     975
     932
    1036
     974
     939
     962
     914
     940
     929
     961
     978
     896
     951
     992
     938
     953
     956
     991
     934
     950
     929
     914
     879
     988
     931
     916
     902
     951
     913
     926
     940
     909
     957
     936
     923
     936
     924
     910
     932
     902
     924
     887
     885
     911
     941
     933
     884
     901
     906
     946
     927
     943
     924
     920
     901
     946
     993
     865
     848
     943
     900
     903
     908
     880
     920
     924
     854
     928
     887
     887
     917
     918
     908
     882
     865
     934
     912
     902
     864
     875
     892
     933
     910
     875
     938
     869
     907
     922
     806
     937
     936
     897
     889
     934
     879
     863
     828
     907
     930
     889
     858
     882
     856
     882
     918
     929
     870
     868
     854
     857
     906
     839
     888
     842
     891
     895
     885
     857
     832
     870
     906
     870
     923
     891
     881
     843
     873
     843
     888
     886
     828
     846
     900
     891
     904
     862
     868
     876
     902
     845
     832
     843
     890
     893
     868
     914
     873
     779
     898
     882
     825
     848
     852
     928
     834
     794
     835
     874
     913
     880
     900
     889
     844
     868
     876
     942
     924
     845
     875
     839
     872
     870
     875
     920
     910
     908
     881
     847
     874
     865
     859
     923
     829
     904
     902
     868
     852
     870
     871
     852
     932
     810
     851
     862
     877
     890
     916
     800
     868
     917
     882
     865
     862
     903
     913
     906
     839
     884
     860
     867
     930
     884
     865
     868
     842
     908
     846
     812
     855
     909
     901
     915
     862
     904
     882
     884
     851
     866
     956
     851
     889
     876
     903
     874
     862
     885
     865
     865
     874
     881
     894
     893
     899
     884
     894
     838
     893
     854
     876
     842
     887
     922
     869
     839
     899
     894
     877
     869
     841
     897
     915
     878
     898
     893
     906
     905
     895
     887
     895
     871
     875
     842
     890
     873
     887
     894
     862
     887
     916
     847
     928
     882
     902
     942
     823
     903
     889
     894
     886
     839
     879
     850
     870
     896
     860
     869
     919
     864
     872
     895
     872
     884
     878
     909
     882
     937
     873
     916
     865
     910
     889
     873
     850
     943
     878
     900
     952
     920
     901
     889
     914
     922
     822
     863
     876
     897
     894
     889
     905
     941
     893
     871
     912
     909
     890
     921
     926
     930
     884
     932
     859
     903
     886
     868
     976
     920
     932
     828
     923
     887
     900
     885
     917
     893
     937
     927
     909
     885
     939
     910
     924
     928
     968
     878
     944
     982
     904
     888
     955
     966
     928
     924
     896
     889
     935
     945
     957
     918
     933
     917
     958
     945
     940
     916
     919
     921
     985
     911
     886
     917
     880
     879
     915
     954
     924
     987
     924
     970
     925
     925
     998
     937
     927
     939
     929
     944
     914
     931
     969
     975
     909
     960
     923
     957
     851
     991
     950
     916
     947
     949
     908
     961
     959
     931
     998
     972
     937
     930
     950
    1012
     933
     976
     936
     977
     957
    1006
     940
     974
     939
     959
     960
     977
     980
     984
     978
     999
     993
     957
    1002
     997
     954
     947
     975
     971
     966
     940
     978
     904
     944
    1046
    1017
     954
    1044
     974
    1011
     984
    1021
     974
     972
     994
    1022
     968
    1013
     979
    1024
    1031
    1011
    1043
     963
     975
     968
     956
    1032
    1032
    1045
    1012
    1044
    1010
     995
    1013
     974
    1011
     975
    1027
    1032
    1005
    1078
    1024
    1012
    1073
    1044
     988
    1024
    1005
    1017
    1020
    1039
    1030
     992
    1057
    1013
     976
    1007
     979
    1029
     997
    1002
    1042
    1062
    1040
    1051
    1021
    1052
     996
    1025
    1020
    1081
     950
    1075
    1006
    1041
    1070
    1075
    1067
    1037
    1047
    1000
    1137
    1024
    1065
    1057
    1018
    1102
    1066
    1037
    1065
    1031
    1064
    1096
     985
    1039
    1043
    1060
    1066
    1010
    1043
    1048
    1007
    1022
    1069
    1023
    1100
     997
    1014
    1025
    1048
    1006
     975
     963
    1050
    1006
    1017
     992
     955
     961
     936
     987
     941
     951
     928
     961
     901
     869
     907
     913
     860
     856
     827
     810
     912
     854
     789
     816
     800
     793
     803
     833
     779
     776
     820
     775
     744
     824
     759
     785
     733
     759
     792
     712
     747
     703
     698
     754
     709
     724
     716
     725
     678
     684
     718
     696
     687
     673
     682
     707
     681
     728
     702
     726
     768
     701
     702
     730
     677
     683
     646
     694
     703
     620
     672
     686
     667
     686
     666
     723
     674
     649
     673
     652
     648
     663
     623
     626
     631
     591
     606
     662
     658
     596
     639
     609
     640
     611
     623
     602
     621
     594
     593
     618
     585
     627
     562
     620
     608
     584
     569
     637
     657
     649
     551
     601
     598
     594
     570
     578
     566
     558
     582
     562
     605
     602
     613
     585
     584
     546
     582
     543
     602
     536
     563
     586
     564
     563
     562
     578
     539
     548
     622
     587
     565
     559
     612
     540
     577
     579
     541
     537
     572
     552
     580
     577
     599
     572
     572
     539
     514
     516
     547
     547
     537
     551
     574
     546
     556
     489
     543
     542
     519
     508
     529
     517
     492
     555
     548
     518
     529
     534
     533
     521
     500
     526
     515
     521
     506
     486
     523
     470
     483
     477
     509
     503
     495
     491
     499
     474
     470
     502
     481
     504
     483
     525
     463
     486
     465
     487
     529
     509
     506
     469
     524
     489
     486
     489
     489
     453
     500
     501
     492
     471
     474
     508
     531
     483
     501
     458
     462
     460
     513
     467
     439
     450
     447
     480
     461
     447
     469
     451
     447
     456
     478
     447
     481
     492
     465
     479
     457
     448
     472
     429
     475
     448
     473
     462
     446
     417
     432
     455
     451
     457
     429
     430
     420
     460
     479
     419
     498
     452
     453
     410
     446
     423
     461
     420
     415
     407
     411
     424
     452
     412
     423
     437
     397
     422
     444
     446
     456
     426
     447
     420
     431
     428
     439
     427
     436
     406
     443
     451
     410
     443
     417
     451
     422
     436
     410
     461
     430
     406
     411
     451
     407
     420
     415
     396
     390
     398
     435
     398
     433
     433
     398
     418
     409
     408
     441
     429
     407
     403
     422
     449
     409
     438
     430
     408
     425
     388
     422
     397
     428
     414
     432
     390
     410
     376
     442
     393
     379
     424
     408
     402
     439
     406
     404
     415
     411
     392
     442
     439
     401
     403
     399
     423
     351
     373
     410
     410
     394
     386
     412
     409
     437
     439
     394
     403
     408
     424
     390
     425
     375
     377
     412
     390
     405
     439
     379
     410
     396
     356
     380
     400
     371
     375
     411
     363
     412
     414
     382
     389
     381
     401
     381
     386
     406
     406
     396
     388
     375
     445
     385
     414
     413
     401
     396
     377
     401
     374
     381
     362
     383
     397
     400
     394
     388
     397
     378
     405
     390
     390
     407
     387
     377
     420
     386
     375
     404
     433
     388
     363
     397
     383
     368
     358
     359
     409
     436
     433
     387
     408
     388
     402
     450
     383
     398
     404
     411
     378
     364
     377
     414
     377
     409
     396
     388
     398
     400
     356
     332
     386
     376
     367
     372
     375
     426
     397
     399
     375
     347
     359
     403
     399
     359
     420
     363
     397
     384
     329
     389
     347
     383
     400
     400
     383
     404
     373
     385
     351
     360
     374
     386
     375
     377
     376
     409
     377
     383
     405
     365
     422
     379
     375
     362
     365
     393
     387
     377
     372
     379
     349
     370
     421
     361
     393
     375
     383
     372
     354
     371
     416
     356
     340
     374
     413
     355
     391
     363
     355
     374
     368
     362
     359
     387
     371
     367
     385
     361
     380
     373
     368
     355
     342
     374
     400
     381
     392
     370
     348
     355
     365
     366
     363
     374
     418
     402
     349
     362
     383
     384
     395
     383
     378
     398
     346
     371
     364
     399
     387
     352
     357
     376
     368
     418
     352
     368
     358
     358
     379
     378
     362
     393
     389
     387
     352
     386
     409
     373
     363
     327
     349
     372
     359
     357
     364
     350
     356
     365
     358
     358
     346
     374
     373
     387
     383
     359
     340
     372
     356
     379
     378
     389
     361
     363
     355
     412
     373
     373
     336
     400
     337
     359
     334
     375
     389
     392
     384
     412
     406
     373
     339
     383
     374
     398
     360
     361
     409
     366
     411
     378
     363
     368
     349
     387
     354
     374
     363
     393
     362
     356
     395
     370
     338
     346
     386
     355
     362
     361
     383
     366
     375
     395
     364
     387
     416
     368
     359
     372
     382
     401
     399
     369
     361
     394
     446
     411
     448
     418
     431
     499
     552
     547
     584
     655
     869
     964
    1110
    1511
    2001
    2808
    3774
    5123
    7174
    9482
   12406
   16113
   19899
   23665
   26631
   29738
   31378
   32505
   31348
   29950
   27003
   23537
   19874
   15992
   12700
    9495
    7040
    4980
    3449
    2408
    1799
    1323
    1010
     747
     600
     522
     466
     376
     410
     358
     332
     289
     310
     302
     249
     286
     279
     260
     222
     234
     249
     206
     203
     221
     219
     218
     220
     215
     208
     218
     204
     156
     181
     202
     221
     180
     192
     183
     173
     149
     204
     179
     176
     173
     174
     158
     186
     179
     164
     170
     184
     157
     148
     176
     175
     154
     146
     146
     157
     150
     158
     157
     163
     141
     159
     156
     164
     141
     143
     137
     147
     147
     130
     117
     144
     155
     134
     126
     129
     130
     122
     144
     143
     113
     119
     124
     149
     135
     132
     127
     114
     135
     126
     128
     128
     142
     114
     121
     139
     133
     114
     132
     111
     129
     133
     134
     118
     115
     122
     124
     103
     117
     133
     132
     134
     120
     104
     123
     115
      99
     112
     126
     106
     118
     127
     105
     122
     107
     109
     109
     116
     104
     118
     111
     104
     110
     113
     108
     104
      93
     125
     101
     110
      93
      96
     123
     111
      99
     116
      98
     104
      90
      91
     142
     109
     129
     122
     104
     114
      84
     104
      99
      91
     109
      91
     101
     103
     101
      79
     107
     111
     110
      96
     119
     114
     110
      92
     109
     103
      87
      92
     104
      80
     116
      96
      89
     102
      92
      85
      89
     102
     101
      94
     104
      79
     103
      93
      99
     102
      99
      97
      81
      97
      86
      99
     103
      92
     105
     105
      83
      96
      83
      89
      81
      97
      90
      98
     104
      84
      87
      88
      92
      96
     103
      89
      78
      94
      93
      90
      83
      90
      92
      89
      85
     102
      83
     103
      94
      96
      85
      74
      91
      78
      90
      73
      92
      90
      88
      79
      91
      68
     106
      85
      87
      88
      87
      89
      88
      81
      81
      92
      97
      83
      84
      92
      88
      97
      81
      86
      76
      75
      88
      90
      87
      96
      79
      97
      95
      81
      79
      91
      78
      96
      89
      83
      87
     101
      92
      77
      90
      71
      84
      89
      83
      96
      77
      73
      79
      74
      74
      93
      85
      89
      81
      74
      71
      82
      70
      82
      75
      88
      74
      89
      74
      88
      79
      83
      82
      75
      69
      71
      75
      67
      83
      78
      74
      59
      72
      83
      88
      92
      87
      60
      89
      78
      72
      70
      79
      85
      74
      78
      72
      64
      80
      82
      83
      75
      72
      74
      74
      80
      90
      75
      67
      74
      63
      86
      81
      70
      84
      72
      66
      80
      81
      67
      72
      82
      82
      79
      92
      66
      89
      85
      61
      76
      71
      70
      72
      90
      74
      75
      81
      67
     106
      81
      97
     103
     129
     116
     102
      89
     107
      82
      73
      79
      69
      80
      89
      67
      91
      80
      75
      79
      69
      76
      65
      79
      73
      72
      78
      77
      82
      71
      88
      80
      83
      69
      82
      74
      80
      72
      85
      65
      76
      73
      63
      71
      74
      71
      96
      64
      72
      69
      86
      63
      75
      61
      77
      70
      57
      67
      84
      63
      64
      66
      54
      67
      64
      67
      60
      61
      75
      53
      68
      72
      74
      81
      75
      76
      72
      72
      78
      76
      81
      75
      59
      66
      69
      51
      58
      69
      64
      77
      65
      54
      79
      53
      65
      61
      66
      65
      68
      66
      86
      61
      73
      86
      83
      72
      62
      65
      86
      51
      72
      68
      86
      68
      68
      78
      64
      60
      67
      60
      65
      70
      64
      67
      57
      65
      78
      52
      60
      65
      55
      70
      67
      62
      62
      56
      70
      53
      61
      70
      56
      64
      57
      55
      70
      75
      76
      74
      74
      55
      67
      54
      48
      60
      61
      46
      90
      49
      61
      63
      88
      54
      62
      66
      68
      73
      59
      53
      76
      62
      57
      60
      66
      66
      64
      76
      60
      60
      53
      52
      63
      62
      71
      40
      70
      60
      75
      50
      40
      45
      68
      71
      55
      57
      60
      70
      57
      55
      52
      72
      57
      48
      64
      59
      64
      61
      61
      61
      75
      64
      80
      48
      57
      72
      59
      63
      55
      42
      49
      52
      49
      44
      64
      57
      61
      59
      66
      54
      71
      60
      57
      68
      68
      56
      70
      74
      61
      66
      50
      57
      52
      56
      61
      55
      51
      60
      59
      57
      62
      63
      64
      46
      57
      62
      52
      57
      57
      65
      47
      47
      44
      51
      44
      46
      66
      45
      63
      59
      54
      63
      57
      48
      66
      62
      56
      58
      60
      59
      62
      53
      61
      68
      64
      54
      56
      43
      61
      37
      65
      54
      60
      49
      54
      53
      65
      58
      56
      55
      60
      62
      51
      48
      60
      37
      47
      62
      59
      45
      49
      56
      64
      55
      61
      43
      56
      58
      51
      44
      50
      52
      46
      60
      46
      58
      49
      61
      45
      57
      52
      58
      54
      54
      46
      55
      40
      51
      45
      51
      46
      63
      50
      49
      53
      50
      43
      57
      49
      53
      47
      63
      56
      46
      52
      34
      58
      53
      49
      51
      45
      45
      51
      46
      58
      54
      41
      46
      45
      47
      45
      49
      51
      37
      61
      46
      44
      47
      50
      45
      49
      44
      40
      53
      60
      41
      42
      58
      41
      44
      48
      40
      46
      55
      51
      36
      59
      51
      42
      34
      47
      55
      50
      36
      55
      46
      51
      43
      55
      52
      49
      42
      39
      57
      53
      50
      39
      47
      45
      48
      59
      49
      43
      54
      46
      41
      46
      55
      50
      51
      42
      45
      46
      46
      38
      58
      48
      45
      39
      45
      50
      47
      41
      43
      51
      38
      40
      54
      38
      39
      44
      56
      50
      52
      43
      36
      55
      35
      41
      36
      45
      46
      42
      39
      31
      43
      45
      44
      40
      48
      42
      36
      48
      29
      49
      45
      44
      36
      44
      50
      45
      46
      51
      45
      42
      51
      56
      61
      44
      44
      40
      62
      39
      43
      32
      48
      50
      40
      53
      37
      35
      48
      37
      53
      45
      37
      41
      37
      42
      40
      54
      48
      39
      42
      33
      52
      44
      33
      41
      31
      41
      41
      43
      39
      41
      46
      42
      39
      33
      40
      42
      43
      34
      41
      53
      48
      41
      39
      36
      43
      39
      42
      30
      45
      45
      47
      51
      41
      35
      46
      52
      44
      48
      49
      36
      35
      40
      47
      51
      32
      42
      35
      46
      38
      55
      41
      46
      30
      38
      35
      33
      47
      50
      44
      47
      39
      29
      39
      38
      35
      39
      40
      42
      42
      27
      29
      38
      37
      37
      38
      50
      43
      40
      34
      33
      61
      46
      45
      24
      37
      34
      36
      39
      40
      44
      25
      31
      42
      38
      29
      28
      40
      36
      56
      27
      41
      52
      44
      33
      29
      32
      51
      32
      41
      52
      44
      32
      45
      48
      38
      44
      38
      40
      38
      29
      31
      42
      31
      39
      43
      36
      37
      36
      36
      50
      47
      36
      31
      50
      42
      43
      36
      35
      41
      40
      42
      30
      35
      40
      38
      38
      34
      46
      50
      39
      35
      32
      34
      38
      25
      40
      36
      42
      37
      32
      36
      40
      31
      26
      38
      36
      38
      40
      39
      33
      31
      29
      33
      33
      31
      40
      34
      39
      28
      36
      23
      36
      35
      38
      37
      36
      36
      36
      41
      42
      33
      24
      38
      29
      32
      29
      28
      27
      34
      38
      30
      42
      42
      39
      33
      41
      28
      30
      33
      28
      34
      47
      53
      49
      39
      35
      35
      33
      27
      35
      29
      33
      42
      25
      39
      33
      43
      38
      40
      30
      40
      33
      27
      27
      28
      34
      35
      20
      34
      36
      39
      26
      40
      34
      40
      35
      32
      25
      36
      33
      25
      36
      37
      39
      25
      46
      36
      40
      35
      32
      33
      47
      35
      36
      24
      38
      36
      39
      31
      34
      40
      24
      37
      32
      39
      30
      40
      36
      48
      38
      36
      23
      23
      24
      34
      38
      31
      28
      37
      28
      29
      32
      38
      36
      46
      25
      32
      26
      32
      36
      34
      30
      34
      34
      26
      37
      32
      40
      41
      32
      38
      22
      31
      33
      29
      29
      26
      35
      27
      36
      21
      41
      27
      32
      31
      29
      30
      35
      33
      35
      32
      32
      29
      28
      33
      38
      34
      35
      32
      41
      27
      34
      37
      30
      29
      36
      25
      31
      14
      29
      26
      31
      34
      30
      34
      38
      36
      39
      38
      30
      45
      25
      38
      38
      20
      21
      30
      44
      41
      35
      37
      26
      26
      33
      32
      39
      31
      26
      31
      19
      28
      39
      22
      25
      34
      28
      39
      33
      32
      30
      32
      31
      32
      30
      30
      27
      34
      30
      35
      22
      39
      22
      31
      30
      30
      31
      35
      25
      41
      32
      41
      31
      33
      28
      29
      35
      28
      36
      22
      28
      29
      27
      24
      24
      26
      29
      28
      35
      27
      37
      33
      27
      30
      24
      28
      27
      31
      28
      34
      35
      29
      26
      15
      44
      29
      26
      26
      24
      40
      38
      29
      26
      28
      19
      24
      23
      30
      25
      31
      28
      28
      30
      27
      25
      30
      32
      35
      26
      24
      25
      23
      23
      33
      27
      22
      26
      22
      33
      22
      32
      32
      27
      31
      12
      21
      19
      31
      26
      25
      22
      29
      22
      25
      27
      37
      20
      29
      30
      19
      30
      32
      24
      30
      19
      19
      23
      19
      35
      20
      23
      20
      28
      33
      22
      36
      20
      31
      27
      22
      27
      20
      38
      20
      38
      24
      26
      42
      28
      28
      24
      27
      20
      25
      27
      22
      35
      17
      21
      27
      19
      26
      24
      24
      24
      29
      25
      32
      31
      20
      21
      21
      31
      29
      24
      30
      26
      24
      18
      37
      23
      31
      28
      30
      23
      24
      25
      28
      25
      21
      24
      32
      24
      27
      26
       7
      30
      17
      24
      20
      25
      29
      35
      27
      24
      22
      17
      35
      26
      35
      22
      21
      21
      24
      22
      28
      24
      23
      28
      25
      22
      21
      25
      21
      22
      27
      22
      28
      23
      25
      25
      28
      25
      18
      24
      17
      19
      20
      19
      22
      25
      27
      26
      19
      20
      17
      30
      20
      32
      28
      20
      23
      20
      24
      27
      30
      24
      20
      25
      25
      20
      24
      29
      18
      29
      19
      23
      19
      21
      16
      33
      23
      23
      23
      27
      24
      18
      24
      30
      34
      22
      35
      22
      22
      17
      31
      19
      23
      27
      27
      18
      23
      25
      17
      26
      26
      22
      27
      27
      27
      22
      19
      26
      23
      31
      12
      30
      20
      29
      23
      23
      20
      20
      23
       9
      18
      21
      23
      16
      21
      23
      19
      29
      20
      23
      23
      28
      28
      27
      27
      23
      18
      36
      33
      26
      26
      21
      16
      21
      36
      25
      24
      26
      31
      29
      29
      29
      28
      27
      27
      28
      27
      10
      19
      22
      29
      19
      18
      22
      20
      21
      32
      33
      26
      27
      18
      15
      19
      17
      14
      28
      31
      13
      21
      25
      32
      23
      22
      20
      27
      24
      26
      24
      19
      19
      23
      26
      21
      23
      22
      15
      22
      29
      20
      17
      18
      25
      20
      32
      26
      19
      23
      18
      22
      20
      31
      16
      23
      19
      19
      25
      17
      28
      24
      20
      28
      22
      23
      31
      15
      28
      27
      18
      15
      24
      15
      22
      20
      30
      19
      21
      23
      25
      18
      20
      17
      22
      40
      31
      17
      22
      16
      31
      18
      20
      22
      20
      20
      28
      15
      14
      18
      31
      22
      20
      18
      13
      22
      17
      28
      19
      33
      26
      24
      20
      17
      25
      16
      24
      22
      23
      24
      24
      23
      19
      27
      24
      23
      20
      28
      22
      15
      14
      16
      30
      21
      19
      18
      17
      25
      15
      21
      27
      19
      18
      16
      20
      30
      23
      23
      21
      30
      25
      20
      14
      25
      21
      16
      29
      21
      42
      20
      15
      20
      26
      23
      21
      26
      25
      19
      25
      24
      30
      19
      17
      28
      24
      28
      24
      27
      28
      14
      26
      23
      20
      30
      29
      21
      17
      13
      20
      24
      25
      22
      26
      37
      21
      28
      23
      24
      28
      19
      22
      18
      14
      24
      14
      20
      21
      32
      19
      24
      27
      19
      17
      20
      21
      20
      19
      17
      24
      16
      16
      21
      20
      24
      23
      23
      16
      23
      22
      35
      25
      28
      18
      17
      16
      25
      15
      11
      21
      33
      23
      15
      20
      16
      16
      17
      25
      18
      22
      12
      16
      20
      25
       9
      20
      22
      26
      24
      13
      20
      22
      16
      16
      13
      21
      19
      21
      16
      18
      18
      15
      24
      18
      26
      24
      29
      15
      12
      24
      22
      23
      20
      14
      20
      22
      27
      17
      17
      15
      29
      20
      21
      20
      19
      17
      13
      21
      10
      22
      21
      24
      26
      18
      30
      19
      20
      20
      18
      24
      30
      18
      26
      17
      15
      17
      28
      20
      22
      22
      26
      24
      19
      19
      21
      15
      25
      21
      17
      26
      17
      19
      18
      29
      23
      20
      24
      25
      21
      25
      15
      24
      24
      20
      20
      26
      22
      15
      24
      23
      25
      25
      21
      19
      14
      16
      12
      10
      20
      19
      19
      23
      27
      28
      22
      21
      18
      21
      18
      23
      20
      18
      23
      26
      23
      16
      23
      15
      19
      21
      21
      27
      24
      20
      25
      26
      20
      18
      23
      22
      21
      21
      17
      28
      22
      22
      22
      21
      20
      17
      16
      22
      17
      24
      24
      24
      27
      18
      22
      28
      28
      30
      21
      27
      30
      29
      24
      24
      28
      24
      27
      25
      27
      21
      29
      28
      27
      37
      42
      43
      29
      26
      35
      34
      35
      32
      40
      31
      37
      36
      32
      33
      42
      35
      25
      19
      36
      32
      28
      11
      26
      21
      18
      19
      19
      11
      16
      22
      13
      12
      12
       9
      13
       9
      14
       4
      11
      10
       8
       6
       9
      12
       9
       8
       8
      10
      12
      12
      18
      18
      11
      14
       7
      13
      16
      20
      18
      12
       8
      15
      16
      13
      13
      15
      10
      12
       6
      11
      13
      13
       9
       8
       8
      17
      11
      11
      10
      14
      10
       8
      12
       9
       7
       8
      11
      10
       9
      13
      16
      14
      10
       8
       8
      16
       9
      14
      11
      14
      13
      12
       9
       9
       9
      18
      11
      12
       9
       9
      10
      10
       8
      16
      11
      10
      14
      17
      13
      12
      14
      10
       9
       7
      14
       9
      13
       7
      11
      14
      14
       8
      12
      12
      10
       8
      13
      12
      12
      12
      15
      10
      19
      10
      18
      10
       6
      17
      18
       9
      12
      17
       9
      12
      14
       9
       6
      13
      12
      15
      14
      12
      17
       8
      11
       8
       8
       7
      11
      14
      10
       6
       9
       9
      10
      14
       8
       4
       8
       7
      15
       6
      16
       8
       9
       4
       7
       3
      11
      15
      11
       6
       7
       7
       8
       7
      14
      15
       4
       6
       7
       8
       9
      15
      12
      14
       7
       9
       9
      16
       9
      10
       3
      11
       7
       9
      11
      15
      11
       6
       6
      11
      12
       7
      10
      11
       6
       8
      14
      12
      12
       6
       9
      11
      18
      16
       4
      11
       7
      11
       9
      11
       8
      16
      12
      14
      14
      15
      13
      11
       8
       6
       8
       8
       8
      15
      10
       7
      11
       7
      10
       5
      12
      12
       4
      14
       8
       5
       9
      11
      10
       7
      15
       6
      14
       5
      10
      11
      10
       8
       8
      11
      14
       8
      12
      12
       7
       5
      11
      14
       6
      10
       7
      11
       8
      11
      16
      12
       6
       4
       6
       9
      11
      14
      12
      11
       9
       6
      12
      12
       5
      13
       7
       8
      12
       9
       8
       9
       8
      14
       9
       9
      14
      12
       9
      13
       9
       9
      13
       9
       7
      12
      10
      11
       9
      11
      10
      10
      14
      12
       6
      10
       9
      13
      10
      12
      14
      13
      12
      11
      10
      10
       9
      10
      12
      15
       5
      11
       8
      11
       6
      10
      12
      12
      13
       7
      11
      12
       9
      13
      18
       8
      11
       6
       6
       9
       5
      14
      17
      11
       6
       9
      18
       3
      14
      14
      11
      13
       9
      10
       4
      12
       9
      11
      12
       6
       7
       6
       8
      16
      11
       8
      11
      15
       9
      12
      14
       9
       6
       9
       5
      11
       7
       9
      17
      19
      12
      22
      18
      16
      16
      10
      11
      11
       8
       8
       9
       8
      10
       7
      12
       2
       8
      10
       9
      12
       5
       8
       9
      11
       3
       9
       6
      11
      13
       8
       9
       5
       6
      11
       7
       4
       5
      12
       9
       9
       9
       7
       4
      11
       9
       6
       8
       9
       4
      13
       8
       7
       9
       7
       6
       8
       6
      10
       9
       8
      10
       9
       9
       5
       3
       4
       6
       5
       6
       9
       8
       7
       6
       4
       7
      13
       4
       6
      10
       6
       6
       4
       9
       7
      13
       4
       8
       5
       8
       9
       9
       7
       9
       5
       9
       3
       4
       5
       5
      10
       9
      10
      10
       7
       8
       6
      12
       4
       7
       2
      10
       6
      16
       7
      10
       8
       7
       6
       7
       4
      11
      10
       4
       5
       7
       3
       8
       8
       7
      10
       8
      11
      11
       2
       9
       5
       6
       6
       7
       5
       6
       4
       5
       7
      12
       8
       3
      10
      10
       4
       3
      13
      14
       6
       1
       7
       5
       8
      10
      13
       6
      12
       4
       9
       3
       3
       8
       9
       8
       8
       5
      10
       9
      12
       8
       5
       5
       5
       2
       2
      11
      12
       8
       4
      12
       5
       7
       8
       4
       1
       6
       8
       9
       6
      12
       4
       7
       8
       8
       5
       6
      16
      10
      10
      10
       9
      11
      13
      19
      15
      38
      42
      79
     123
     157
     209
     262
     330
     294
     270
     206
     170
     105
      83
      31
      14
      13
      11
       8
       4
       9
       5
      10
       7
      12
       7
       6
       7
       8
       8
      14
      11
       4
      19
       4
       6
       6
       8
       6
       6
       9
       7
      14
       1
       7
       9
       6
       4
       7
       7
       4
       5
      10
       5
       9
       3
      12
       9
       5
       8
       7
       8
       4
      11
       9
       4
       7
       4
       9
       5
       5
       4
       3
       6
       9
       8
       8
       7
       6
       6
       4
       6
       9
       4
       8
       9
       4
       3
       2
       3
       2
       5
       7
       9
       7
       6
       4
       6
       8
      11
      10
       4
      10
       5
       5
       6
       9
       3
       6
       8
       4
       5
       5
       7
       2
       3
       4
      10
       7
       7
       4
       9
       5
       7
       5
       6
       8
       5
       2
       8
       7
      10
       6
       2
       7
       4
       4
       6
       2
       6
       5
       7
       6
       7
       9
       3
       4
       6
       8
       7
       6
       5
       7
       6
       5
       6
       5
       8
       7
       5
       8
       5
       6
       8
       4
       6
       6
       2
       6
       6
       4
       4
       5
       7
       7
       6
       7
       8
       6
       9
       9
      11
       1
       6
       4
       6
       4
       3
       7
       3
       5
      11
       2
       8
       7
       8
       6
       5
       2
       4
       5
       7
       8
       4
       6
       4
       3
       5
       5
       6
       3
       7
       1
      10
       4
       4
       2
       3
       3
       2
       3
       5
       9
       3
       5
       7
       2
       5
       3
       6
       2
       5
       7
       4
       8
       5
       6
       1
       5
       3
       3
       8
       2
       4
       8
       4
       5
       8
       3
       3
       3
       3
       4
       2
       7
       9
       2
       5
       2
       4
       6
       6
       3
       3
       2
       3
       6
       4
      11
      10
       6
       6
       8
       6
       7
       3
       9
       4
       9
       5
       4
       3
       3
       7
       6
       2
       5
       4
       3
       1
       6
       3
       3
       2
       2
       3
       6
       8
       5
       5
       3
       4
       6
       3
       6
       3
       6
       5
       1
       8
       2
       3
       3
       3
       6
       5
       5
       2
       1
       9
       3
       5
       4
       2
       4
       4
       5
       5
       1
       4
       3
       4
       3
       4
       7
       8
       5
       2
       8
       4
       1
       5
       5
       6
       3
       4
       6
       1
       3
       7
       4
       5
       1
       3
       5
       2
       4
       1
       6
       4
       5
       5
       1
       6
       3
       1
       4
       3
       3
       7
       3
       4
       3
       4
       3
       0
       6
       1
       2
       2
       3
       3
       2
       7
       5
       5
       5
       1
       1
       5
       4
       0
       5
       4
       5
       1
       3
       4
       4
       4
       5
       3
       4
       3
       2
       1
       6
       7
       3
       4
       7
       5
       3
       2
       6
       3
       0
       5
       9
       8
      13
       5
      11
       6
       7
       6
       2
       6
       5
       0
       3
       3
       0
       4
       1
       3
       3
       4
       6
       6
       4
       1
       5
       4
       2
       1
       4
       3
      10
       5
       5
       4
       1
       1
       5
       6
       4
       4
       4
       4
       4
       6
       4
       1
       2
       3
       6
       8
       6
       3
       3
       1
       4
       0
       3
       6
       2
       3
       8
       6
       3
       1
       5
       5
       6
       4
       2
       3
       3
       3
       4
       4
       5
       5
       3
       2
       3
       4
       2
       5
       5
       4
       2
       4
       4
       5
       6
       4
       2
       3
       5
       3
       5
       1
       5
       1
       5
       3
       3
       3
       2
       7
       8
       3
       3
       5
       6
       5
       2
       1
       4
       2
       3
       3
       2
       4
       5
       2
       3
       6
       3
       3
       3
       2
       5
       5
       4
       2
       5
       5
       1
       4
       1
       4
       4
       3
       7
       2
       2
       6
       3
       6
       3
       3
       3
       1
       6
       3
       4
       5
       4
       4
       7
       2
       2
       3
       1
       1
       2
       3
       4
       3
       5
       1
       4
       6
       3
       2
       4
       5
       3
       5
       3
       5
       2
       1
       5
       4
       1
       2
       5
       1
       3
       5
       4
       3
       0
       1
       2
       5
       2
       5
       4
       3
       4
       5
       2
       2
       3
       4
       3
       3
       2
       6
       2
       5
       2
       2
       4
       5
       4
       3
       3
       5
       4
       4
       3
       4
       4
       4
       3
       3
       0
       5
       8
       6
       7
       7
      19
      21
      43
      59
      89
     128
     172
     211
     283
     290
     248
     224
     193
     116
      69
      30
      23
      20
       9
       7
       5
       7
       3
       2
       7
       1
       3
       1
       5
       2
       3
       4
       2
       0
       2
       4
       1
       1
       6
       4
       4
       5
       2
       4
       6
       0
       4
       3
       2
       3
       4
       3
       4
       7
       4
       6
       3
       2
       7
       6
       3
       1
       3
       5
       3
       5
       2
       1
       3
       3
       4
       3
       4
       5
       2
       0
       2
       5
       2
       2
       3
       1
       3
       3
       3
       1
       2
       4
       3
       3
       2
       2
       3
       3
       4
       3
       0
       4
       4
       3
       3
       5
       4
       4
       1
       6
       3
       3
       1
       3
       6
       2
       1
       5
       3
       4
       4
       3
       4
       1
       0
       4
       1
       3
       4
       4
       3
       2
       1
       6
       1
       3
       4
       4
       2
       3
       2
       0
       1
       2
       2
       3
       5
       6
       3
       2
       0
       1
       4
       2
       3
       3
       5
       4
       1
       4
       2
       1
       4
       4
       1
       1
       7
       1
       2
       7
       5
       5
       2
       3
       5
       2
       1
       2
       0
       4
       2
       1
       4
       2
       2
       4
       3
       0
       3
       4
       2
       2
       4
       3
       4
       3
       8
       4
       8
       2
       5
       3
       2
       4
       3
       1
       2
       2
       3
       3
       4
       4
       1
       4
       2
       5
       1
       2
       3
       2
       3
       3
       0
       0
       4
       5
       1
       2
       3
       1
       2
       4
       3
       1
       5
       2
       2
       3
       2
       3
       1
       2
       0
       2
       1
       1
       5
       3
       2
       3
       3
       4
       3
       3
       3
       0
       2
       3
       3
       2
       3
       2
       2
       2
       5
       2
       5
       1
       1
       6
       0
       4
       2
       0
       3
       4
       1
       2
       3
       2
       2
       2
       2
       1
       1
       2
       4
       4
       4
       3
       6
       3
       5
       4
       3
       1
       2
       4
       1
       3
       0
       2
       1
       3
       6
       3
       1
       5
       2
       2
       2
       4
       2
       3
       1
       5
       3
       2
       4
       4
       4
       1
       3
       3
       1
       4
       3
       2
       4
       6
       1
       3
       1
       0
       3
       2
       3
       2
       2
       1
       5
       1
       1
       3
       1
       2
       4
       0
       4
       2
       0
       5
       1
       2
       4
       2
       5
       3
       0
       1
       3
       4
       3
       4
       4
       1
       0
       5
       0
       2
       4
       0
       6
       5
       2
       1
       2
       0
       1
       1
       1
       2
       2
       3
       1
       2
       1
       3
       1
       1
       1
       1
       4
       1
       0
       1
       0
       1
       1
       1
       2
       2
       2
       0
       2
       1
       3
       2
       1
       0
       0
       2
       2
       2
       2
       2
       3
       1
       3
       1
       3
       3
       1
       3
       3
       1
       1
       2
       3
       1
       1
       2
       2
       0
       2
       3
       5
       4
       3
       2
       1
       0
       2
       1
       2
       4
       2
       0
       0
       1
       3
       3
       3
       4
       2
       2
       0
       2
       2
       3
       1
       3
       0
       2
       4
       1
       2
       5
       2
       2
       1
       0
       2
       1
       0
       2
       6
       2
       3
       0
       3
       1
       3
       0
       2
       2
       3
       4
       2
       3
       4
       3
       2
       3
       1
       4
       2
       3
       4
       1
       2
       1
       2
       1
       1
       0
       1
       3
       3
       0
       0
       0
       3
       2
       2
       0
       0
       4
       1
       5
       1
       3
       1
       3
       2
       2
       3
       4
       3
       4
      12
      15
      18
      17
      25
      29
      46
      41
      35
      31
      20
       9
       5
       8
       4
       1
       1
       1
       2
       2
       0
       2
       3
       3
       0
       5
       1
       3
       1
       3
       2
       1
       3
       4
       3
       2
       2
       1
       0
       1
       2
       1
       3
       2
       2
       0
       5
       2
       3
       3
       2
       4
       0
       6
       1
       0
       1
       1
       2
       1
       2
       1
       2
       3
       1
       2
       1
       2
       2
       2
       0
       1
       2
       2
       7
       0
       4
       3
       2
       2
       4
       0
       0
       4
       0
       4
       1
       2
       3
       3
       0
       1
       3
       3
       0
       1
       1
       0
       3
       2
       3
       0
       0
       4
       3
       1
       3
       1
       2
       2
       2
       2
       3
       1
       1
       0
       2
       3
       4
       0
       1
       1
       4
       1
       1
       1
       1
       0
       2
       1
       1
       0
       2
       1
       2
       0
       3
       3
       1
       1
       5
       3
       1
       2
       3
       3
       1
       3
       2
       1
       1
       0
       3
       0
       1
       1
       0
       0
       1
       0
       1
       1
       2
       1
       0
       3
       1
       1
       3
       5
       1
       2
       1
       3
       0
       1
       1
       2
       1
       1
       1
       2
       0
       0
       3
       3
       4
       2
       1
       2
       2
       1
       3
       1
       2
       1
       4
       2
       2
       2
       2
       3
       1
       1
       4
       3
       2
       3
       4
       1
       1
       2
       0
       0
       3
       1
       0
       2
       3
       0
       4
       4
       1
       0
       3
       3
       3
       0
       2
       2
       1
       1
       1
       2
       0
       1
       1
       4
       2
       1
       1
       1
       1
       1
       2
       0
       1
       3
       1
       1
       1
       1
       1
       2
       2
       4
       1
       3
       2
       0
       2
       1
       4
       1
       2
       3
       0
       3
       1
       2
       1
       1
       1
       1
       4
       2
       3
       0
       3
       1
       2
       1
       2
       1
       3
       4
       0
       1
       2
       3
       1
       1
       1
       0
       0
       3
       0
       1
       2
       1
       1
       2
       3
       0
       2
       3
       0
       2
       1
       1
       1
       0
       3
       4
       2
       1
       1
       1
       4
       1
       2
       1
       2
       1
       1
       1
       2
       3
       2
       3
       2
       3
       0
       0
       1
       2
       2
       1
       0
       1
       2
       1
       2
       0
       0
       1
       1
       0
       3
       3
       1
       1
       1
       0
       3
       3
       3
       3
       2
       4
       1
       1
       1
       2
       1
       0
       0
       3
       2
       2
       4
       2
       1
       3
       2
       0
       1
       2
       0
       2
       3
       1
       1
       1
       2
       0
       2
       2
       2
       3
       1
       2
       2
       2
       2
       1
       1
       2
       1
       2
       2
       0
       1
       1
       2
       1
       0
       1
       0
       1
       2
       0
       1
       0
       0
       0
       0
       0
       2
       1
       1
       2
       1
       0
       1
       2
       1
       1
       3
       2
       0
       0
       2
       1
       3
       1
       0
       2
       1
       2
       2
       1
       3
       1
       1
       2
       2
       1
       3
       1
       1
       2
       1
       2
       0
       1
       0
       4
       1
       3
       2
       2
       1
       1
       0
       3
       0
       1
       2
       2
       0
       0
       1
       2
       1
       1
       2
       2
       2
       1
       3
       1
       2
       0
       1
       2
       3
       1
       1
       4
       1
       1
       1
       3
       1
       3
       1
       2
       2
       1
       1
       1
       2
       1
       1
       3
       1
       1
       0
       3
       1
       0
       1
       1
       0
       0
       0
       2
       2
       1
       0
       3
       0
       1
       1
       3
       1
       1
       2
       1
       1
       1
       3
       0
       0
       1
       3
       1
       0
       3
       1
       1
       2
       3
       2
       3
       2
       0
       0
       3
       2
       3
       0
       1
       2
       1
       2
       2
       1
       2
       1
       1
       0
       1
       1
       0
       0
       0
       1
       0
       2
       1
       1
       3
       0
       2
       3
       1
       1
       4
       2
       2
       3
       1
       0
       0
       0
       0
       2
       2
       6
       0
       1
       0
       2
       1
       2
       0
       1
       3
       1
       1
       2
       2
       0
       2
       3
       3
       2
       1
       4
       1
       0
       2
       1
       2
       1
       3
       2
       0
       0
       2
       2
       4
       1
       0
       2
       3
       2
       0
       1
       3
       1
       1
       1
       6
       4
       0
       2
       1
       2
       1
       0
       2
       2
       2
       1
       1
       1
       3
       2
       0
       2
       1
       1
       2
       1
       2
       1
       1
       1
       0
       1
       2
       1
       2
       2
       2
       1
       1
       2
       1
       0
       1
       2
       3
       0
       1
       1
       1
       1
       1
       0
       0
       1
       1
       0
       1
       0
       0
       0
       0
       1
       0
       1
       2
       0
       1
       2
       1
       1
       3
       1
       5
       1
       1
       2
       1
       1
       0
       3
       1
       1
       1
       0
       1
       0
       0
       1
       2
       0
       1
       3
       1
       1
       1
       1
       2
       2
       0
       1
       3
       0
       1
       0
       1
       0
       1
       0
       0
       3
       2
       1
       1
       1
       2
       1
       2
       2
       3
       4
       1
       1
       0
       2
       2
       1
       0
       1
       0
       0
       1
       2
       2
       0
       1
       3
       1
       1
       0
       2
       2
       0
       0
       0
       0
       2
       2
       0
       0
       0
       2
       2
       1
       1
       0
       1
       1
       2
       1
       3
       2
       3
       1
       1
       2
       1
       2
       1
       2
       3
       0
       0
       0
       1
       3
       1
       3
       4
       0
       0
       1
       2
       2
       0
       0
       2
       1
       0
       1
       1
       0
       1
       2
       2
       0
       2
       3
       1
       4
       1
       0
       0
       2
       0
       2
       0
       1
       1
       1
       0
       1
       3
       0
       0
       1
       0
       0
       1
       3
       4
       0
       1
       1
       0
       1
       3
       0
       0
       1
       3
       1
       1
       1
       0
       1
       1
       1
       2
       0
       0
       0
       2
       1
       1
       1
       1
       2
       2
       0
       1
       0
       0
       0
       2
       2
       0
       1
       2
       2
       2
       2
       2
       0
       1
       2
       2
       1
       0
       1
       1
       2
       0
       2
       0
       3
       3
       1
       1
       0
       2
       1
       3
       1
       1
       1
       0
       2
       0
       4
       2
       0
       3
       1
       1
       2
       0
       0
       1
       1
       1
       0
       0
       2
       1
       1
       0
       0
       0
       0
       0
       2
       0
       2
       1
       1
       1
       1
       2
       2
       0
       0
       0
       0
       1
       1
       0
       3
       0
       1
       0
       1
       4
       1
       0
       1
       2
       2
       2
       0
       0
       0
       3
       1
       1
       1
       0
       1
       0
       0
       0
       2
       1
       1
       2
       0
       2
       0
       1
       3
       2
       0
       0
       0
       1
       1
       1
       1
       1
       0
       2
       0
       0
       1
       0
       4
       2
       0
       1
       0
       1
       2
       1
       1
       0
       1
       0
       0
       1
       1
       0
       0
       2
       1
       1
       1
       1
       0
       1
       0
       1
       0
       1
       1
       0
       1
       2
       3
       0
       0
       1
       1
       1
       1
       1
       0
       1
       0
       0
       1
       1
       2
       1
       4
       1
       0
       1
       1
       1
       0
       0
       0
       1
       0
       1
       2
       1
       0
       2
       0
       0
       4
       1
       0
       1
       3
       1
       2
       1
       0
       0
       0
       0
       1
       0
       1
       2
       1
       1
       1
       1
       1
       1
       2
       0
       1
       1
       5
       1
       1
       1
       4
       1
       4
       0
       0
       3
       1
       2
       0
       1
       1
       2
       1
       0
       1
       3
       0
       1
       2
       0
       0
       0
       0
       1
       1
       0
       3
       1
       0
       1
       0
       1
       1
       1
       0
       1
       0
       0
       1
       0
       0
       2
       0
       0
       2
       0
       1
       1
       1
       2
       3
       4
       3
       0
       0
       1
       0
       0
       0
       2
       1
       0
       0
       0
       2
       1
       1
       1
       0
       1
       4
       0
       0
       2
       1
       0
       0
       0
       2
       1
       0
       0
       1
       0
       1
       4
       1
       0
       1
       2
       2
       1
       1
       1
       2
       0
       1
       1
       0
       0
       0
       0
       1
       1
       1
       2
       3
       2
       1
       1
       0
       1
       0
       2
       1
       1
       0
       1
       0
       0
       0
       1
       0
       0
       1
       1
       1
       1
       0
       0
       0
       1
       1
       2
       2
       3
       2
       3
       1
       5
       5
      11
       9
       6
      10
       5
       7
       5
       1
       2
       2
       2
       0
       1
       1
       0
       0
       1
       1
       2
       1
       1
       0
       0
       0
       1
       2
       1
       0
       3
       0
       3
       0
       1
       2
       0
       0
       1
       0
       2
       2
       0
       2
       1
       2
       1
       1
       1
       0
       0
       0
       0
       0
       0
       0
       1
       1
       0
       1
       2
       1
       1
       1
       3
       1
       0
       3
       1
       0
       0
       0
       2
       3
       0
       1
       0
       1
       0
       0
       0
       1
       0
       1
       2
       0
       0
       0
       1
       2
       1
       1
       0
       1
       0
       0
       0
       0
       0
       0
       0
       0
       3
       1
       1
       0
       0
       0
       1
       2
       0
       1
       0
       1
       0
       2
       0
       1
       0
       1
       1
       1
       1
       1
       0
       0
       1
       2
       0
       0
       1
       3
       1
       0
       0
       0
       0
       2
       0
       2
       0
       0
       2
       0
       1
       0
       1
       0
       1
       3
       1
       0
       2
       3
       1
       1
       0
       1
       1
       0
       0
       1
       0
       1
       1
       0
       1
       0
       0
       1
       0
       1
       0
       2
       0
       1
       0
       2
       0
       0
       1
       1
       2
       0
       0
       0
       4
       0
       0
       0
       3
       0
       1
       2
       2
       1
       1
       1
       2
       2
       0
       0
       0
       0
       1
       2
       2
       0
       3
       1
       0
       0
       1
       1
       1
       0
       0
       1
       1
       1
       1
       1
       1
       0
       1
       0
       1
       2
       1
       0
       2
       1
       1
       2
       0
       0
       0
       0
       1
       1
       0
       0
       0
       1
       1
       0
       0
       1
       3
       2
       0
       0
       0
       1
       0
       1
       0
       2
       0
       1
       2
       1
       0
       0
       0
       1
       0
       0
       1
       0
       1
       0
       0
       0
       0
       1
       0
       1
       0
       1
       1
       0
       0
       2
       0
       1
       0
       1
       0
       1
       3
       3
       1
       1
       0
       0
       1
       1
       0
       1
       1
       0
       0
       1
       0
       3
       0
       0
       0
       0
       0
       0
       1
       3
       1
       1
       0
       0
       0
       0
       1
       2
       2
       1
       1
       2
       1
       0
       0
       1
       1
       0
       1
       0
       0
       0
       1
       0
       2
       2
       1
       1
       2
       3
       2
       5
       1
       1
       1
       0
       1
       0
       0
       0
       1
       0
       0
       0
       1
       1
       2
       0
       3
       2
       1
       1
       0
       1
       1
       0
       1
       1
       2
       0
       0
       1
       0
       0
       1
       0
       0
       3
       0
       0
       0
       0
       0
       1
       1
       1
       1
       0
       0
       1
       0
       2
       1
       0
       0
       0
       0
       0
       1
       0
       0
       2
       0
       2
       0
       0
       0
       0
       0
       1
       0
       1
       0
       1
       0
       0
       0
       0
       0
       1
       0
       0
       1
       1
       0
       1
       1
       0
       4
       0
       0
       0
       0
       1
       0
       0
       0
       0
       1
       0
       3
       1
       0
       0
       1
       1
       0
       0
       0
       0
       0
       0
       2
       1
       0
       0
       0
       0
       1
       1
       1
       0
       0
       1
       0
       0
       0
       0
       0
       2
       0
       0
       0
       0
       0
       1
       0
       3
       0
       1
       2
       0
       0
       0
       0
       1
       1
       0
       0
       0
       0
       0
       1
       2
       0
       1
       0
       0
       1
       1
       2
       1
       0
       0
       0
       0
       1
       0
       0
       1
       0
       0
       0
       2
       2
       1
       0
       1
       1
       2
       0
       1
       2
       2
       1
       0
       0
       0
       1
       2
       0
       1
       1
       0
       0
       0
       1
       0
       0
       0
       1
       1
       0
       2
       3
       0
       1
       0
       3
       1
       0
       0
       1
       0
       3
       0
       0
       0
       0
       0
       1
       0
       0
       0
       2
       0
       1
       0
       0
       0
       0
       1
       0
       0
       0
       0
       1
       0
       1
       0
       0
       1
       0
       0
       0
       1
       0
       0
       1
       1
       0
       0
       0
       0
       0
       1
       2
       0
       2
       2
       1
       0
       0
       0
       0
       1
       0
       1
       1
       0
       1
       2
       3
       0
       0
       2
       0
       0
       0
       1
       1
       0
       0
       0
       0
       0
       1
       0
       0
       0
       1
       1
       1
       0
       0
       1
       0
       0
       0
       0
       0
       0
       2
       1
       2
       1
       0
       0
       0
       1
       0
       1
       0
       1
       1
       0
       1
       1
       1
       0
       1
       1
       0
       1
       0
       1
       1
       2
       0
       2
       1
       1
       1
       0
       0
       2
       0
       0
       0
       1
       1
       1
       1
       2
       1
       3
       0
       2
       1
       1
       0
       1
       2
       0
       1
       1
       3
       0
       0
       1
       2
       0
       0
       0
       0
       1
       0
       0
       2
       0
       0
       0
       0
       0
       1
       1
       0
       2
       0
       1
       0
       1
       0
       1
       5
       0
       1
       1
       0
       0
       2
       1
       0
       0
       1
       0
       0
       1
       0
       0
       0
       0
       0
       1
       0
       0
       2
       0
       1
       0
       1
       0
       1
       0
       1
       1
       1
       0
       1
       0
       0
       0
       3
       1
       1
       0
       2
       1
       0
       0
       2
       3
       2
       1
       0
       1
       0
       0
       0
       1
       0
       0
       0
       1
       2
       1
       1
       1
       1
       0
       0
       0
       2
       1
       1
       0
       0
       0
       2
       0
       2
       1
       0
       1
       0
       0
       0
       0
       2
       0
       0
       0
       1
       0
       1
       0
       1
       2
       2
       1
       0
       0
       1
       4
       0
       1
       2
       0
       1
       1
       0
       0
       3
       1
       1
       1
       1
       1
       2
       2
       0
       0
       0
       0
       0
       0
       0
       0
       1
       1
       1
       1
       1
       1
       2
       0
       0
       0
       1
       0
       1
       1
       0
       0
       0
       1
       0
       1
       0
       0
       1
       0
       0
       0
       0
       0
       0
       0
       0
       0
       0
       0
       0
       0
       0
       0
       0
       0
       0
       0
       0
       0
       0
       0
       0
       0
       0
       0
       0
       0
       0
       0
       0
       0
       0
       0
       0
       0
       0
       0
       0
       0
       0
       0
       0
       0
       0
       0
       0
       0
       0
       0
       0
       0
       0
       0
       0
       0
       0
       0
       0
       0
       0
       0
       0
       0
       0
       0
       0
       0
       0
       0
       0
       0
       0
       0
       0
       0
       0
       0
       0
       0
       0
       0
       0
       0
       0
       0
       0
       0
       0
       0
       0
       0
       0
       0
       0
       0
       0
       0
       0
       0
       0
       0
       0
       0
       0
       0
       0
       0
       0
       0
       0
       0
       0
       0
       0
       0
       0
       0
       0
       0
       0
       0
       0
       0
       0
       0
       0
       0
$ROI:
2
1936 2287
5338 5513
$PRESETS:
Integral
500000
0
$ENER_FIT:
0.000000 0.245432
$MCA_CAL:
3
0.000000E+000 2.454316E-001 0.000000E+000 keV
$SHAPE_CAL:
3
7.465718E+000 0.000000E+000 0.000000E+000
