$SPEC_ID:
No sample description was entered.
$SPEC_REM:
DET# 1
DETDESC# BUNCHER Easy-MCA-8k SN 9051292
AP# Maestro Version 6.08
$DATE_MEA:
07/26/2019 13:49:27
$MEAS_TIM:
335 425
$DATA:
0 8191
       0
       0
       0
       0
       0
       0
       0
       0
       0
       0
       0
       0
       0
       0
       0
       0
       0
       0
       0
       0
      13
      97
     547
    1583
    3003
    4573
    5588
   12456
    5971
     522
     241
     142
     204
     791
    1604
    1897
    1940
    1753
    1603
    1457
    1395
    1380
    1381
    1410
    1387
    1480
    1480
    1546
    1309
    1412
    1419
    1354
    1349
    1261
    1296
    1299
    1259
    1259
    1244
    1264
    1273
    1226
    1298
    1239
    1255
    1216
    1187
    1125
    1209
    1247
    1146
    1158
    1102
    1164
    1096
    1140
    1115
    1171
    1096
    1095
    1060
    1146
    1094
    1039
    1158
    1064
    1078
    1053
    1065
    1060
    1003
    1016
     962
    1028
    1019
    1022
    1051
    1060
    1015
     987
     990
     946
    1050
    1005
     983
     978
     973
     990
     982
    1033
     967
     975
     938
     978
     972
     925
    1004
     947
     934
     956
     919
     953
     924
     916
     947
     993
     936
     992
     920
     878
     989
     956
     954
     915
     925
     921
     863
     866
     920
     872
     956
     923
     905
     901
     904
     938
     905
     900
     877
     888
     939
     886
     889
     916
     882
     896
     921
     899
     866
     896
     867
     880
     908
     848
     821
     861
     918
     889
     893
     880
     837
     827
     850
     900
     843
     875
     923
     882
     848
     847
     850
     831
     856
     878
     848
     875
     873
     836
     849
     814
     847
     881
     871
     879
     841
     851
     850
     800
     904
     875
     833
     854
     927
     858
     833
     809
     817
     876
     893
     862
     910
     894
     881
     850
     870
     846
     879
     892
     881
     921
     908
     900
     825
     837
     859
     815
     889
     928
     854
     862
     856
     901
     857
     919
     885
     880
     857
     930
     805
     868
     908
     891
     868
     830
     872
     909
     855
     892
     902
     904
     862
     874
     891
     935
     921
     870
     930
     895
     898
     896
     912
     829
     925
     944
     922
     888
     933
     993
     855
     923
     972
     868
     856
     978
     908
     934
     923
     977
     945
     932
     977
     947
     927
     956
     943
     927
     978
     950
     940
    1026
     989
    1007
    1034
    1065
    1074
     969
    1014
     973
     979
    1042
    1043
    1134
    1213
    1243
    1180
    1078
    1000
    1042
     970
    1036
     974
     969
     933
    1027
     990
     987
     992
     996
    1033
     990
     984
    1016
     994
    1000
     998
     993
    1036
    1031
    1031
    1034
     993
    1010
    1023
     959
    1058
    1017
     955
    1051
    1015
    1116
    1115
    1179
    1230
    1257
    1284
    1129
    1148
    1042
    1099
    1126
    1035
    1090
    1091
    1123
    1144
    1095
    1095
    1055
    1029
    1037
    1069
    1078
    1103
    1060
    1099
    1088
    1084
    1107
    1051
    1102
    1077
    1142
    1090
    1097
    1057
    1079
    1147
    1057
    1171
    1126
    1087
    1074
    1097
    1116
    1141
    1138
    1137
    1100
    1099
    1170
    1217
    1176
    1115
    1123
    1137
    1102
    1117
    1144
    1181
    1083
    1201
    1116
    1155
    1173
    1108
    1149
    1087
    1162
    1198
    1145
    1152
    1135
    1161
    1132
    1147
    1212
    1118
    1093
    1149
    1140
    1171
    1203
    1167
    1171
    1149
    1160
    1216
    1151
    1151
    1176
    1187
    1212
    1218
    1167
    1171
    1240
    1158
    1232
    1261
    1199
    1223
    1240
    1162
    1183
    1225
    1283
    1161
    1187
    1199
    1230
    1209
    1217
    1202
    1198
    1247
    1258
    1181
    1299
    1230
    1197
    1200
    1201
    1224
    1182
    1256
    1228
    1245
    1225
    1229
    1260
    1243
    1255
    1170
    1201
    1220
    1180
    1191
    1255
    1169
    1236
    1249
    1245
    1205
    1209
    1233
    1299
    1282
    1210
    1279
    1168
    1299
    1196
    1206
    1195
    1158
    1205
    1243
    1241
    1132
    1224
    1246
    1147
    1192
    1191
    1256
    1216
    1189
    1250
    1216
    1180
    1113
    1215
    1171
    1199
    1179
    1203
    1294
    1150
    1193
    1231
    1197
    1138
    1190
    1134
    1213
    1245
    1198
    1171
    1198
    1192
    1172
    1201
    1157
    1278
    1224
    1141
    1200
    1213
    1183
    1245
    1201
    1158
    1151
    1243
    1187
    1117
    1218
    1191
    1164
    1185
    1202
    1192
    1135
    1196
    1191
    1184
    1188
    1119
    1198
    1171
    1163
    1167
    1241
    1139
    1160
    1095
    1202
    1143
    1069
    1169
    1203
    1160
    1150
    1198
    1182
    1173
    1184
    1189
    1152
    1208
    1231
    1172
    1159
    1149
    1164
    1149
    1163
    1184
    1131
    1231
    1207
    1240
    1106
    1197
    1114
    1151
    1198
    1178
    1182
    1158
    1152
    1146
    1151
    1131
    1165
    1237
    1229
    1219
    1164
    1093
    1166
    1094
    1128
    1123
    1136
    1165
    1135
    1126
    1113
    1129
    1170
    1190
    1166
    1128
    1141
    1118
    1160
    1180
    1119
    1115
    1132
    1139
    1193
    1137
    1129
    1143
    1110
    1191
    1201
    1091
    1160
    1141
    1132
    1141
    1106
    1218
    1184
    1122
    1155
    1179
    1041
    1141
    1138
    1071
    1146
    1132
    1165
    1158
    1174
    1103
    1116
    1126
    1168
    1162
    1140
    1160
    1147
    1124
    1179
    1161
    1177
    1119
    1082
    1153
    1208
    1085
    1105
    1129
    1126
    1163
    1176
    1168
    1140
    1156
    1125
    1154
    1171
    1174
    1137
    1218
    1149
    1186
    1177
    1220
    1216
    1199
    1216
    1239
    1212
    1216
    1244
    1248
    1254
    1250
    1269
    1225
    1205
    1140
    1184
    1228
    1230
    1208
    1157
    1211
    1176
    1147
    1161
    1192
    1187
    1168
    1153
    1114
    1181
    1195
    1164
    1186
    1179
    1167
    1229
    1214
    1135
    1161
    1131
    1152
    1060
    1140
    1102
    1087
    1152
    1127
    1097
    1136
    1117
    1079
    1111
    1112
    1094
    1111
    1092
    1077
    1182
    1011
    1097
    1118
    1097
    1133
    1095
    1061
    1106
     998
    1074
    1092
    1098
    1064
    1103
    1101
    1012
     958
    1082
    1056
    1045
    1038
    1055
    1070
    1009
    1087
    1048
    1041
    1007
    1001
    1003
    1006
     976
    1000
     997
    1009
    1012
    1069
    1019
     956
    1009
    1019
    1015
    1006
    1037
     980
    1058
     996
     987
     963
     980
     995
    1016
     960
    1052
     945
     930
     963
     978
     971
    1004
    1002
     990
     991
     946
     943
    1014
     952
     997
     949
     974
     976
     962
     997
     987
     956
     995
     977
     917
     965
     952
     956
     973
     941
     954
     943
     916
     945
     978
     898
     956
     932
     991
     913
     955
     899
     946
     879
     955
     986
    1011
     957
     913
     924
    1020
     937
     937
     971
     925
     878
     946
     938
     942
     973
     866
     951
     932
     907
     929
     909
     895
     926
     950
     926
     943
     914
     918
     903
     877
     909
     921
     895
     941
     904
     925
     871
     932
     892
     876
     930
     954
     931
     893
     870
     893
     911
     945
     907
     891
     957
     905
     860
     885
     888
     873
     882
     858
     924
     879
     896
     861
     854
     897
     897
     849
     875
     944
     868
     909
     871
     920
     886
     896
     841
     906
     877
     904
     857
     899
     897
     871
     875
     904
     890
     885
     900
     871
     883
     856
     936
     923
     935
     869
     831
     892
     946
     852
     923
     835
     940
     895
     932
     923
     863
     873
     893
     861
     873
     866
     892
     940
     896
     835
     924
     887
     913
     840
     872
     907
     865
     892
     905
     930
     887
     881
     836
     847
     880
     863
     868
     919
     927
     952
     905
     887
     859
     925
     894
     887
     848
     879
     851
     909
     897
     868
     884
     944
     850
     850
     887
     893
     926
     892
     937
     945
     876
     865
     908
     886
     893
     863
     903
     837
     883
     870
     953
     884
     897
     889
     928
     867
     904
     895
     870
     882
     892
     896
     858
     883
     856
     902
     922
     875
     869
     926
     888
     843
     855
     873
     922
     880
     825
     849
     853
     864
     934
     850
     897
     864
     911
     872
     853
     873
     886
     922
     919
     878
     874
     916
     903
     924
     895
     937
     913
     884
     869
     854
     857
     919
     921
     886
     842
     889
     846
     931
     894
     826
     936
     907
     897
     795
     846
     956
     909
     829
     896
     854
     859
     863
     872
     868
     847
     855
     854
     880
     899
     923
     861
     898
     921
     927
     900
     898
     869
     884
     881
     898
     897
     893
     932
     899
     892
     898
     880
     868
     929
     959
     909
     922
     944
     911
     867
     970
     981
     933
     859
     917
     952
     873
     895
     875
     947
     903
     926
     908
     919
     883
     886
     856
     927
     895
     908
     917
     904
     960
     906
     927
     904
     898
     896
     876
     896
     951
     874
     967
     910
     918
     947
     917
     921
     936
     983
     898
     901
     877
     927
     941
     916
     860
     895
     904
     933
     903
     922
     906
     927
     917
     929
     926
     959
     973
     912
     903
     911
     939
     941
     955
     900
     894
     912
     938
     929
     950
     994
     918
     921
     961
     923
     933
     970
     987
     966
     922
    1023
     975
     960
     922
     931
     949
     980
     906
     969
     939
     976
     895
     943
     954
     901
     975
     992
     983
     946
     929
    1040
     952
     992
     946
     960
     985
     963
     932
     939
     976
     906
    1059
     959
     959
     970
     948
     985
     960
    1001
     940
     968
    1026
    1003
     961
     955
     978
     988
     968
     898
    1008
    1052
     989
     936
     986
     986
    1010
    1055
     968
     979
    1014
    1010
    1031
    1043
    1001
     971
     992
     977
     966
    1054
     928
     980
    1010
     981
    1044
     998
     971
    1006
    1011
    1046
     983
    1008
    1000
    1062
    1044
    1015
    1002
    1044
    1023
     974
     925
    1016
    1004
    1012
    1011
    1044
    1022
    1013
    1008
    1032
    1034
    1019
     941
    1014
    1064
    1024
    1013
    1092
    1036
    1031
    1071
    1019
    1045
     930
    1065
     990
    1030
    1099
    1028
    1091
    1090
    1051
    1036
    1095
    1096
    1051
    1027
     992
    1039
    1025
    1083
    1077
    1139
    1061
     993
    1111
    1055
    1039
    1013
    1023
    1050
    1070
    1011
    1099
    1044
    1080
    1060
    1058
     997
    1013
    1044
    1038
    1055
    1051
    1110
    1043
    1052
    1004
    1050
    1107
    1089
    1087
    1000
    1041
    1021
    1028
    1109
    1071
    1055
    1034
     985
     989
    1043
    1011
     985
    1045
    1002
     986
     977
     972
     979
     912
     915
     911
     919
     852
     887
     880
     909
     899
     867
     886
     841
     862
     870
     819
     836
     807
     785
     783
     807
     780
     772
     766
     791
     740
     724
     753
     791
     771
     741
     806
     775
     758
     731
     747
     765
     742
     665
     727
     690
     728
     713
     694
     675
     734
     764
     691
     727
     683
     651
     751
     703
     705
     670
     714
     659
     695
     695
     693
     623
     691
     632
     643
     696
     680
     649
     677
     629
     677
     624
     669
     648
     657
     642
     626
     644
     649
     680
     628
     663
     646
     692
     593
     667
     628
     621
     654
     609
     644
     617
     633
     633
     630
     640
     612
     634
     585
     623
     561
     648
     599
     612
     594
     594
     564
     586
     546
     609
     606
     607
     641
     621
     599
     588
     621
     583
     552
     605
     572
     585
     596
     600
     561
     569
     555
     558
     597
     537
     576
     554
     593
     590
     635
     549
     595
     610
     548
     550
     614
     596
     541
     577
     553
     543
     541
     597
     531
     575
     546
     565
     557
     539
     511
     566
     534
     519
     563
     542
     495
     527
     514
     537
     537
     556
     555
     495
     484
     505
     517
     510
     543
     462
     519
     531
     481
     527
     562
     536
     526
     549
     487
     531
     530
     520
     517
     526
     474
     506
     512
     499
     563
     506
     544
     520
     482
     521
     526
     531
     506
     504
     466
     498
     508
     494
     515
     507
     492
     480
     536
     472
     465
     467
     515
     470
     493
     465
     452
     473
     446
     484
     482
     474
     524
     469
     479
     464
     504
     446
     464
     487
     483
     448
     472
     447
     460
     476
     466
     473
     447
     439
     500
     495
     461
     487
     484
     463
     435
     428
     453
     469
     470
     452
     458
     445
     449
     464
     446
     453
     408
     467
     470
     425
     484
     447
     470
     444
     481
     469
     432
     452
     448
     498
     417
     450
     419
     453
     468
     425
     431
     450
     447
     408
     419
     432
     415
     481
     422
     446
     412
     437
     462
     439
     425
     427
     445
     436
     411
     480
     421
     424
     461
     412
     455
     424
     404
     395
     412
     414
     430
     398
     430
     399
     399
     431
     412
     408
     409
     432
     417
     407
     416
     442
     397
     417
     423
     438
     429
     405
     398
     439
     414
     415
     375
     415
     408
     417
     396
     383
     435
     388
     426
     446
     397
     389
     424
     388
     440
     427
     411
     372
     425
     418
     414
     418
     374
     423
     435
     432
     371
     406
     386
     393
     427
     397
     401
     372
     420
     401
     437
     422
     420
     426
     412
     391
     416
     397
     384
     378
     413
     375
     430
     403
     396
     393
     430
     412
     411
     413
     402
     409
     430
     414
     432
     399
     398
     437
     414
     371
     395
     450
     398
     456
     420
     377
     459
     407
     383
     428
     408
     413
     414
     386
     421
     385
     381
     413
     399
     386
     397
     391
     389
     362
     405
     369
     399
     420
     380
     389
     392
     377
     400
     381
     431
     428
     396
     372
     413
     392
     421
     436
     381
     380
     400
     384
     400
     403
     392
     417
     406
     401
     399
     371
     399
     421
     436
     406
     420
     406
     416
     397
     374
     404
     371
     403
     412
     389
     398
     407
     369
     428
     336
     397
     372
     387
     417
     399
     400
     382
     389
     397
     364
     361
     401
     392
     390
     391
     414
     397
     416
     416
     379
     380
     411
     405
     371
     397
     386
     402
     383
     381
     367
     380
     388
     407
     415
     383
     384
     373
     390
     438
     388
     381
     403
     356
     414
     376
     407
     391
     417
     404
     361
     400
     403
     371
     353
     363
     396
     364
     381
     386
     396
     396
     357
     357
     366
     382
     389
     368
     382
     398
     363
     390
     364
     357
     359
     378
     406
     418
     391
     368
     352
     397
     356
     403
     391
     369
     326
     360
     386
     359
     392
     386
     389
     392
     356
     380
     387
     369
     358
     364
     360
     391
     364
     415
     377
     390
     359
     341
     344
     400
     359
     408
     355
     370
     356
     344
     362
     369
     380
     355
     366
     390
     330
     350
     384
     385
     348
     372
     355
     400
     379
     352
     366
     379
     376
     385
     364
     399
     382
     395
     392
     370
     407
     388
     419
     386
     389
     388
     382
     353
     401
     366
     377
     378
     402
     366
     375
     387
     386
     337
     369
     381
     389
     363
     394
     351
     409
     374
     388
     400
     408
     372
     410
     351
     377
     356
     361
     419
     404
     351
     385
     384
     401
     419
     349
     412
     434
     367
     366
     412
     392
     399
     407
     371
     408
     380
     386
     398
     413
     393
     466
     512
     467
     530
     571
     621
     633
     682
     814
     905
    1055
    1307
    1627
    1939
    2423
    3076
    3929
    4978
    6214
    7963
    9739
   12294
   15173
   18600
   22083
   24777
   27263
   28991
   29894
   28910
   27636
   25291
   22401
   19167
   15679
   12666
   10000
    7783
    6033
    4798
    3686
    2973
    2335
    1775
    1454
    1151
     944
     722
     671
     611
     451
     426
     382
     333
     327
     293
     282
     293
     295
     260
     256
     241
     226
     218
     208
     212
     213
     193
     191
     204
     195
     218
     203
     191
     193
     181
     192
     191
     191
     183
     170
     167
     182
     193
     159
     184
     193
     127
     142
     168
     162
     174
     148
     155
     165
     160
     151
     154
     182
     153
     151
     151
     138
     165
     119
     152
     152
     132
     159
     152
     150
     138
     133
     142
     138
     126
     158
     140
     148
     139
     136
     136
     135
     127
     126
     128
     138
     128
     148
     131
     137
     139
     133
     131
     131
     138
     115
     117
     135
     132
     123
     107
     120
     115
     121
     122
     122
     119
     119
     113
     117
     121
     106
     124
     120
     133
     108
     131
     108
     104
     104
      90
     106
     118
     109
     114
     120
     120
     111
     115
      98
     110
     108
     110
     121
     103
     114
     114
      99
     123
     132
     112
      99
      99
     124
     100
     108
     123
     104
     108
     114
     107
      96
      97
     105
     106
     112
      98
     108
     143
      90
     103
      96
     106
      96
     120
     117
      99
     113
     105
      96
     100
      97
     102
      96
      97
      92
     110
     106
     106
     103
      94
      99
      99
      92
      95
     107
     128
     101
      82
     102
     111
      91
      92
     110
      96
      87
      85
      98
      95
      98
      81
      86
      94
      80
      90
     114
      79
     103
      87
      92
     108
      89
     106
     100
      94
      80
      83
      96
      82
      90
      77
     101
     106
      96
      94
     107
      77
      95
      93
      88
      86
      89
     100
      76
      85
      87
      84
      87
      93
      85
      94
      91
      93
     101
      86
      74
     103
      85
      94
      82
      83
      96
     106
      73
      93
      75
      88
      78
      84
      76
      97
      78
      88
      74
      87
      88
      87
      85
      69
     105
      70
      86
      76
      68
      87
      79
      81
      92
      97
      85
      89
      86
      75
      87
      99
     100
      81
      80
      82
      83
      79
      85
      68
      74
      71
      95
     102
      80
      80
      81
      91
      92
      73
     100
      86
      88
      92
      64
      78
      93
      83
      86
      79
      83
      82
      71
      87
      78
      72
      84
      62
      88
      80
      90
      88
      77
      77
      79
      70
      83
      77
      91
      91
      76
      65
      67
      89
      85
      89
      86
      85
      88
      95
      83
      91
      77
      82
      84
     104
      69
      72
      92
      81
      81
      93
      85
      89
      89
      89
      79
      64
      74
      82
      58
      71
      79
      87
      88
      95
      85
      75
      96
      89
      72
      62
      69
      70
      60
      71
      76
      74
      86
      62
      68
      81
      89
      87
     105
      96
     102
     106
      78
      83
      70
      90
      68
      77
      76
      88
      79
      76
      77
      81
      63
      78
      63
      82
      71
      75
      98
      54
      67
      79
      69
      60
      63
      77
      73
      66
      73
      80
      72
      71
      84
      76
      82
      64
      81
      70
      73
      80
      76
      85
      67
      78
      74
      78
      63
      77
      76
      61
      62
      72
      73
      70
      85
      76
      73
      74
      69
      74
      71
      64
      71
      65
      75
      86
      69
      73
      84
      74
      79
      82
      78
      60
      63
      73
      64
      69
      66
      67
      65
      72
      66
      74
      68
      65
      69
      75
      86
      69
      70
      56
      56
      72
      72
      59
      70
      61
      55
      73
      72
      75
      72
      60
      73
      61
      78
      64
      60
      67
      80
      57
      69
      59
      70
      80
      65
      66
      64
      59
      69
      53
      65
      57
      57
      67
      63
      70
      60
      74
      67
      71
      80
      61
      69
      58
      65
      53
      71
      59
      68
      60
      63
      44
      65
      59
      55
      65
      70
      55
      71
      62
      54
      74
      53
      56
      49
      58
      60
      51
      61
      62
      68
      74
      64
      69
      70
      65
      57
      46
      64
      56
      55
      66
      57
      62
      60
      71
      59
      67
      48
      60
      64
      70
      64
      72
      43
      46
      67
      63
      58
      66
      60
      52
      69
      68
      60
      74
      71
      61
      62
      73
      58
      58
      65
      56
      54
      74
      57
      59
      64
      80
      79
      58
      51
      63
      62
      53
      58
      66
      41
      45
      54
      63
      51
      50
      54
      51
      50
      52
      50
      70
      50
      50
      58
      55
      56
      57
      56
      57
      63
      59
      62
      59
      60
      59
      45
      60
      72
      47
      65
      47
      60
      55
      46
      59
      51
      60
      49
      65
      56
      65
      46
      50
      53
      48
      69
      48
      59
      66
      45
      56
      56
      51
      45
      73
      58
      58
      49
      55
      60
      40
      47
      56
      47
      48
      62
      51
      68
      60
      49
      48
      60
      55
      50
      61
      50
      56
      49
      62
      51
      37
      55
      67
      66
      60
      56
      55
      54
      61
      54
      53
      58
      58
      53
      54
      60
      62
      60
      54
      48
      51
      56
      48
      44
      51
      57
      51
      51
      38
      54
      38
      57
      49
      59
      67
      42
      51
      46
      49
      51
      43
      53
      47
      50
      47
      46
      49
      48
      50
      43
      59
      38
      56
      50
      56
      51
      46
      50
      43
      47
      45
      46
      51
      48
      47
      51
      46
      40
      36
      52
      50
      46
      60
      51
      32
      53
      56
      41
      39
      61
      46
      33
      42
      50
      49
      46
      33
      48
      50
      36
      36
      51
      36
      51
      41
      49
      43
      43
      43
      39
      49
      44
      46
      49
      57
      48
      38
      42
      54
      55
      33
      49
      48
      44
      38
      42
      49
      47
      61
      54
      38
      39
      53
      38
      34
      39
      38
      33
      44
      41
      41
      33
      44
      37
      34
      49
      44
      42
      49
      42
      47
      54
      45
      46
      51
      42
      42
      48
      44
      42
      42
      46
      41
      57
      50
      49
      50
      43
      34
      35
      55
      37
      45
      46
      32
      52
      40
      45
      46
      50
      43
      35
      39
      34
      39
      45
      49
      34
      45
      34
      30
      43
      35
      46
      43
      34
      41
      38
      35
      37
      41
      43
      44
      35
      43
      50
      51
      40
      37
      47
      31
      34
      43
      37
      45
      44
      40
      59
      38
      35
      45
      42
      40
      38
      40
      29
      38
      51
      51
      37
      45
      29
      36
      30
      45
      34
      40
      47
      30
      39
      46
      40
      39
      32
      43
      42
      52
      45
      35
      34
      42
      32
      39
      50
      59
      41
      42
      38
      62
      44
      32
      33
      30
      38
      39
      45
      27
      25
      40
      34
      34
      40
      43
      36
      44
      40
      43
      46
      42
      48
      47
      46
      40
      28
      42
      36
      31
      39
      42
      29
      38
      38
      39
      41
      41
      37
      41
      55
      51
      55
      36
      40
      39
      28
      43
      46
      37
      34
      47
      43
      38
      37
      31
      38
      37
      41
      46
      50
      43
      36
      40
      34
      26
      39
      36
      31
      36
      39
      28
      40
      39
      32
      48
      31
      38
      33
      38
      38
      41
      44
      41
      45
      36
      39
      30
      39
      33
      37
      36
      39
      36
      45
      26
      35
      48
      40
      35
      39
      35
      40
      34
      52
      23
      36
      33
      33
      28
      47
      26
      26
      26
      37
      24
      28
      37
      45
      47
      34
      36
      29
      32
      37
      37
      32
      32
      37
      37
      40
      42
      38
      32
      37
      33
      44
      32
      48
      42
      41
      24
      38
      42
      32
      35
      43
      40
      34
      33
      33
      36
      46
      33
      46
      40
      30
      34
      39
      37
      34
      32
      31
      32
      27
      46
      40
      36
      40
      29
      36
      47
      23
      29
      43
      27
      33
      40
      28
      37
      37
      33
      31
      38
      44
      41
      26
      41
      37
      37
      26
      32
      35
      34
      37
      29
      35
      34
      35
      29
      39
      36
      30
      38
      36
      34
      33
      44
      38
      38
      30
      29
      36
      48
      32
      26
      38
      28
      36
      41
      26
      31
      28
      48
      33
      39
      33
      30
      41
      38
      29
      34
      33
      32
      41
      31
      36
      37
      39
      41
      25
      38
      36
      37
      24
      41
      38
      27
      32
      30
      37
      34
      35
      35
      32
      27
      51
      29
      41
      34
      43
      39
      34
      44
      42
      28
      35
      26
      35
      43
      32
      29
      33
      31
      33
      37
      37
      32
      26
      30
      38
      35
      38
      36
      30
      41
      32
      31
      38
      32
      26
      27
      32
      27
      33
      41
      37
      31
      43
      31
      23
      37
      31
      28
      22
      37
      36
      22
      30
      30
      25
      27
      34
      29
      32
      31
      37
      24
      32
      41
      21
      22
      34
      40
      28
      22
      29
      32
      20
      40
      44
      27
      27
      30
      33
      29
      37
      26
      34
      27
      36
      30
      32
      29
      34
      34
      25
      19
      25
      29
      21
      33
      35
      21
      35
      35
      34
      20
      26
      31
      37
      24
      32
      27
      30
      25
      28
      28
      33
      30
      30
      32
      39
      26
      42
      32
      30
      32
      36
      27
      27
      20
      28
      27
      23
      31
      27
      26
      27
      30
      21
      27
      28
      24
      36
      26
      32
      30
      28
      41
      28
      34
      27
      36
      30
      34
      30
      26
      39
      27
      31
      31
      28
      35
      35
      22
      34
      26
      38
      25
      24
      26
      24
      27
      19
      34
      29
      32
      31
      30
      25
      24
      25
      29
      28
      32
      24
      27
      17
      20
      23
      30
      26
      23
      31
      27
      20
      32
      19
      29
      21
      38
      25
      23
      31
      17
      33
      26
      24
      31
      28
      27
      16
      28
      23
      25
      26
      33
      29
      24
      38
      33
      29
      36
      27
      24
      33
      28
      25
      18
      21
      31
      26
      31
      28
      19
      15
      24
      20
      13
      21
      28
      29
      22
      28
      24
      16
      26
      24
      31
      17
      20
      32
      21
      31
      32
      23
      24
      28
      25
      29
      28
      24
      28
      32
      23
      28
      25
      27
      25
      23
      26
      21
      21
      23
      25
      24
      19
      22
      22
      25
      25
      20
      25
      20
      25
      22
      26
      20
      27
      32
      26
      28
      23
      18
      24
      28
      28
      16
      24
      30
      28
      21
      32
      31
      31
      27
      22
      25
      19
      17
      30
      30
      20
      24
      21
      31
      27
      32
      16
      14
      26
      16
      25
      19
      35
      23
      23
      27
      19
      28
      29
      24
      19
      27
      19
      22
      28
      20
      21
      29
      19
      29
      22
      19
      17
      25
      22
      17
      24
      22
      25
      27
      20
      22
      26
      17
      25
      21
      29
      21
      19
      19
      21
      24
      17
      30
      22
      30
      18
      11
      17
      28
      26
      27
      27
      22
      16
      22
      29
      22
      19
      25
      28
      18
      19
      21
      15
      21
      25
      29
      17
      26
      23
      26
      17
      26
      26
      33
      31
      23
      24
      29
      23
      21
      21
      18
      29
      16
      22
      25
      28
      22
      23
      21
      26
      23
      35
      21
      16
      17
      32
      19
      21
      20
      28
      27
      22
      26
      33
      22
      19
      15
      31
      20
      29
      20
      25
      31
      19
      33
      22
      21
      19
      18
      20
      21
      19
      24
      25
      25
      20
      23
      17
      23
      19
      30
      24
      16
      18
      26
      26
      19
      32
      27
      21
      22
      23
      28
      24
      22
      28
      18
      15
      14
      21
      18
      22
      24
      23
      21
      19
      29
      27
      24
      22
      36
      18
      24
      27
      26
      21
      19
      23
      27
      23
      21
      26
      19
      21
      32
      23
      21
      26
      22
      23
      28
      22
      25
      16
      35
      13
      26
      26
      31
      27
      31
      22
      18
      31
      26
      19
      26
      32
      25
      21
      24
      21
      20
      24
      24
      28
      18
      29
      24
      35
      21
      12
      35
      23
      23
      17
      28
      21
      20
      27
      24
      22
      20
      24
      21
      18
      25
      17
      22
      31
      23
      21
      26
      20
      26
      21
      25
      26
      28
      28
      21
      30
      21
      16
      28
      18
      24
      26
      23
      27
      16
      15
      21
      22
      28
      17
      18
      24
      23
      25
      25
      23
      26
      23
      16
      21
      27
      20
      21
      13
      17
      26
      24
      26
      19
      15
      36
      19
      28
      18
      22
      13
      24
      23
      33
      24
      23
      19
      28
      28
      35
      25
      26
      30
      25
      19
      22
      18
      27
      28
      17
      20
      20
      16
      25
      24
      21
      18
      25
      30
      18
      26
      16
      23
      27
      18
      26
      27
      20
      19
      19
      18
      22
      27
      19
      25
      19
      18
      27
      22
      24
      18
      18
      20
      19
      12
      24
      22
      22
      18
      25
      25
      20
      23
      20
      23
      30
      21
      21
      14
      10
      21
       8
      16
      17
      11
      13
      25
      17
      25
      16
      22
      25
      21
      18
      32
      26
      24
      18
      33
      18
      14
      23
      25
      19
      23
      24
      22
      18
      24
      27
      16
      17
      18
      23
      18
      18
      20
      22
      14
      20
      19
      13
      21
      23
      21
      19
      23
      17
      21
      19
      19
      18
      18
      24
      24
      18
      18
      14
      22
      16
      23
      14
      12
      15
      21
      29
      21
      19
      22
      13
      25
      24
      20
      19
      15
      16
      22
      24
      26
      18
      16
      21
      20
      23
      18
      20
      17
      21
      29
      17
      17
      23
      14
      18
      19
      31
      15
      22
      25
      20
      23
      21
      20
      12
      21
      20
      19
      20
      27
      19
      15
      25
      21
      19
      21
      15
      24
      17
      17
      19
      23
      19
      21
      19
      23
      15
      25
      23
      16
      28
      20
      17
      21
      23
      22
      24
      22
      18
      18
      17
      17
      25
      29
      20
      19
      21
      33
      27
      21
      14
      17
      18
      29
      24
      23
      23
      27
      25
      28
      26
      19
      27
      24
      28
      23
      30
      19
      27
      20
      30
      26
      29
      24
      22
      22
      22
      23
      24
      21
      21
      35
      26
      18
      23
      21
      20
      27
      37
      32
      31
      38
      26
      32
      32
      25
      37
      37
      31
      29
      41
      37
      37
      35
      24
      34
      25
      31
      22
      32
      24
      28
      32
      10
      19
      13
      22
      21
      18
      14
       8
      15
      14
      11
      15
      13
      13
       8
      18
      11
      11
      15
      16
      14
       7
      16
      12
      10
       6
      13
      12
      13
      10
      16
       5
       9
      15
      10
      11
      18
      12
      14
      13
      11
      13
      10
      14
       8
      16
      13
      12
      11
       8
       6
      15
       9
      12
      17
      11
      13
       9
      14
      16
       6
       7
       8
      11
      17
      11
       7
       9
      15
       7
      12
      11
       9
      11
      14
      14
       9
       8
       9
       9
      14
      14
      18
      15
      13
       8
      10
      14
      13
      13
       4
       8
       9
      11
       8
      12
      16
      12
      16
      11
       7
      17
       9
      21
       9
       9
       6
       7
      11
      12
       6
      11
       8
      22
      14
      14
      14
       6
       8
       9
      19
      11
       7
      10
      12
      14
      16
       7
      12
      17
       8
      16
       4
      10
      10
      14
      15
      12
      10
      12
      15
      15
      10
       6
      12
      10
       9
       5
      15
       9
      13
      13
      10
      11
      10
       8
       7
      12
       7
      13
       8
       9
      16
      13
      13
      13
      12
      10
      16
      13
      10
      11
      14
       9
       5
       8
      12
      12
      13
      12
      11
       8
      14
      11
      15
      10
      13
       4
       9
       7
       9
      12
       4
      13
      13
       6
       9
      15
      13
      11
       5
      14
      16
      11
       9
      10
      10
      10
      10
      12
       9
       9
      11
      13
       7
       7
      14
       9
      13
      11
      14
      12
       7
      11
      15
      12
      11
      13
      10
      12
      11
      11
       6
      12
      10
       4
       9
      12
      13
      15
       8
      11
       8
      16
      13
       8
      10
      13
       9
      13
       8
      13
       8
       6
      11
      10
       8
       8
      12
      16
      11
      13
      20
       9
      15
       5
      10
      13
       7
      15
      13
      12
      12
       8
       6
      15
      12
      15
      14
      15
      10
      10
      11
       7
      11
      10
      13
      12
       9
      14
       7
      11
      13
      10
       8
      11
      12
      14
      11
      16
       9
      11
      13
      14
      11
      14
      11
      12
      18
       9
      12
       9
       8
      15
      12
      10
      10
      12
      14
       6
      14
       9
      12
      11
      12
      11
      12
      10
      11
       9
      18
      15
       8
      11
      13
      20
      13
       8
       7
      17
      10
      14
      12
      11
       9
       7
      12
      11
       7
       9
      14
      10
      13
      14
      12
      15
      10
       9
      10
       9
      11
      14
       9
       9
      11
      12
      10
       7
      17
      13
      12
      11
       9
      10
       7
      13
       6
       5
       9
       7
      11
       7
       4
       9
      11
       6
      10
       7
      16
      15
      13
      14
      17
      12
      17
      21
      17
      13
       6
      12
       7
      14
       9
       7
      10
      10
       8
      10
       3
       7
       6
       5
      11
      11
      17
       9
       8
      10
      11
      12
       9
      13
       5
       8
      10
      11
       7
       6
       7
      12
       4
      12
      10
      10
      11
       9
       8
       5
       3
       5
       9
      12
      11
      12
       4
       5
       3
       8
      13
       6
       9
       8
      10
       8
       8
       6
       4
       8
       7
      10
      10
       5
       8
      13
      10
      12
       5
      10
       7
       9
      10
       7
       8
       8
       5
      11
       3
       4
       7
       5
       9
       6
       8
       5
       8
      12
       8
       9
      13
       8
       6
      14
       9
       6
       6
       9
      10
      11
       5
       6
       5
      10
      15
      11
      11
      11
       5
       8
      10
       6
      17
       5
       8
      10
      10
       8
      14
       6
       6
       6
       6
      11
       3
       6
       7
       1
      12
       8
       7
       4
       8
       3
      11
       8
      11
       6
       7
      10
      11
       8
       6
       3
      13
       6
       3
      10
      11
      12
       4
       7
       9
       8
       9
       7
      11
      10
       5
       6
      13
      10
       5
      10
       3
      12
       5
       2
       8
       8
       6
      14
       6
       6
       7
       6
       3
       6
       7
       9
       5
       9
       6
       7
       7
       5
       3
      13
       6
       4
      10
       8
       7
       5
      12
      11
       8
       6
       3
       9
      13
      12
      12
      22
      29
      50
      82
     123
     154
     235
     315
     342
     298
     266
     247
     164
     103
      66
      47
      27
      17
      18
       7
      13
      10
       5
       4
       7
       8
       8
       9
      12
       6
       8
       7
       4
       0
       3
       4
      10
      10
      11
       8
       7
       7
       4
       8
       8
      10
       7
       3
       5
       6
      10
       4
       5
       2
       8
       7
      10
       6
       4
       4
       8
       6
       4
       5
      10
       5
       6
       7
       8
       6
       4
      10
       6
       7
       6
       3
       7
       9
       5
       8
       5
      10
       7
       4
       5
       9
       4
       6
       5
       1
       6
       7
       4
      10
       7
       8
       9
       7
       6
       5
       6
      12
       3
       8
       2
       4
       8
       9
       9
       1
      12
       4
       7
       7
       6
       6
       5
       7
       8
       7
      13
       7
       5
       5
       5
       5
       3
       4
       8
       8
       9
      13
       7
       4
       2
       3
       4
       6
       5
       4
       5
      10
       5
       5
       6
       2
       6
       8
       5
      10
       6
       4
       6
       3
       7
       5
       6
       8
       9
       3
       6
       6
       2
       5
       7
       5
       8
       3
       6
       4
       5
       7
      10
       9
       3
       7
       5
       6
       5
       5
       4
       8
       8
       6
       6
       4
       7
       4
       6
       6
       2
       4
      12
       3
       7
       5
       9
       7
       7
       4
       3
       9
       7
       5
       5
       7
       7
       7
       8
       3
       9
       4
       6
       6
       9
       2
       5
       5
       7
       4
       2
       6
       6
       6
       8
       5
       5
       5
       7
       4
       7
       8
       6
       1
       1
       9
       4
       6
       6
       6
       8
       2
       4
       5
       5
       7
       4
       3
       3
       3
       6
       7
       2
       4
       4
       6
       4
       5
       1
       2
       4
       1
       0
       3
       4
       7
       6
       5
       6
       6
       2
       6
       6
       8
       5
       2
      10
       7
       2
       6
       5
       6
       5
       3
       7
       2
       4
       1
       4
       4
       7
       2
       6
       2
       3
       4
       3
       4
       3
       5
       5
       4
       3
       1
       3
       6
       6
       1
       5
       4
       3
       6
       2
       5
       2
       8
       7
       3
       5
       9
       4
       4
       8
       1
       6
       5
       6
       2
       3
       3
       4
      10
       7
       7
       2
       8
       6
       5
       6
       1
       4
       6
       0
       1
       4
       3
       8
       6
       3
       6
       6
       7
       4
       4
       4
       5
       4
       7
       4
       2
       2
      10
       4
       2
       2
       6
       9
       3
       1
       9
       2
       5
       4
       3
       1
       5
       2
       1
       5
       5
       2
       5
       2
       7
       3
       2
       5
       2
       4
       2
       4
       5
       3
       1
       2
       5
       5
       7
       1
       5
       6
       2
       3
       3
       4
       4
       2
       5
       4
       6
       1
       2
       6
       2
       1
       1
       5
       5
       5
       7
      11
      13
       8
      13
      13
       8
       8
       8
       4
       8
       1
       2
       6
       2
       4
       6
       9
       4
       2
       3
       2
       5
       5
       9
      10
       4
       1
       6
       8
       5
       2
       8
       3
       7
       4
       4
       4
       3
       2
       4
       5
       2
       5
       4
       3
       3
       4
       5
       4
       3
       2
       6
       1
       3
       1
       2
       7
       3
       4
       4
       3
       4
       3
       5
       1
       6
       3
       3
       5
       3
       2
       4
       3
       2
       3
       4
       1
       3
       4
       1
       3
       4
       3
       4
       2
       5
       6
       1
       3
       5
       4
       4
       3
       0
       2
       4
       4
       5
       3
       2
       4
       4
       5
       5
       3
       9
       1
       3
       3
       4
       2
       4
       3
       8
       6
       0
       2
       2
       3
       5
       3
       4
       3
       3
       4
       4
       2
       0
       4
       3
       0
       3
       8
       2
       5
       7
       4
       3
       2
       2
       5
       6
       2
       3
       5
       3
       6
       6
       3
       4
       1
       4
       1
       6
       5
       2
       2
       3
       2
       3
       1
       1
       6
       4
       2
       0
       5
       2
       2
       0
       3
       3
       7
       2
       5
       4
       6
       4
       6
       2
       5
       2
       6
       2
       9
       5
       5
       3
       1
       2
       4
       0
       0
       3
       3
       4
       1
       1
       5
       5
       2
       1
       3
       3
       2
       1
       0
       2
      10
       1
       5
       4
       7
       6
       3
       2
       2
       4
       2
       1
       3
       6
       3
       6
       2
       2
       4
       3
      16
      18
      26
      45
      60
      92
     134
     185
     243
     278
     281
     262
     243
     179
     110
      82
      34
      18
       8
       5
       8
       4
       7
       3
       5
       7
       4
       6
       2
       6
       4
       3
       4
       4
       5
       4
       5
       4
       6
       5
       1
       5
       7
      11
       2
       5
       2
       4
       0
       4
       3
       0
       5
       2
       4
       4
       2
       7
       2
       6
       3
       2
       5
       4
       5
       4
       2
       1
       1
       1
       1
       2
       5
       4
       1
       3
       3
       1
       3
       4
       3
       1
       4
       1
       3
       2
       4
       1
       2
       4
       2
       2
       3
       3
       2
       4
       1
       5
       2
       1
       0
       5
       0
       3
       7
       2
       2
       1
       1
       1
       2
       3
       2
       6
       3
       4
       5
       1
       3
       6
       4
       3
       5
       1
       4
       6
       5
       2
       3
       3
       6
       4
       2
       5
       0
       1
       1
       3
       2
       1
       3
       3
       3
       3
       4
       2
       3
       2
       4
       3
       3
       2
       1
       8
       2
       1
       4
       2
       3
       0
       2
       2
       5
       4
       2
       2
       4
       3
       2
       0
       3
       3
       1
       2
       2
       6
       4
       2
       2
       3
       0
       3
       3
       4
       1
       2
       4
       5
       5
       1
       5
       4
       5
       4
       4
       8
       5
       5
       3
       3
       4
       3
       3
       6
       4
       3
       2
       3
       4
       3
       1
       3
       0
       2
       8
       3
       2
       2
       2
       2
       2
       1
       0
       4
       2
       5
       3
       2
       4
       1
       1
       3
       4
       2
       3
       2
       3
       8
       4
       2
       1
       1
       3
       5
       4
       2
       4
       0
       2
       1
       3
       4
       1
       6
       1
       1
       3
       4
       2
       4
       1
       1
       0
       5
       3
       4
       1
       1
       1
       1
       2
       1
       2
       4
       3
       2
       3
       1
       2
       5
       4
       2
       2
       1
       1
       0
       2
       2
       0
       2
       5
       6
       1
       2
       2
       3
       4
       2
       2
       6
       0
       1
       1
       6
       2
       1
       5
       5
       0
       3
       0
       0
       1
       3
       4
       4
       3
       2
       1
       3
       1
       4
       5
       4
       3
       3
       3
       2
       1
       1
       3
       1
       1
       3
       3
       2
       3
       3
       1
       3
       1
       2
       2
       4
       1
       1
       1
       4
       1
       3
       1
       3
       1
       1
       1
       5
       2
       6
       5
       1
       3
       1
       1
       2
       2
       1
       2
       3
       0
       2
       8
       2
       0
       0
       1
       1
       3
       2
       1
       1
       4
       1
       2
       6
       2
       2
       2
       1
       3
       1
       0
       3
       4
       3
       3
       2
       3
       4
       2
       4
       2
       2
       0
       1
       2
       2
       4
       2
       3
       3
       1
       0
       2
       2
       1
       4
       0
       2
       4
       1
       3
       4
       1
       2
       1
       0
       0
       1
       2
       9
       1
       3
       3
       7
       1
       1
       3
       2
       0
       1
       0
       1
       0
       3
       2
       2
       2
       3
       2
       8
       1
       1
       2
       2
       4
       1
       1
       4
       4
       3
       2
       1
       4
       2
       3
       3
       2
       5
       3
       3
       4
       2
       4
       3
       1
       0
       3
       1
       3
       1
       3
       3
       3
       1
       1
       1
       6
       3
       0
       3
       1
       1
       1
       2
       0
       2
       2
       3
       2
       2
       3
       1
       2
       1
       1
       1
       6
       1
       3
       7
       1
       2
       1
       1
       0
       2
       3
       2
       2
       3
       2
       3
       6
       0
       3
       5
       5
      16
      13
      16
      24
      31
      28
      35
      49
      31
      28
      24
      15
       6
       3
       9
       3
       2
       3
       5
       0
       4
       0
       4
       4
       1
       2
       2
       4
       0
       0
       4
       2
       2
       4
       2
       3
       2
       4
       2
       1
       6
       1
       3
       2
       1
       2
       1
       0
       3
       1
       3
       1
       2
       0
       0
       0
       0
       3
       2
       4
       7
       3
       2
       3
       2
       3
       3
       1
       5
       0
       2
       1
       4
       2
       3
       1
       3
       2
       1
       2
       4
       3
       3
       3
       0
       1
       0
       1
       1
       1
       3
       2
       3
       2
       4
       0
       4
       1
       2
       3
       0
       2
       1
       2
       0
       4
       2
       0
       2
       1
       2
       0
       3
       4
       2
       4
       0
       1
       0
       2
       0
       1
       3
       0
       1
       2
       2
       0
       2
       1
       3
       4
       4
       3
       0
       0
       2
       1
       1
       1
       1
       0
       1
       1
       3
       0
       2
       1
       4
       2
       1
       0
       1
       2
       2
       2
       4
       3
       1
       1
       6
       0
       0
       1
       0
       0
       1
       0
       6
       2
       2
       1
       1
       1
       0
       3
       1
       1
       3
       2
       2
       0
       1
       2
       2
       2
       0
       1
       0
       1
       0
       2
       3
       2
       2
       2
       3
       3
       0
       0
       1
       2
       1
       0
       4
       3
       3
       2
       0
       4
       1
       2
       2
       2
       1
       1
       0
       1
       2
       2
       1
       1
       2
       0
       3
       1
       1
       0
       0
       3
       1
       1
       5
       2
       1
       0
       1
       2
       2
       2
       1
       0
       0
       1
       0
       2
       0
       0
       2
       1
       0
       2
       0
       2
       0
       4
       2
       0
       0
       4
       0
       3
       1
       3
       2
       3
       1
       3
       2
       3
       0
       1
       3
       0
       2
       2
       3
       2
       3
       2
       1
       2
       1
       1
       0
       2
       2
       0
       2
       1
       2
       2
       2
       0
       4
       2
       3
       4
       4
       0
       3
       4
       3
       3
       2
       4
       1
       1
       1
       3
       1
       2
       2
       1
       0
       5
       2
       0
       0
       1
       1
       1
       2
       2
       4
       2
       2
       3
       1
       3
       1
       0
       1
       3
       1
       2
       1
       1
       1
       1
       0
       1
       2
       0
       1
       4
       0
       2
       0
       1
       2
       2
       1
       1
       2
       0
       1
       1
       2
       1
       2
       0
       2
       3
       2
       1
       0
       2
       0
       3
       0
       1
       3
       2
       0
       0
       4
       1
       3
       3
       2
       0
       0
       2
       2
       5
       0
       0
       0
       1
       1
       1
       3
       4
       0
       5
       3
       1
       1
       1
       1
       1
       3
       3
       2
       1
       1
       0
       3
       1
       1
       3
       1
       0
       1
       1
       1
       2
       4
       2
       3
       1
       4
       2
       1
       2
       3
       1
       3
       3
       2
       0
       2
       0
       2
       3
       0
       0
       1
       1
       2
       1
       2
       1
       2
       0
       1
       3
       0
       4
       1
       2
       3
       1
       0
       3
       2
       0
       3
       1
       0
       4
       1
       1
       4
       1
       3
       1
       1
       1
       5
       4
       3
       1
       2
       1
       0
       1
       2
       0
       0
       3
       1
       4
       0
       0
       2
       2
       2
       2
       0
       0
       1
       0
       0
       1
       2
       2
       1
       0
       2
       2
       1
       0
       4
       1
       0
       2
       1
       2
       1
       0
       1
       1
       2
       0
       0
       0
       2
       2
       2
       1
       2
       3
       6
       2
       1
       3
       1
       0
       1
       2
       4
       3
       0
       2
       1
       0
       1
       1
       3
       3
       3
       3
       2
       3
       0
       2
       2
       4
       2
       1
       0
       4
       2
       0
       0
       4
       1
       1
       0
       2
       2
       0
       1
       1
       4
       1
       0
       1
       1
       2
       2
       0
       1
       3
       0
       1
       2
       1
       2
       0
       0
       1
       0
       1
       2
       2
       3
       1
       0
       1
       1
       1
       1
       4
       1
       1
       1
       0
       1
       2
       0
       0
       0
       0
       1
       1
       2
       2
       3
       1
       1
       0
       0
       0
       1
       0
       1
       3
       4
       0
       1
       1
       1
       3
       2
       2
       2
       2
       1
       1
       0
       1
       0
       0
       2
       3
       1
       3
       2
       1
       2
       2
       1
       0
       2
       1
       0
       0
       2
       3
       1
       0
       0
       1
       2
       0
       2
       4
       0
       1
       2
       1
       0
       3
       1
       1
       0
       0
       1
       3
       2
       1
       2
       0
       1
       1
       0
       1
       4
       1
       0
       0
       0
       2
       1
       0
       1
       1
       2
       2
       2
       0
       2
       1
       2
       0
       1
       4
       3
       1
       2
       3
       2
       0
       0
       1
       0
       0
       0
       0
       0
       1
       4
       1
       1
       1
       1
       1
       2
       2
       1
       3
       2
       1
       1
       0
       0
       1
       1
       0
       1
       0
       3
       1
       4
       2
       2
       2
       1
       0
       1
       2
       0
       0
       2
       0
       0
       0
       0
       0
       1
       0
       1
       1
       1
       0
       1
       0
       2
       1
       1
       2
       2
       2
       0
       1
       4
       2
       1
       0
       1
       2
       1
       1
       0
       1
       1
       0
       3
       3
       0
       3
       0
       0
       1
       2
       1
       1
       0
       1
       1
       4
       0
       0
       0
       3
       1
       3
       0
       3
       1
       0
       2
       0
       1
       2
       0
       2
       1
       1
       0
       1
       0
       0
       3
       0
       0
       0
       0
       2
       1
       3
       2
       3
       2
       0
       0
       2
       0
       1
       0
       0
       1
       0
       3
       3
       3
       1
       2
       1
       0
       0
       0
       1
       2
       1
       3
       3
       0
       1
       2
       1
       1
       4
       0
       2
       1
       1
       2
       0
       1
       0
       2
       1
       2
       2
       2
       1
       0
       1
       0
       0
       2
       3
       3
       2
       1
       0
       1
       1
       1
       0
       2
       1
       1
       3
       1
       0
       1
       3
       2
       3
       2
       1
       1
       0
       1
       2
       1
       1
       0
       1
       1
       2
       1
       3
       0
       1
       2
       0
       3
       1
       1
       0
       1
       2
       1
       1
       0
       0
       0
       1
       1
       2
       0
       2
       4
       2
       0
       0
       1
       1
       0
       0
       2
       2
       2
       1
       2
       1
       0
       1
       1
       0
       1
       0
       0
       0
       0
       1
       0
       0
       1
       0
       1
       3
       0
       0
       1
       1
       0
       2
       0
       0
       0
       0
       1
       2
       1
       0
       2
       2
       3
       1
       2
       2
       1
       3
       0
       1
       0
       0
       1
       0
       0
       0
       1
       0
       2
       2
       0
       4
       0
       0
       2
       0
       0
       1
       0
       1
       1
       3
       1
       0
       4
       0
       0
       0
       2
       2
       3
       1
       0
       0
       3
       0
       4
       1
       0
       3
       0
       2
       1
       0
       1
       0
       0
       0
       2
       2
       0
       1
       1
       1
       3
       2
       1
       1
       2
       1
       1
       0
       0
       0
       0
       0
       1
       0
       1
       1
       0
       3
       2
       1
       3
       0
       1
       1
       0
       0
       1
       1
       0
       0
       0
       0
       4
       0
       0
       0
       0
       0
       1
       1
       1
       2
       0
       1
       3
       2
       1
       0
       1
       0
       3
       0
       0
       3
       0
       1
       1
       2
       0
       0
       2
       1
       3
       1
       3
       3
       1
       2
       6
       1
       3
       1
       3
       2
       1
       0
       1
       1
       0
       1
       3
       1
       0
       1
       2
       1
       0
       0
       2
       2
       1
       0
       0
       1
       2
       1
       2
       1
       0
       1
       2
       0
       1
       0
       1
       1
       1
       0
       1
       0
       1
       1
       0
       1
       0
       1
       0
       0
       0
       0
       1
       0
       2
       0
       3
       1
       1
       2
       1
       3
       0
       3
       2
       1
       0
       0
       0
       0
       0
       2
       1
       0
       0
       1
       2
       1
       1
       1
       2
       1
       1
       5
       0
       0
       0
       0
       0
       0
       0
       0
       2
       0
       0
       1
       0
       0
       0
       0
       1
       1
       3
       1
       0
       0
       0
       3
       0
       0
       0
       0
       1
       0
       2
       0
       0
       1
       0
       0
       2
       0
       1
       0
       0
       1
       4
       2
       1
       2
       2
       2
       3
       1
       1
       3
       5
       4
       1
       4
      10
       8
       4
       6
       2
       2
       4
       4
       2
       2
       1
       0
       1
       0
       1
       2
       0
       2
       2
       2
       2
       0
       0
       0
       1
       1
       2
       1
       0
       1
       0
       1
       0
       1
       1
       0
       2
       2
       1
       0
       1
       0
       0
       4
       1
       1
       0
       0
       0
       1
       1
       2
       2
       1
       0
       0
       1
       0
       1
       2
       0
       3
       0
       1
       1
       1
       1
       0
       1
       0
       0
       0
       0
       1
       0
       0
       1
       0
       0
       0
       2
       0
       0
       2
       0
       1
       0
       0
       0
       2
       2
       0
       0
       0
       0
       4
       0
       1
       1
       0
       2
       0
       0
       0
       1
       3
       2
       1
       1
       0
       1
       0
       1
       0
       2
       1
       2
       0
       0
       1
       1
       0
       2
       1
       1
       2
       0
       1
       2
       0
       0
       0
       1
       0
       1
       0
       0
       0
       1
       0
       0
       1
       0
       1
       2
       0
       0
       2
       0
       1
       1
       0
       0
       0
       0
       1
       0
       0
       2
       1
       0
       2
       0
       1
       1
       0
       0
       1
       0
       3
       0
       2
       0
       1
       0
       0
       0
       1
       1
       0
       0
       1
       0
       1
       0
       0
       0
       0
       2
       1
       0
       1
       0
       1
       2
       0
       0
       3
       2
       0
       2
       0
       0
       1
       2
       2
       0
       2
       1
       2
       0
       2
       0
       0
       0
       0
       0
       0
       1
       0
       0
       0
       1
       0
       4
       2
       1
       1
       0
       1
       0
       0
       0
       0
       0
       0
       1
       0
       2
       0
       0
       1
       2
       0
       1
       1
       0
       0
       0
       3
       1
       1
       0
       2
       0
       0
       1
       2
       1
       2
       1
       1
       1
       0
       1
       1
       1
       0
       1
       0
       1
       1
       1
       1
       1
       0
       2
       0
       3
       2
       0
       2
       1
       2
       1
       0
       0
       0
       0
       1
       1
       0
       2
       0
       0
       3
       1
       0
       3
       0
       1
       0
       3
       1
       0
       1
       1
       1
       0
       3
       0
       1
       1
       1
       2
       2
       0
       0
       0
       2
       0
       0
       2
       0
       2
       0
       1
       5
       0
       1
       1
       2
       0
       1
       1
       2
       2
       2
       0
       1
       1
       3
       1
       1
       2
       1
       2
       0
       1
       2
       1
       1
       2
       1
       1
       0
       2
       0
       2
       2
       0
       2
       1
       1
       2
       0
       0
       0
       0
       0
       0
       2
       1
       0
       0
       1
       2
       1
       1
       2
       0
       4
       2
       0
       1
       0
       2
       0
       1
       0
       1
       1
       1
       1
       0
       0
       1
       1
       0
       1
       0
       0
       1
       2
       2
       1
       2
       0
       0
       1
       1
       2
       0
       0
       0
       0
       1
       0
       0
       0
       1
       1
       0
       2
       1
       1
       0
       2
       2
       1
       0
       0
       0
       1
       0
       0
       1
       0
       1
       0
       1
       1
       1
       1
       1
       3
       0
       2
       1
       1
       2
       0
       0
       0
       0
       0
       1
       1
       0
       0
       1
       0
       0
       0
       0
       0
       1
       1
       1
       1
       0
       1
       0
       0
       0
       1
       0
       0
       1
       1
       3
       0
       0
       1
       1
       1
       1
       1
       2
       1
       1
       0
       0
       1
       2
       0
       0
       1
       1
       2
       2
       0
       0
       1
       1
       1
       0
       0
       1
       0
       0
       1
       1
       1
       0
       2
       0
       0
       0
       4
       0
       0
       2
       0
       0
       0
       0
       1
       1
       0
       1
       1
       1
       2
       1
       1
       1
       0
       1
       1
       0
       0
       0
       1
       2
       2
       0
       0
       0
       0
       2
       1
       1
       0
       1
       2
       0
       1
       0
       0
       1
       1
       0
       0
       1
       0
       0
       1
       0
       1
       2
       1
       0
       1
       0
       2
       0
       0
       1
       0
       0
       0
       2
       0
       1
       1
       2
       0
       0
       3
       0
       0
       2
       0
       1
       0
       1
       1
       0
       0
       1
       0
       1
       0
       1
       2
       0
       1
       0
       0
       0
       1
       1
       1
       2
       2
       0
       1
       0
       1
       1
       1
       1
       1
       1
       1
       1
       0
       1
       1
       1
       0
       0
       0
       0
       2
       0
       1
       0
       0
       0
       0
       1
       0
       1
       1
       0
       0
       0
       1
       1
       1
       0
       1
       2
       0
       0
       1
       0
       0
       0
       0
       1
       1
       1
       0
       1
       0
       1
       0
       1
       0
       0
       2
       0
       0
       0
       2
       1
       1
       2
       1
       1
       1
       1
       0
       0
       0
       1
       1
       1
       0
       2
       1
       0
       0
       0
       0
       2
       1
       2
       0
       1
       2
       2
       0
       0
       0
       1
       0
       0
       2
       2
       0
       1
       1
       1
       0
       1
       1
       0
       3
       1
       1
       0
       0
       0
       3
       1
       0
       2
       1
       1
       0
       0
       0
       0
       1
       0
       3
       3
       3
       0
       0
       0
       1
       2
       0
       2
       0
       0
       0
       2
       0
       0
       1
       1
       0
       1
       2
       2
       0
       2
       0
       0
       0
       1
       0
       1
       1
       0
       0
       1
       1
       1
       0
       0
       0
       0
       3
       0
       0
       0
       1
       1
       1
       0
       0
       0
       0
       0
       3
       0
       1
       2
       0
       0
       1
       1
       2
       0
       1
       0
       1
       0
       0
       1
       3
       2
       0
       2
       1
       2
       0
       0
       1
       1
       0
       0
       0
       2
       0
       2
       0
       1
       0
       0
       0
       0
       1
       0
       1
       0
       0
       0
       0
       1
       0
       1
       3
       0
       0
       0
       1
       0
       2
       1
       0
       1
       0
       1
       0
       0
       1
       0
       1
       0
       1
       0
       2
       0
       0
       1
       1
       0
       1
       0
       0
       0
       1
       0
       0
       0
       0
       0
       0
       0
       0
       0
       0
       0
       0
       0
       0
       0
       0
       0
       0
       0
       0
       0
       0
       0
       0
       0
       0
       0
       0
       0
       0
       0
       0
       0
       0
       0
       0
       0
       0
       0
       0
       0
       0
       0
       0
       0
       0
       0
       0
       0
       0
       0
       0
       0
       0
       0
       0
       0
       0
       0
       0
       0
       0
       0
       0
       0
       0
       0
       0
       0
       0
       0
       0
       0
       0
       0
       0
       0
       0
       0
       0
       0
       0
       0
       0
       0
       0
       0
       0
       0
       0
       0
       0
       0
       0
       0
       0
       0
       0
       0
       0
       0
       0
       0
       0
       0
       0
       0
       0
       0
       0
       0
       0
       0
       0
       0
       0
       0
       0
       0
       0
       0
       0
       0
       0
       0
       0
       0
       0
       0
       0
$ROI:
2
1936 2287
5338 5513
$PRESETS:
Integral
500000
0
$ENER_FIT:
0.000000 0.245432
$MCA_CAL:
3
0.000000E+000 2.454316E-001 0.000000E+000 keV
$SHAPE_CAL:
3
7.465718E+000 0.000000E+000 0.000000E+000
