$SPEC_ID:
No sample description was entered.
$SPEC_REM:
DET# 1
DETDESC# BUNCHER Easy-MCA-8k SN 9051292
AP# Maestro Version 6.08
$DATE_MEA:
07/26/2019 15:42:10
$MEAS_TIM:
333 423
$DATA:
0 8191
       0
       0
       0
       0
       0
       0
       0
       0
       0
       0
       0
       0
       0
       0
       0
       0
       0
       0
       0
       2
      11
      60
     470
    1451
    2828
    4367
    5242
   12043
    6279
     424
     249
     117
     289
     822
    1606
    1909
    1987
    1727
    1556
    1358
    1390
    1380
    1377
    1382
    1405
    1416
    1406
    1409
    1405
    1407
    1349
    1382
    1311
    1320
    1362
    1305
    1297
    1255
    1309
    1162
    1193
    1207
    1230
    1212
    1248
    1185
    1254
    1153
    1178
    1172
    1223
    1163
    1164
    1107
    1135
    1109
    1127
    1132
    1064
    1125
    1085
    1108
    1143
    1091
    1096
    1065
    1052
    1066
    1009
    1031
    1088
    1053
     996
    1050
    1027
     984
    1097
    1065
    1015
     945
    1011
    1038
     986
    1008
     953
    1011
    1006
     946
     987
     963
     992
     951
     955
     924
     979
     897
     933
     991
     941
     950
     948
     963
     938
     955
     969
     892
     938
     948
     901
     898
     959
     930
     917
     920
     891
     906
     928
     875
     867
     897
     910
     961
     928
     875
     898
     884
     892
     866
     910
     840
     890
     868
     905
     897
     861
     827
     861
     866
     940
     865
     907
     914
     882
     920
     892
     835
     879
     874
     873
     894
     862
     835
     854
     876
     846
     841
     902
     852
     895
     864
     840
     897
     849
     882
     812
     838
     869
     859
     879
     888
     898
     859
     828
     882
     803
     899
     826
     826
     856
     822
     821
     825
     894
     879
     828
     808
     820
     844
     877
     850
     873
     889
     897
     851
     868
     887
     862
     891
     868
     845
     837
     834
     851
     838
     838
     855
     877
     867
     878
     832
     870
     834
     845
     894
     859
     861
     856
     873
     889
     863
     936
     941
     857
     883
     828
     838
     922
     852
     858
     856
     892
     907
     923
     843
     873
     906
     858
     917
     896
     889
     900
     911
     858
     913
     881
     898
     905
     913
     898
     922
     959
     950
     853
     904
     971
     961
     869
     871
     934
     889
     898
     958
     907
     873
     880
     955
     960
     880
     980
     945
     937
    1004
     966
    1083
    1068
    1111
    1041
     987
     920
     993
    1030
    1143
    1199
    1235
    1147
    1120
     955
     960
     990
     943
     934
    1035
    1003
     980
     979
     986
     968
    1003
    1031
     979
    1031
     958
    1053
    1021
    1006
    1013
    1059
     980
    1056
     992
    1036
     985
    1025
    1079
     956
    1032
     992
    1058
    1035
    1071
    1180
    1167
    1208
    1267
    1230
    1114
    1094
    1086
    1110
    1103
    1038
    1139
    1081
    1149
    1134
    1087
    1127
    1066
    1049
    1084
    1026
    1063
    1023
    1100
    1053
    1038
    1096
    1083
    1128
    1113
    1119
    1088
    1132
    1072
    1064
    1112
    1142
    1080
    1086
    1087
    1082
    1136
    1110
    1124
    1080
    1053
    1139
    1107
    1129
    1083
    1094
    1141
    1089
    1113
    1105
    1173
    1111
    1084
    1134
    1083
    1135
    1179
    1113
    1113
    1174
    1212
    1167
    1185
    1100
    1140
    1155
    1151
    1116
    1185
    1196
    1119
    1118
    1133
    1176
    1091
    1117
    1179
    1193
    1155
    1209
    1168
    1243
    1160
    1144
    1218
    1163
    1226
    1206
    1195
    1153
    1202
    1130
    1174
    1209
    1202
    1168
    1212
    1269
    1233
    1179
    1219
    1174
    1220
    1179
    1199
    1247
    1217
    1185
    1281
    1182
    1212
    1251
    1162
    1253
    1292
    1164
    1233
    1222
    1230
    1233
    1272
    1187
    1206
    1182
    1223
    1202
    1225
    1167
    1170
    1260
    1232
    1195
    1218
    1185
    1238
    1208
    1173
    1253
    1227
    1207
    1270
    1238
    1177
    1182
    1212
    1209
    1161
    1158
    1256
    1203
    1220
    1196
    1174
    1239
    1249
    1195
    1195
    1176
    1279
    1175
    1114
    1224
    1220
    1226
    1215
    1260
    1249
    1213
    1233
    1185
    1256
    1232
    1211
    1145
    1221
    1202
    1187
    1119
    1149
    1175
    1147
    1140
    1248
    1141
    1240
    1205
    1149
    1150
    1118
    1172
    1206
    1209
    1179
    1190
    1206
    1105
    1182
    1186
    1177
    1154
    1182
    1211
    1139
    1136
    1160
    1208
    1192
    1183
    1149
    1157
    1217
    1133
    1170
    1228
    1220
    1107
    1161
    1164
    1122
    1188
    1255
    1188
    1229
    1168
    1133
    1198
    1158
    1132
    1200
    1199
    1221
    1191
    1127
    1119
    1259
    1149
    1235
    1118
    1187
    1136
    1160
    1161
    1256
    1170
    1160
    1155
    1180
    1168
    1162
    1181
    1187
    1187
    1195
    1132
    1213
    1204
    1172
    1117
    1140
    1136
    1151
    1214
    1142
    1125
    1123
    1090
    1174
    1139
    1163
    1098
    1134
    1136
    1141
    1122
    1123
    1163
    1091
    1143
    1167
    1118
    1143
    1161
    1129
    1136
    1107
    1056
    1169
    1106
    1101
    1171
    1166
    1144
    1083
    1212
    1113
    1110
    1125
    1193
    1134
    1163
    1113
    1143
    1095
    1161
    1107
    1144
    1126
    1191
    1097
    1175
    1148
    1109
    1196
    1147
    1179
    1124
    1173
    1136
    1142
    1101
    1213
    1147
    1122
    1151
    1137
    1182
    1174
    1144
    1122
    1172
    1200
    1112
    1110
    1126
    1226
    1148
    1157
    1159
    1172
    1161
    1140
    1142
    1132
    1174
    1155
    1162
    1253
    1206
    1172
    1250
    1226
    1194
    1241
    1202
    1228
    1266
    1229
    1299
    1179
    1229
    1202
    1215
    1231
    1220
    1221
    1281
    1220
    1280
    1173
    1217
    1144
    1182
    1224
    1161
    1145
    1186
    1160
    1227
    1182
    1214
    1151
    1150
    1162
    1093
    1091
    1149
    1160
    1092
    1106
    1082
    1125
    1112
    1172
    1142
    1115
    1132
    1163
    1115
    1133
    1064
    1121
    1095
    1132
    1092
    1102
    1091
    1108
    1057
    1153
    1107
    1088
    1162
    1111
    1010
    1102
    1110
    1027
    1103
    1086
    1023
    1003
    1015
    1140
    1001
    1067
    1036
    1062
    1023
    1003
    1063
    1041
    1026
    1002
    1046
    1024
    1078
    1035
     977
     963
     984
    1009
    1052
     997
    1040
     994
     954
    1013
    1050
     978
    1037
     973
    1037
     993
     969
     958
     966
    1005
     972
     966
     956
    1015
     950
     932
    1004
     967
     985
     921
     942
     963
     972
     972
     983
     953
     916
     940
     922
     947
     980
     959
     908
     983
     989
     980
     872
     902
     953
     965
     945
     967
     964
     877
     920
     964
     948
     913
     922
     918
     985
     925
     935
     927
     943
     963
     995
     913
     918
     940
     949
     911
     958
     946
     982
     861
     924
     936
     917
     906
     900
     965
     850
     904
     909
     959
     889
     957
     901
     941
     914
     925
     905
     881
     930
     835
     956
     927
     912
     939
     898
     915
     896
     881
     892
     915
     897
     902
     912
     901
     916
     941
     851
     885
     923
     947
     918
     911
     934
     869
     938
     925
     959
     891
     922
     916
     923
     829
     887
     895
     891
     911
     874
     925
     916
     903
     929
     916
     900
     882
     900
     896
     869
     862
     896
     931
     877
     907
     839
     873
     921
     831
     896
     911
     830
     896
     910
     867
     886
     874
     888
     891
     889
     875
     902
     866
     863
     885
     891
     895
     900
     896
     924
     851
     867
     885
     879
     863
     860
     855
     845
     879
     888
     873
     851
     886
     875
     899
     865
     951
     898
     834
     896
     925
     893
     875
     889
     917
     833
     907
     888
     943
     906
     880
     928
     908
     876
     863
     874
     881
     928
     861
     873
     899
     932
     856
     887
     918
     889
     838
     846
     869
     950
     883
     845
     869
     861
     875
     895
     886
     852
     884
     885
     867
     882
     860
     868
     897
     887
     929
     853
     859
     861
     857
     844
     867
     928
     861
     877
     879
     860
     908
     921
     841
     859
     860
     860
     864
     900
     851
     887
     879
     877
     838
     867
     872
     862
     871
     887
     929
     914
     888
     885
     893
     888
     852
     877
     909
     912
     921
     838
     870
     896
     887
     863
     857
     852
     864
     830
     898
     909
     887
     929
     897
     910
     844
     899
     843
     853
     858
     874
     844
     862
     827
     891
     895
     918
     903
     884
     884
     907
     856
     917
     844
     930
     880
     884
     862
     906
     894
     862
     901
     897
     880
     945
     911
     912
     940
     959
     925
     891
     919
     886
     905
     913
     927
     903
     899
     905
     909
     905
     867
     917
     864
     886
     852
     915
     912
     897
     844
     936
     916
     902
     888
     948
     868
     934
     885
     861
     878
     867
     872
     927
     861
     935
     907
     943
     941
     923
     859
     879
     891
     925
     909
     920
     891
     906
     975
     932
     909
     906
     827
     924
     914
     862
     965
     928
     886
     967
     917
     990
     958
     950
     907
     890
    1000
     992
     909
     935
     901
     946
     961
     945
     958
     905
     941
     926
     946
     936
     975
    1008
     975
     952
     887
     948
     948
     958
     948
     914
     976
     939
     965
     952
     950
     964
     961
     920
     942
     956
     922
     951
     891
     969
     916
     918
     930
     872
     980
     927
     943
     941
     952
     943
     937
     950
     929
     993
     993
     993
     961
     961
     967
     945
     953
     979
     951
     962
     916
    1033
     939
     962
     949
     952
     960
     958
     970
    1015
     971
     997
     945
     961
     976
     952
     976
     979
    1003
     995
    1015
     974
    1108
    1010
    1002
    1004
     999
    1003
     995
    1001
    1018
     962
    1036
     972
    1004
    1007
     995
     973
    1015
     979
    1021
     981
    1020
    1001
     977
     957
    1051
    1018
    1021
     967
     999
    1013
    1065
    1061
    1007
    1053
     980
    1042
    1074
    1001
     987
    1035
     993
    1094
    1028
     978
    1076
    1019
     960
    1022
    1043
    1103
    1084
    1042
    1069
    1046
    1017
    1000
    1085
    1061
    1035
    1054
    1031
    1057
    1044
    1091
    1074
    1089
    1069
    1063
    1027
    1032
    1049
    1047
     978
    1023
    1025
    1096
    1081
    1061
    1043
    1103
    1069
    1065
    1064
    1071
    1099
    1004
    1090
    1051
    1047
    1095
    1093
    1049
    1027
    1092
    1112
    1031
    1036
    1050
     994
    1064
    1015
    1047
    1064
    1006
     987
    1067
    1008
    1068
    1032
     994
    1033
    1010
    1034
    1008
    1000
     997
     994
    1005
     942
     952
     999
     915
     965
     963
     955
     887
     882
     863
     850
     926
     826
     872
     865
     919
     837
     838
     803
     770
     819
     764
     846
     839
     767
     821
     745
     744
     697
     757
     799
     747
     747
     754
     766
     695
     727
     732
     694
     731
     762
     728
     696
     677
     705
     737
     673
     685
     689
     757
     686
     704
     730
     757
     706
     712
     718
     685
     721
     726
     639
     704
     625
     627
     701
     665
     682
     663
     697
     623
     650
     674
     636
     629
     616
     650
     633
     683
     676
     610
     656
     656
     695
     655
     687
     622
     631
     628
     643
     599
     585
     611
     609
     635
     601
     634
     624
     647
     555
     665
     617
     600
     569
     616
     629
     606
     614
     593
     604
     605
     577
     568
     589
     558
     571
     627
     581
     583
     612
     584
     608
     569
     572
     585
     588
     570
     593
     584
     553
     587
     560
     603
     553
     566
     545
     572
     513
     572
     592
     566
     547
     540
     600
     583
     502
     608
     536
     522
     534
     567
     542
     529
     524
     510
     554
     530
     578
     544
     557
     534
     591
     543
     505
     564
     583
     548
     542
     546
     534
     528
     592
     550
     526
     546
     559
     543
     533
     509
     560
     515
     575
     479
     508
     517
     522
     508
     522
     536
     467
     538
     529
     523
     498
     518
     486
     515
     508
     520
     498
     495
     488
     485
     473
     481
     495
     476
     485
     497
     495
     492
     504
     503
     503
     465
     443
     516
     490
     472
     495
     481
     450
     466
     485
     503
     467
     475
     449
     463
     484
     447
     453
     416
     476
     467
     418
     445
     479
     426
     450
     431
     492
     476
     469
     469
     454
     413
     443
     459
     446
     457
     464
     444
     476
     452
     453
     448
     425
     430
     431
     452
     472
     519
     458
     456
     436
     446
     437
     449
     445
     439
     435
     467
     410
     434
     412
     439
     416
     457
     447
     430
     425
     426
     409
     434
     454
     464
     452
     451
     410
     439
     462
     437
     430
     407
     425
     464
     447
     427
     426
     410
     401
     432
     438
     361
     392
     421
     429
     424
     392
     420
     409
     411
     419
     425
     436
     403
     446
     370
     428
     448
     451
     422
     444
     417
     453
     421
     442
     398
     394
     426
     422
     432
     377
     438
     399
     442
     422
     439
     441
     384
     392
     431
     424
     415
     424
     425
     420
     435
     399
     427
     418
     403
     392
     387
     435
     445
     436
     468
     447
     409
     415
     412
     398
     413
     446
     404
     408
     401
     407
     374
     419
     426
     397
     406
     406
     425
     455
     413
     407
     375
     427
     384
     396
     402
     426
     391
     431
     388
     453
     438
     425
     373
     396
     387
     403
     404
     414
     415
     403
     420
     375
     386
     429
     381
     386
     367
     419
     411
     354
     380
     404
     472
     377
     387
     390
     403
     391
     432
     411
     441
     400
     418
     381
     394
     378
     407
     386
     401
     392
     421
     372
     380
     381
     383
     368
     394
     410
     411
     386
     416
     368
     397
     432
     400
     414
     371
     393
     394
     409
     384
     371
     399
     424
     389
     387
     404
     405
     386
     374
     398
     400
     383
     392
     383
     411
     383
     414
     413
     359
     380
     375
     423
     382
     369
     380
     405
     430
     407
     368
     388
     376
     394
     426
     396
     425
     407
     352
     378
     401
     398
     403
     361
     361
     348
     389
     369
     424
     366
     434
     361
     381
     360
     377
     393
     384
     377
     410
     400
     377
     330
     352
     397
     360
     373
     410
     408
     355
     373
     381
     380
     371
     376
     397
     408
     395
     369
     381
     377
     374
     383
     386
     361
     395
     370
     428
     419
     369
     378
     368
     383
     386
     387
     379
     359
     319
     369
     380
     381
     410
     376
     381
     378
     349
     384
     404
     376
     359
     364
     371
     406
     363
     371
     365
     386
     383
     387
     375
     382
     355
     430
     380
     415
     388
     380
     399
     392
     388
     367
     374
     361
     360
     318
     401
     351
     360
     361
     398
     364
     364
     392
     356
     357
     394
     366
     352
     386
     381
     361
     352
     385
     369
     333
     362
     402
     384
     360
     338
     383
     396
     332
     359
     387
     349
     344
     347
     370
     357
     370
     353
     372
     401
     371
     387
     403
     342
     360
     425
     354
     361
     385
     380
     350
     387
     385
     377
     391
     396
     369
     338
     365
     381
     370
     368
     346
     359
     416
     365
     376
     379
     342
     373
     359
     364
     374
     382
     363
     375
     369
     348
     377
     401
     340
     384
     384
     383
     386
     400
     389
     413
     368
     407
     375
     433
     434
     447
     475
     477
     512
     572
     504
     585
     666
     782
     864
    1088
    1338
    1498
    1996
    2380
    2885
    3797
    4770
    5987
    7783
    9635
   12098
   15259
   18495
   21780
   24630
   27429
   29362
   30025
   29774
   28142
   25631
   22751
   19387
   15790
   12552
    9971
    7950
    6183
    4689
    3614
    2900
    2184
    1711
    1323
    1080
     898
     741
     624
     520
     477
     453
     374
     339
     327
     298
     287
     258
     262
     282
     279
     262
     213
     241
     237
     223
     221
     205
     218
     176
     197
     210
     206
     209
     194
     214
     212
     165
     165
     204
     196
     189
     169
     204
     160
     170
     195
     167
     155
     161
     163
     172
     157
     166
     164
     163
     144
     147
     154
     150
     147
     148
     170
     148
     157
     155
     135
     147
     140
     136
     162
     139
     155
     148
     133
     142
     118
     122
     148
     153
     119
     140
     156
     129
     131
     152
     110
     137
     142
     139
     129
     139
     131
     120
     129
     158
     122
     110
     120
     124
     135
     132
     126
     121
     119
      96
     122
     133
     121
     125
     116
     115
     112
     112
     107
     124
     118
     111
     113
     115
     112
      99
      91
     122
     119
     121
     126
     110
     119
     115
     119
     110
     117
     122
     115
     101
     115
     107
     105
     113
     109
     107
     127
      96
     102
     130
     109
     112
     112
     111
      91
     146
      94
      96
     124
      92
      90
     105
      90
     103
     110
     101
     100
     101
      97
     113
     106
     104
     119
      95
     107
      88
      89
     104
     100
     102
     117
      88
     113
     110
      99
      97
      83
      95
     100
      98
     106
     121
     111
      96
      85
     102
      99
      88
      79
      99
     100
      80
      91
      84
     104
      96
     106
      75
     110
      92
      92
      82
      83
      84
     101
     102
     101
      99
      98
     103
      84
      92
      93
      86
      95
      90
      93
      81
      88
      83
      82
     100
     103
      79
      97
      88
      96
      82
      95
      82
      95
      88
      85
      83
      87
      93
      93
      95
      89
     103
     110
      91
      84
      81
      84
      95
      79
      97
      83
      79
      68
      93
      91
     106
      74
      81
      85
     105
      85
      86
     100
      83
      82
      87
      78
      91
      86
      98
      94
     101
      87
      73
      98
      75
     105
      95
      85
      84
      87
      92
      95
      72
      66
      90
      93
      82
      83
      79
      86
      94
      68
      86
      94
      89
      94
      67
      88
      77
      67
      72
      71
      91
      90
      80
      91
      74
      78
      66
      83
      81
      62
      70
      92
      80
      74
      77
      87
      83
      95
      88
      71
      72
      95
      77
      75
     101
      86
      67
      71
      81
      83
      74
      81
      68
      73
      80
     103
      83
      83
      74
      80
      75
      92
      82
      70
      92
      89
      76
      82
      83
      79
      83
      72
      68
      90
      78
      95
      75
      99
      69
      88
      89
      72
      78
      85
      73
      61
      63
      77
      75
      79
      81
      91
      77
      67
      71
      85
      74
      81
      93
     102
      91
     134
     129
     105
     100
     100
      70
      76
      86
      88
      74
      75
      83
      74
      76
      89
      73
      70
      70
      72
      72
      52
      67
      71
      64
      77
      72
      86
      82
      71
      74
      62
      66
      76
      78
      78
      78
      69
      77
      67
      76
      73
      77
      72
      72
      76
      57
      62
      69
      62
      82
      75
      70
      74
      64
      61
      65
      69
      80
      57
      56
      71
      48
      65
      66
      71
      82
      76
      74
      75
      77
      70
      65
      62
      63
      61
      61
      65
      75
      73
      66
      77
      58
      61
      69
      74
      65
      58
      67
      69
      74
      71
      56
      62
      60
      66
      63
      68
      63
      52
      87
      67
      74
      76
      56
      69
      63
      67
      68
      66
      68
      72
      60
      66
      68
      61
      53
      49
      55
      64
      72
      72
      81
      76
      55
      68
      55
      65
      70
      58
      60
      58
      71
      70
      80
      59
      61
      71
      57
      60
      53
      57
      72
      68
      56
      51
      62
      70
      56
      59
      60
      60
      55
      59
      62
      73
      55
      62
      79
      73
      70
      69
      56
      48
      61
      74
      51
      66
      67
      78
      69
      64
      59
      65
      68
      53
      67
      40
      55
      66
      73
      58
      74
      63
      60
      61
      50
      49
      51
      52
      60
      60
      66
      62
      63
      51
      76
      58
      61
      54
      56
      66
      57
      64
      62
      59
      50
      52
      75
      53
      55
      44
      62
      55
      66
      64
      56
      56
      57
      51
      50
      60
      53
      54
      61
      51
      60
      59
      55
      50
      54
      56
      53
      59
      54
      55
      52
      64
      64
      57
      51
      59
      55
      48
      47
      59
      64
      51
      53
      47
      52
      54
      65
      57
      67
      51
      54
      63
      55
      47
      55
      47
      64
      62
      48
      58
      47
      65
      58
      53
      45
      54
      37
      50
      56
      48
      54
      59
      54
      46
      54
      44
      60
      45
      49
      57
      50
      45
      62
      57
      46
      45
      54
      54
      47
      54
      53
      49
      56
      59
      58
      53
      47
      53
      45
      61
      60
      46
      42
      72
      56
      47
      42
      48
      54
      60
      47
      60
      58
      41
      54
      46
      64
      56
      62
      52
      40
      37
      54
      49
      50
      57
      46
      56
      62
      46
      49
      52
      39
      44
      43
      46
      46
      45
      55
      44
      44
      50
      60
      49
      58
      53
      52
      51
      53
      54
      56
      54
      54
      55
      53
      39
      44
      39
      58
      46
      43
      47
      41
      40
      60
      40
      53
      47
      56
      45
      47
      43
      34
      40
      47
      50
      52
      55
      45
      46
      55
      49
      49
      45
      44
      51
      35
      46
      39
      48
      50
      40
      41
      50
      49
      51
      56
      53
      53
      49
      34
      43
      44
      60
      44
      56
      42
      47
      43
      39
      52
      50
      37
      39
      45
      37
      43
      38
      48
      44
      58
      54
      40
      50
      49
      43
      56
      54
      40
      53
      48
      40
      41
      49
      30
      51
      46
      35
      51
      45
      32
      57
      47
      44
      40
      40
      50
      55
      42
      51
      39
      40
      41
      39
      38
      40
      41
      52
      50
      46
      44
      42
      33
      56
      38
      33
      55
      48
      40
      44
      47
      43
      43
      37
      58
      47
      38
      47
      33
      41
      47
      45
      44
      48
      44
      44
      30
      38
      40
      39
      29
      33
      40
      39
      48
      43
      43
      52
      47
      35
      37
      41
      38
      43
      41
      44
      49
      43
      41
      41
      53
      38
      42
      48
      38
      36
      34
      54
      46
      44
      48
      32
      48
      44
      53
      30
      36
      40
      38
      34
      33
      32
      50
      44
      38
      31
      47
      35
      31
      46
      42
      43
      39
      42
      36
      46
      29
      45
      45
      41
      44
      43
      43
      45
      40
      44
      41
      49
      47
      26
      39
      37
      36
      50
      47
      40
      37
      40
      36
      45
      37
      48
      35
      43
      38
      50
      38
      35
      57
      40
      40
      35
      41
      44
      38
      35
      25
      41
      34
      40
      34
      38
      37
      26
      35
      49
      31
      42
      41
      42
      42
      49
      34
      35
      27
      48
      49
      42
      35
      41
      29
      36
      29
      30
      48
      37
      46
      25
      35
      35
      34
      35
      40
      35
      54
      28
      36
      33
      33
      30
      33
      40
      40
      38
      47
      37
      34
      39
      46
      35
      39
      42
      40
      35
      44
      56
      29
      51
      36
      27
      51
      34
      34
      42
      37
      34
      34
      32
      45
      30
      31
      44
      36
      33
      37
      43
      32
      31
      26
      36
      44
      38
      43
      31
      36
      35
      42
      32
      33
      34
      38
      33
      31
      35
      46
      45
      37
      41
      35
      43
      41
      32
      34
      42
      34
      33
      28
      31
      36
      29
      32
      28
      34
      45
      33
      42
      35
      29
      40
      31
      34
      29
      36
      38
      34
      32
      35
      44
      47
      45
      33
      22
      34
      31
      31
      42
      34
      43
      30
      42
      33
      35
      43
      35
      35
      39
      35
      45
      36
      43
      32
      32
      37
      33
      33
      36
      39
      31
      31
      33
      26
      43
      29
      35
      34
      30
      35
      36
      41
      29
      39
      30
      37
      33
      30
      34
      33
      40
      32
      42
      35
      38
      35
      31
      29
      49
      38
      33
      31
      40
      30
      27
      38
      49
      30
      31
      32
      34
      34
      30
      29
      29
      42
      35
      22
      29
      28
      27
      24
      31
      27
      38
      24
      29
      26
      46
      30
      37
      31
      37
      37
      35
      31
      38
      26
      32
      29
      35
      30
      40
      33
      40
      30
      28
      28
      38
      40
      29
      33
      46
      31
      34
      37
      28
      30
      34
      28
      22
      25
      33
      30
      34
      24
      28
      29
      22
      33
      32
      37
      38
      31
      38
      37
      43
      34
      45
      21
      28
      36
      28
      43
      25
      24
      27
      43
      35
      39
      33
      35
      35
      39
      25
      26
      30
      39
      20
      34
      28
      28
      25
      20
      30
      36
      21
      44
      30
      33
      18
      29
      31
      41
      33
      39
      33
      30
      30
      34
      31
      25
      27
      27
      46
      31
      30
      30
      22
      28
      33
      18
      28
      38
      20
      22
      37
      34
      36
      30
      33
      29
      39
      30
      31
      38
      24
      36
      35
      37
      32
      27
      22
      20
      24
      33
      32
      27
      33
      30
      31
      30
      38
      36
      29
      20
      30
      29
      27
      32
      17
      26
      28
      28
      28
      29
      32
      28
      35
      33
      26
      34
      32
      38
      30
      42
      24
      30
      26
      28
      24
      23
      39
      23
      22
      31
      34
      28
      14
      25
      29
      24
      30
      32
      27
      28
      23
      23
      28
      24
      35
      24
      24
      27
      32
      28
      31
      28
      34
      18
      26
      16
      29
      26
      34
      34
      26
      22
      25
      16
      30
      18
      30
      21
      31
      22
      20
      17
      28
      31
      21
      31
      28
      28
      30
      20
      32
      29
      30
      21
      33
      23
      24
      30
      18
      22
      28
      23
      25
      22
      25
      25
      18
      47
      37
      22
      23
      24
      14
      28
      27
      17
      22
      24
      29
      34
      29
      28
      23
      22
      23
      21
      31
      18
      23
      26
      18
      22
      14
      25
      20
      38
      16
      16
      35
      31
      32
      27
      23
      22
      25
      19
      17
      24
      24
      20
      18
      18
      28
      23
      24
      27
      18
      25
      26
      34
      16
      22
      17
      34
      23
      22
      22
      15
      14
      25
      31
      24
      33
      19
      21
      28
      26
      21
      34
      28
      18
      29
      29
      25
      20
      31
      22
      24
      20
      30
      25
      28
      17
      24
      28
      27
      18
      28
      24
      31
      34
      26
      20
      19
      29
      25
      34
      27
      25
      23
      18
      17
      28
      24
      27
      26
      19
      29
      31
      26
      15
      28
      27
      26
      21
      27
      21
      31
      22
      19
      22
      27
      12
      18
      18
      17
      33
      13
      33
      30
      24
      22
      24
      27
      24
      18
      20
      27
      22
      33
      22
      21
      24
      27
      23
      22
      27
      20
      24
      27
      21
      27
      14
      32
      18
      16
      22
      26
      19
      20
      25
      25
      26
      21
      29
      17
      21
      15
      30
      20
      21
      27
      28
      22
      21
      30
      26
      20
      32
      28
      29
      24
      24
      34
      27
      29
      37
      42
      25
      27
      22
      20
      24
      21
      21
      17
      27
      23
      17
      23
      27
      25
      27
      28
      21
      19
      27
      28
      36
      37
      21
      22
      21
      32
      21
      17
      20
      24
      23
      16
      18
      23
      20
      26
      17
      20
      20
      24
      28
      27
      17
      21
      18
      16
      24
      31
      30
      28
      26
      24
      25
      16
      21
      19
      26
      17
      21
      25
      27
      32
      20
      25
      22
      28
      21
      22
      16
      22
      21
      21
      16
      28
      34
      15
      27
      27
      24
      23
      23
      23
      18
      16
      25
      21
      22
      23
      16
      25
      38
      24
      25
      22
      27
      29
      22
      27
      15
      20
      21
      25
      22
      30
      22
      30
      16
      18
      15
      29
      23
      23
      30
      30
      18
      17
      25
      21
      19
      18
      21
      21
      23
      18
      16
      17
      33
      34
      25
      20
      20
      30
      20
      21
      26
      24
      23
      33
      19
      22
      18
      30
      24
      24
      21
      22
      20
      28
      17
      17
      30
      24
      20
      18
      23
      21
      25
      28
      22
      15
      24
      24
      27
      23
      15
      22
      21
      16
      23
      19
      21
      23
      26
      19
      26
      21
      28
      21
      31
      22
      21
      15
      17
      20
      18
      25
      17
      25
      16
      11
      21
      19
      28
      24
      15
      25
      17
      22
      26
      22
      20
      27
      25
      26
      19
      24
      22
      25
      24
      14
      23
      25
      25
      19
      19
      19
      20
      20
      18
      22
      21
      23
      24
      20
      22
      20
      23
      29
      22
      21
      20
      28
      21
      26
      16
      19
      17
      20
      11
      25
      21
      14
      20
      18
      24
      18
      21
      21
      19
      29
      10
      21
      21
      20
      13
      19
      29
      17
      21
      25
      20
      22
      22
      20
      21
      27
      32
      21
      20
      20
      20
      33
      23
      10
      18
      18
      18
      23
      23
      18
      17
      21
      17
      19
      23
      20
      22
      14
      16
      20
      17
      23
      19
      15
      25
      14
      13
      24
      16
      21
      21
      21
      18
      26
      23
      18
      11
      21
      17
      33
      18
      18
      15
      14
      19
      16
      26
      23
      13
      20
      19
      11
      14
      14
      16
      12
      17
      22
      23
      18
      13
      18
      23
      25
      23
      16
      22
      26
      22
      18
      20
      22
      17
      24
      18
      16
      13
      17
      21
      18
      18
      35
      15
      16
      25
      25
      32
      15
      11
      26
      22
      17
      24
      25
      19
      22
      24
      20
      22
      25
      21
      26
      25
      25
      30
      18
      34
      17
      26
      23
      21
      25
      18
      22
      27
      23
      15
      21
      21
      32
      30
      30
      26
      24
      17
      19
      21
      21
      20
      20
      21
      22
      20
      21
      19
      20
      19
      20
      22
      23
      24
      27
      22
      28
      25
      13
      16
      22
      21
      24
      21
      20
      18
      33
      20
      27
      22
      22
      30
      22
      23
      22
      42
      36
      24
      31
      29
      43
      32
      29
      25
      40
      34
      36
      36
      45
      31
      27
      32
      25
      34
      27
      24
      24
      27
      28
      22
      19
      19
      26
      13
      17
      11
      12
      10
      13
      18
      13
      14
      10
      10
      14
      13
      11
       8
      19
       7
      14
      10
      13
      10
      14
      13
      12
       9
      19
      19
      12
      16
       7
      11
      10
       9
      13
      18
      17
      19
      12
       7
      13
      14
       8
      13
      18
      10
       4
      13
      17
      12
       6
      14
      12
      12
      12
      16
      12
      17
      15
      10
      11
      14
      10
      15
      14
      11
      13
      10
       9
      12
       8
      14
       8
      11
       6
       8
       8
       9
      15
      15
      11
      12
      14
      11
      14
       8
       6
      10
      15
       9
      13
      11
      11
      15
      12
      13
       5
      14
      13
       9
      12
      13
      10
      18
      12
       5
      13
      13
       5
      13
       7
      22
      12
      12
      12
      11
      10
       6
       6
       6
      14
      13
      16
       8
      12
      14
      11
       5
       8
      10
      12
       7
      13
       9
      10
       9
      15
      11
       8
      12
       8
      13
      18
      14
       6
      12
      12
       7
      11
      12
      14
       9
      15
      19
       8
      11
       9
      11
      12
      17
       9
       9
      11
      14
      11
      10
      10
      13
      11
      10
      11
       8
      16
       9
      10
      10
      10
      12
       9
       9
      13
       8
      12
      11
      10
      14
      11
      11
      13
      10
       3
       8
       9
      13
      14
       8
      11
      15
       6
      10
      11
       5
       9
       9
       9
      11
       7
      11
      13
      15
      13
       9
       7
       8
       9
       6
      10
      10
      12
      11
      14
       8
      20
      16
      10
      10
       4
      13
       8
       8
      10
      12
      12
      18
       9
       5
      10
      13
      10
       7
      11
      17
       8
       6
      17
       9
      11
      10
      12
       8
       8
       7
      16
      15
       9
      12
      11
      14
      10
      12
       7
       7
      10
      15
      12
      12
      13
      10
      17
      10
       8
      12
      13
      17
      11
      14
      10
      11
      14
      10
       9
       7
      11
      14
       8
      11
      17
       8
      17
      11
      17
       8
      15
      10
      15
      14
      11
      11
       7
      12
      12
      22
      11
       9
       8
       7
      12
      10
       7
       9
      14
       6
      13
      12
       7
       9
       9
       9
      13
      15
      10
      12
      10
       8
      18
      12
      17
       7
       7
       9
       7
      10
      11
      11
      12
       6
       9
      10
       9
      14
      10
       9
      10
      11
       8
      13
       8
       7
      12
      17
       8
      11
      11
      13
      12
       8
      12
      11
       9
      15
      14
      13
      13
      16
       6
      14
      10
       9
      13
      13
       5
      10
       7
       9
       4
      11
      16
      10
       8
       7
       9
      14
      13
      15
      15
      17
      16
      15
      22
      20
      25
      23
      17
       9
      11
      11
      12
       9
      10
       7
      10
      10
       5
      10
      11
       7
      12
       7
      10
      10
       6
      10
      11
      10
       7
      10
       3
       5
       6
      12
       7
      12
       6
       5
       7
       7
      11
      11
      11
      10
      12
       8
      11
      15
       6
       6
      10
      10
       8
       9
       6
       6
       8
       9
       8
       6
       9
       3
       6
       7
      12
       7
      11
       2
      10
       9
       7
       8
       5
       7
       7
       8
       8
       9
       5
       7
      12
       6
       3
       9
       7
       8
       8
      10
      11
      11
       8
       6
       6
       6
       9
       5
      10
       6
      15
      13
       7
       9
       4
      14
       1
      10
       8
       7
       6
       5
      14
       5
       5
      10
       6
       7
       7
      10
       9
       9
       5
       9
       3
       8
       8
       9
       6
       5
       8
       2
       8
       8
       5
      10
       4
       7
       8
       1
      13
       6
       6
      10
       8
       7
      12
       7
      11
       8
      11
      15
       7
      11
       7
       9
       6
       9
      12
       7
      11
       7
      12
       8
       4
       6
      10
       6
      16
       3
      12
       7
       5
       6
       9
      12
       7
      10
       3
       4
       9
       7
      14
      12
       2
      11
       7
       7
       5
       6
       9
       8
       9
      11
       7
       9
       6
       6
       7
       3
       5
      10
       8
       6
       5
       9
       9
       6
       8
       7
      17
      17
       9
      23
      39
      43
      73
     121
     152
     197
     272
     329
     339
     269
     215
     180
     125
      55
      46
      22
      19
       8
      11
      10
       8
      10
       9
       5
       9
       8
       8
       8
       4
       7
      10
       4
      13
       6
       6
       8
       8
       9
       7
       6
       8
      11
       8
       7
       4
       3
       7
       8
       9
      10
       6
       3
      10
       4
       9
      10
       5
       6
       4
       6
       8
       9
       6
       6
      11
       5
       5
       4
       5
       5
       5
       7
       7
      10
       7
       8
       6
       2
       7
      11
       4
       5
       5
       2
       7
       4
       6
       8
       6
       6
       7
       6
       5
       3
       8
       6
       8
       9
       8
       5
       6
       5
       3
       4
       3
       8
       3
      13
       7
       5
      10
       7
       8
       5
       9
      11
       4
       3
       7
       8
      11
       3
      11
       9
      11
       6
       7
       5
       8
      11
       4
       5
       5
       6
       9
       7
       8
       1
       7
       6
       5
       6
       3
       3
      12
       8
       5
      11
       2
       8
       3
       6
       5
       6
       6
       7
       7
       5
       6
       9
       2
       7
       7
       3
       2
       5
       7
       9
       4
       5
       8
       7
       4
       6
       4
       4
       6
       5
       6
       6
       8
       3
       5
       5
       8
       5
       8
       5
       5
       7
       5
       3
       3
       6
       2
       4
       6
       4
       6
       3
       3
       4
       6
       5
       5
       6
       5
       7
       4
       5
       6
       8
       5
       6
       6
       1
       6
       4
       3
       1
       3
       7
       4
       8
       3
       4
       4
       5
       4
       5
       3
       6
       6
       8
       7
       5
       5
       4
       6
       3
       4
       8
       4
       5
       0
       7
       7
       6
       5
       6
       5
       9
       8
       4
       5
       4
       5
       3
       1
       5
       7
       6
       3
       7
       3
       8
       9
       8
       8
       4
       5
       9
       5
      13
      14
      13
       6
       5
       4
       7
       4
       7
       1
       4
       8
       1
       4
       9
       3
       6
       2
       5
       6
       5
       2
       3
       5
       3
       6
       7
       1
       5
       3
       7
       7
       5
       2
       5
       5
       3
       5
       3
       5
       4
       3
       6
       7
       2
       4
       3
       8
       3
       3
       3
       2
       3
       4
       3
       5
       5
       4
       2
       4
       2
       5
       6
       2
       5
       2
       3
       6
       6
       4
       6
       3
       5
       5
       5
       6
       5
       5
       6
       2
       3
       3
       3
       3
       3
       2
       3
       2
       6
       3
       3
       6
       2
       1
       6
       1
       2
       4
       2
       3
       6
       2
       3
       1
       5
       6
       7
       4
       2
       4
       6
       4
       6
       4
       5
       4
       2
       1
       2
       2
       4
       5
       5
       4
       3
       1
       6
       2
       2
       0
       3
       9
       4
       3
       6
       8
       4
       4
       2
      12
       3
       6
       8
       8
       6
      10
      12
       7
      11
      11
      11
       7
      13
       3
       9
       4
       4
       6
       2
       7
       3
       4
       2
       2
       2
       6
       3
       4
       6
       7
       5
       4
       0
       8
       5
       7
       4
       5
       9
       8
       5
       4
       4
       3
       3
       4
       3
       3
       0
       6
       4
       0
       1
       2
       2
       1
       5
       5
       4
       1
       2
       4
       3
       3
       3
       5
       1
       5
       1
       2
       2
       3
       5
       7
       3
       3
       4
       4
       4
       3
       4
       3
       3
       7
       4
       3
       5
       4
       4
       4
       5
       5
       2
       3
       1
       5
       5
       4
       2
       3
       3
       6
       5
       1
       1
      10
       5
       3
       8
       4
       4
       4
       2
       4
       2
       1
       2
       1
       3
       1
       4
       4
       3
       3
       5
       4
       0
       4
       3
       4
       1
       3
       6
       5
       3
       3
       2
       6
       2
       3
       8
       5
       2
       6
       4
       2
       3
       3
       6
       4
       4
       1
       4
       3
       4
       4
       7
       5
       1
       5
       4
       4
       3
       5
       4
       0
       6
       2
       3
       4
       3
       2
       4
       2
       5
      10
       4
       4
       2
       1
       4
       1
       1
       2
       2
       1
       2
       7
       2
       3
       4
       2
       2
       5
       2
       3
       2
       2
       0
       6
       1
       5
       2
       7
       4
       4
       2
       3
       3
       3
       3
       5
       6
       5
       2
       1
       3
       3
       2
       4
       1
       1
       8
       4
       7
       4
       3
       5
       3
       6
       4
       9
       4
       9
      14
      16
      18
      36
      57
      86
     129
     165
     234
     290
     254
     268
     225
     204
     111
      94
      43
      21
      16
      12
      10
       8
       2
       9
       5
       8
       8
       2
       5
       4
       2
       3
       4
       1
       6
       3
       5
       2
       3
       6
       4
       3
       4
       5
       2
       1
       5
       6
       1
       3
       4
       4
       8
       6
       5
       2
       3
       3
       2
       0
       3
       2
       1
       2
       3
       5
       1
       6
       3
       0
       5
       2
       1
       6
       4
       6
       1
       3
       1
       2
       5
       4
       3
       9
       3
       3
       2
       2
       1
       1
       3
       4
       2
       4
       5
       2
       4
       3
       4
       0
       1
       2
       3
       1
       0
       3
       2
       5
       1
       4
       2
       2
       2
       3
       4
       6
       4
       2
       1
       3
       1
       0
       3
       2
       3
       3
       5
       6
       4
       2
       0
       0
       1
       5
       2
       4
       0
       2
       4
       3
       2
       3
       1
       3
       7
       0
       1
       3
       3
       0
       3
       2
       4
       3
       3
       1
       4
       1
       3
       4
       1
       5
       6
       1
       2
       4
       4
       2
       4
       1
       4
       1
       3
       2
       3
       1
       2
       5
       1
       5
       5
       4
       5
       5
       6
       2
       1
       3
       2
       3
       3
       4
       8
       3
       5
       5
       9
       4
       5
       4
       3
       4
       4
       4
       1
       2
       1
       2
       1
       2
       1
       5
       3
       1
       4
       0
       2
       4
       7
       0
       3
       1
       1
       1
       6
       3
       2
       5
       3
       3
       4
       1
       1
       0
       2
       2
       3
       3
       0
       2
       4
       4
       2
       1
       4
       2
       1
       1
       0
       2
       3
       3
       0
       2
       2
       1
       1
       3
       1
       0
       2
       2
       1
       0
       3
       3
       3
       1
       2
       4
       0
       0
       5
       1
       1
       2
       0
       1
       1
       3
       1
       2
       2
       2
       4
       0
       2
       1
       3
       1
       0
       2
       8
       1
       6
       4
       5
       6
       3
       1
       4
       5
       1
       2
       0
       0
       2
       3
       4
       0
       1
       1
       3
       7
       2
       3
       1
       3
       4
       4
       0
       6
       1
       4
       3
       7
       3
       3
       2
       4
       5
       4
       2
       2
       2
       0
       1
       1
       2
       4
       1
       8
       2
       2
       1
       3
       1
       1
       2
       3
       1
       5
       1
       1
       2
       1
       1
       2
       2
       1
       0
       2
       1
       2
       6
       3
       2
       4
       2
       4
       3
       1
       1
       4
       1
       0
       4
       2
       1
       4
       3
       2
       1
       0
       0
       1
       0
       2
       2
       1
       1
       4
       4
       1
       7
       1
       5
       1
       5
       1
       2
       4
       6
       4
       1
       3
       4
       2
       3
       3
       2
       2
       0
       5
       3
       3
       0
       2
       3
       5
       3
       0
       3
       2
       5
       1
       1
       1
       2
       1
       3
       4
       4
       3
       5
       4
       2
       3
       1
       2
       4
       1
       1
       3
       1
       0
       0
       2
       1
       1
       2
       4
       3
       3
       2
       3
       2
       2
       1
       1
       3
       4
       1
       3
       1
       1
       1
       4
       1
       2
       5
       2
       1
       3
       0
       0
       4
       5
       1
       3
       2
       4
       2
       0
       3
       4
       2
       8
       1
       5
       2
       4
       1
       1
       0
       0
       2
       1
       0
       2
       3
       3
       1
       3
       1
       3
       2
       1
       2
       0
       2
       2
       3
       2
       1
       4
       2
       1
       1
       1
       4
       7
       2
       3
       5
       2
       6
       9
      11
      14
      21
      22
      33
      31
      38
      38
      31
      15
      23
       9
       9
       3
       4
       1
       4
       1
       2
       1
       1
       2
       3
       1
       1
       0
       0
       1
       3
       3
       4
       3
       0
       4
       1
       3
       4
       2
       2
       5
       0
       5
       3
       2
       0
       2
       0
       1
       0
       3
       0
       2
       2
       2
       1
       2
       2
       0
       1
       0
       1
       3
       0
       0
       3
       3
       0
       2
       1
       1
       1
       2
       0
       1
       3
       0
       2
       2
       3
       2
       1
       2
       0
       2
       0
       4
       4
       0
       1
       4
       0
       1
       0
       2
       1
       1
       2
       2
       1
       0
       4
       2
       0
       0
       2
       1
       3
       1
       0
       2
       1
       1
       0
       1
       1
       4
       2
       1
       1
       3
       2
       1
       0
       1
       0
       2
       2
       4
       0
       0
       4
       1
       2
       2
       4
       1
       2
       0
       3
       2
       2
       7
       1
       1
       3
       1
       2
       3
       1
       1
       2
       1
       1
       5
       0
       2
       1
       3
       2
       0
       1
       2
       4
       4
       1
       0
       1
       2
       1
       2
       0
       1
       1
       1
       2
       2
       1
       2
       2
       3
       1
       1
       4
       0
       1
       2
       1
       3
       2
       2
       2
       2
       3
       1
       1
       2
       0
       3
       1
       0
       1
       2
       3
       1
       2
       3
       2
       3
       1
       1
       1
       1
       3
       2
       1
       5
       2
       1
       1
       0
       2
       2
       0
       2
       1
       2
       5
       0
       5
       1
       3
       3
       4
       1
       3
       1
       1
       3
       2
       2
       0
       1
       1
       3
       1
       0
       2
       3
       1
       2
       1
       1
       2
       3
       2
       3
       2
       0
       3
       3
       2
       1
       2
       4
       1
       1
       1
       1
       3
       1
       3
       3
       1
       3
       3
       0
       0
       2
       1
       4
       1
       1
       2
       1
       0
       3
       1
       1
       3
       2
       2
       1
       2
       4
       0
       3
       0
       2
       0
       1
       2
       2
       1
       5
       2
       2
       1
       1
       0
       1
       4
       0
       4
       0
       1
       0
       1
       0
       3
       0
       2
       0
       6
       1
       1
       5
       1
       4
       0
       1
       1
       0
       0
       2
       2
       4
       0
       1
       4
       2
       1
       3
       2
       1
       3
       1
       4
       3
       1
       1
       1
       3
       2
       0
       0
       1
       2
       2
       0
       0
       3
       2
       0
       2
       1
       2
       0
       0
       2
       0
       1
       3
       1
       1
       1
       3
       1
       4
       3
       1
       0
       2
       2
       1
       3
       1
       1
       2
       0
       2
       0
       2
       0
       3
       1
       1
       2
       4
       1
       1
       1
       0
       3
       2
       2
       1
       1
       0
       3
       4
       2
       1
       1
       1
       0
       1
       0
       1
       0
       1
       1
       2
       1
       1
       2
       0
       3
       2
       0
       0
       1
       0
       1
       2
       1
       2
       0
       2
       0
       0
       1
       3
       4
       1
       0
       1
       3
       1
       4
       3
       0
       1
       4
       1
       1
       1
       0
       2
       0
       0
       1
       0
       0
       1
       0
       2
       2
       0
       1
       3
       3
       2
       0
       3
       3
       1
       5
       2
       0
       2
       2
       3
       0
       0
       3
       0
       4
       1
       1
       1
       2
       1
       2
       4
       2
       1
       1
       1
       1
       1
       1
       1
       1
       0
       5
       1
       2
       0
       2
       3
       2
       1
       2
       1
       0
       0
       2
       1
       1
       1
       0
       2
       2
       3
       2
       3
       4
       3
       3
       2
       2
       2
       0
       2
       0
       2
       1
       1
       3
       2
       3
       2
       2
       4
       4
       0
       0
       1
       4
       1
       2
       0
       2
       0
       0
       1
       0
       2
       2
       0
       1
       2
       1
       2
       4
       0
       0
       4
       2
       2
       1
       2
       1
       3
       2
       1
       1
       3
       3
       1
       1
       2
       0
       2
       1
       1
       3
       1
       1
       0
       0
       1
       2
       1
       1
       3
       1
       3
       3
       0
       0
       3
       0
       1
       1
       0
       2
       3
       1
       2
       2
       0
       2
       0
       1
       1
       2
       1
       1
       1
       1
       3
       0
       0
       1
       3
       0
       0
       2
       1
       2
       0
       2
       3
       1
       0
       0
       1
       3
       0
       3
       0
       0
       1
       0
       1
       1
       0
       0
       3
       1
       0
       0
       6
       1
       2
       2
       1
       1
       2
       2
       0
       1
       0
       1
       0
       0
       1
       0
       1
       1
       0
       2
       0
       1
       2
       2
       1
       3
       2
       0
       0
       4
       2
       1
       2
       1
       2
       0
       0
       1
       3
       0
       2
       0
       0
       5
       3
       3
       2
       2
       0
       1
       1
       2
       0
       1
       3
       0
       1
       2
       1
       0
       1
       1
       2
       1
       1
       0
       2
       2
       0
       0
       0
       0
       0
       0
       1
       3
       3
       1
       0
       0
       0
       0
       1
       3
       2
       0
       0
       2
       1
       3
       3
       2
       0
       0
       1
       2
       0
       0
       1
       0
       2
       1
       2
       1
       1
       0
       2
       0
       1
       1
       1
       0
       0
       1
       0
       0
       0
       1
       0
       0
       5
       1
       0
       0
       1
       1
       1
       1
       0
       0
       2
       1
       1
       2
       0
       2
       1
       1
       0
       1
       0
       4
       1
       2
       2
       2
       0
       0
       1
       0
       2
       0
       2
       1
       1
       3
       1
       1
       0
       0
       1
       2
       0
       0
       2
       1
       1
       2
       0
       1
       1
       1
       2
       5
       1
       2
       2
       0
       0
       0
       2
       2
       1
       4
       0
       0
       3
       1
       2
       1
       3
       2
       1
       0
       2
       2
       3
       2
       0
       1
       0
       1
       2
       0
       1
       0
       0
       0
       2
       3
       0
       2
       1
       3
       1
       3
       1
       1
       3
       2
       0
       0
       1
       2
       1
       0
       0
       3
       5
       2
       1
       0
       0
       0
       1
       4
       1
       0
       1
       5
       2
       0
       2
       2
       1
       0
       0
       0
       1
       0
       1
       0
       1
       1
       1
       0
       3
       1
       1
       1
       1
       2
       0
       1
       2
       0
       1
       1
       1
       1
       1
       0
       0
       1
       1
       0
       1
       0
       0
       0
       0
       1
       4
       2
       1
       0
       0
       1
       2
       0
       2
       0
       1
       1
       2
       2
       0
       0
       0
       0
       0
       2
       1
       0
       1
       1
       1
       1
       1
       2
       1
       2
       0
       2
       0
       1
       2
       1
       2
       0
       0
       0
       1
       3
       0
       0
       2
       2
       3
       1
       0
       1
       1
       0
       1
       1
       0
       1
       1
       0
       0
       1
       0
       1
       2
       2
       1
       1
       0
       1
       0
       2
       1
       0
       0
       1
       0
       1
       0
       0
       1
       0
       1
       0
       1
       1
       2
       1
       0
       0
       0
       1
       0
       1
       1
       2
       1
       2
       1
       1
       0
       0
       1
       1
       1
       2
       2
       0
       0
       1
       0
       0
       0
       2
       3
       0
       2
       0
       1
       0
       2
       0
       1
       0
       0
       0
       3
       0
       0
       1
       0
       1
       0
       1
       1
       1
       1
       0
       0
       2
       0
       1
       1
       0
       0
       2
       0
       1
       1
       2
       0
       0
       1
       2
       0
       1
       0
       1
       0
       1
       3
       1
       1
       3
       2
       1
       3
       1
       2
       4
       1
       0
       1
       0
       0
       2
       1
       1
       0
       1
       3
       0
       0
       2
       2
       0
       0
       1
       0
       2
       0
       0
       0
       1
       1
       2
       1
       1
       0
       1
       1
       0
       4
       0
       1
       4
       0
       0
       0
       1
       2
       0
       1
       1
       0
       0
       2
       0
       0
       0
       1
       0
       0
       0
       1
       1
       0
       1
       1
       1
       1
       1
       4
       0
       0
       1
       1
       2
       0
       0
       0
       1
       0
       0
       1
       1
       1
       1
       0
       1
       1
       0
       1
       0
       0
       1
       1
       1
       0
       0
       0
       0
       1
       4
       0
       1
       0
       2
       0
       0
       4
       1
       1
       0
       2
       0
       2
       1
       1
       3
       2
       0
       0
       0
       2
       0
       1
       2
       0
       0
       0
       1
       0
       1
       1
       1
       1
       0
       1
       1
       2
       3
       0
       2
       1
       6
       1
       5
       6
       8
       5
       8
      11
      13
       6
       7
       2
       3
       1
       0
       2
       1
       0
       0
       1
       2
       1
       1
       1
       1
       1
       2
       0
       0
       0
       0
       0
       1
       1
       1
       0
       0
       0
       1
       1
       2
       0
       0
       1
       2
       0
       0
       2
       0
       0
       1
       1
       0
       0
       0
       0
       0
       0
       4
       2
       0
       2
       0
       1
       2
       2
       0
       2
       2
       0
       0
       1
       1
       1
       0
       0
       2
       0
       0
       0
       0
       1
       1
       1
       3
       1
       1
       1
       1
       1
       1
       1
       0
       0
       0
       1
       2
       0
       1
       1
       2
       1
       1
       0
       0
       0
       0
       2
       1
       0
       1
       1
       2
       1
       2
       0
       1
       3
       1
       0
       0
       1
       0
       1
       0
       3
       0
       0
       0
       1
       2
       1
       1
       1
       2
       0
       0
       0
       2
       0
       3
       0
       0
       0
       1
       1
       1
       0
       3
       1
       1
       1
       0
       0
       2
       0
       1
       0
       1
       1
       0
       0
       0
       2
       0
       2
       2
       1
       2
       2
       2
       1
       1
       1
       2
       1
       0
       0
       0
       0
       0
       1
       1
       1
       1
       2
       0
       1
       0
       1
       2
       2
       0
       4
       0
       0
       1
       0
       2
       2
       3
       0
       2
       0
       1
       0
       1
       1
       0
       0
       1
       0
       0
       0
       2
       0
       0
       2
       0
       0
       0
       2
       1
       0
       5
       0
       1
       1
       2
       1
       0
       0
       1
       3
       0
       3
       3
       1
       0
       0
       0
       2
       0
       2
       0
       1
       0
       0
       0
       0
       0
       0
       0
       1
       1
       1
       4
       1
       1
       2
       0
       0
       0
       0
       0
       1
       0
       2
       0
       0
       0
       1
       2
       1
       0
       0
       2
       1
       1
       0
       1
       1
       2
       0
       1
       0
       0
       0
       2
       1
       0
       0
       2
       0
       1
       1
       0
       0
       1
       0
       2
       0
       1
       1
       0
       1
       1
       1
       0
       0
       2
       0
       0
       1
       1
       1
       2
       0
       1
       1
       2
       0
       0
       1
       0
       0
       1
       1
       1
       0
       1
       0
       1
       2
       0
       0
       0
       1
       0
       1
       0
       1
       2
       1
       1
       3
       0
       3
       0
       0
       0
       1
       0
       2
       1
       0
       0
       0
       0
       2
       0
       1
       0
       0
       2
       0
       0
       0
       2
       2
       0
       0
       1
       0
       0
       2
       0
       0
       2
       0
       0
       1
       0
       1
       0
       0
       0
       2
       0
       1
       2
       1
       0
       1
       0
       0
       4
       2
       1
       0
       0
       0
       0
       0
       0
       0
       2
       0
       0
       1
       1
       0
       0
       1
       2
       0
       0
       1
       3
       1
       0
       0
       1
       0
       2
       1
       0
       1
       1
       0
       1
       2
       0
       1
       1
       0
       0
       1
       0
       1
       1
       1
       0
       0
       0
       1
       1
       1
       1
       0
       2
       1
       2
       2
       0
       0
       0
       0
       1
       0
       0
       1
       0
       1
       1
       1
       1
       0
       0
       0
       0
       2
       1
       1
       2
       2
       1
       0
       1
       2
       0
       0
       0
       0
       1
       4
       0
       0
       0
       0
       1
       0
       1
       0
       1
       1
       2
       0
       0
       0
       1
       0
       0
       0
       1
       0
       3
       2
       1
       0
       0
       0
       2
       0
       3
       3
       0
       1
       0
       0
       1
       0
       0
       0
       0
       0
       2
       1
       0
       0
       0
       1
       0
       1
       0
       2
       1
       1
       1
       0
       0
       0
       1
       3
       0
       0
       0
       1
       2
       1
       0
       0
       0
       3
       0
       1
       2
       1
       0
       0
       1
       1
       2
       0
       2
       1
       1
       0
       3
       1
       0
       0
       0
       0
       4
       0
       0
       0
       0
       0
       2
       1
       1
       1
       0
       1
       1
       0
       0
       1
       0
       0
       0
       0
       2
       1
       0
       0
       0
       1
       1
       0
       0
       3
       0
       0
       0
       1
       0
       0
       0
       2
       0
       0
       0
       1
       1
       2
       0
       0
       2
       0
       3
       0
       0
       0
       1
       0
       0
       1
       2
       2
       0
       1
       2
       1
       1
       0
       1
       0
       0
       0
       0
       1
       0
       1
       1
       1
       0
       0
       0
       1
       0
       0
       1
       1
       1
       1
       0
       2
       1
       2
       1
       1
       1
       0
       0
       1
       0
       1
       0
       1
       0
       1
       0
       1
       2
       1
       1
       0
       0
       5
       1
       0
       1
       0
       0
       2
       0
       0
       0
       1
       2
       1
       0
       2
       1
       0
       1
       1
       1
       0
       0
       0
       2
       1
       0
       1
       1
       0
       0
       0
       2
       0
       0
       0
       0
       0
       0
       0
       0
       0
       1
       1
       0
       0
       2
       1
       1
       0
       1
       0
       1
       1
       1
       0
       2
       0
       0
       0
       0
       1
       0
       1
       1
       1
       2
       0
       0
       1
       0
       1
       0
       0
       0
       0
       1
       0
       0
       1
       0
       1
       2
       0
       2
       1
       3
       0
       1
       1
       0
       0
       0
       0
       0
       1
       1
       0
       1
       1
       0
       0
       0
       1
       0
       2
       0
       0
       0
       1
       0
       1
       1
       1
       0
       0
       0
       0
       2
       0
       2
       0
       0
       2
       1
       1
       0
       1
       0
       0
       1
       2
       0
       0
       1
       0
       0
       0
       0
       1
       2
       0
       1
       1
       0
       2
       0
       1
       2
       1
       2
       1
       0
       0
       0
       0
       1
       1
       0
       0
       0
       0
       0
       0
       1
       0
       2
       2
       0
       1
       0
       0
       0
       0
       1
       0
       0
       0
       1
       2
       1
       0
       2
       0
       0
       0
       0
       1
       1
       2
       1
       0
       0
       0
       0
       1
       1
       0
       0
       0
       0
       0
       0
       0
       0
       0
       0
       0
       0
       0
       0
       0
       0
       0
       0
       0
       0
       0
       0
       0
       0
       0
       0
       0
       0
       0
       0
       0
       0
       0
       0
       0
       0
       0
       0
       0
       0
       0
       0
       0
       0
       0
       0
       0
       0
       0
       0
       0
       0
       0
       0
       0
       0
       0
       0
       0
       0
       0
       0
       0
       0
       0
       0
       0
       0
       0
       0
       0
       0
       0
       0
       0
       0
       0
       0
       0
       0
       0
       0
       0
       0
       0
       0
       0
       0
       0
       0
       0
       0
       0
       0
       0
       0
       0
       0
       0
       0
       0
       0
       0
       0
       0
       0
       0
       0
       0
       0
       0
       0
       0
       0
       0
       0
       0
       0
       0
       0
       0
       0
       0
       0
       0
       0
       0
       0
$ROI:
2
1936 2287
5338 5513
$PRESETS:
Integral
500000
0
$ENER_FIT:
0.000000 0.245432
$MCA_CAL:
3
0.000000E+000 2.454316E-001 0.000000E+000 keV
$SHAPE_CAL:
3
7.465718E+000 0.000000E+000 0.000000E+000
