$SPEC_ID:
No sample description was entered.
$SPEC_REM:
DET# 1
DETDESC# BUNCHER Easy-MCA-8k SN 9051292
AP# Maestro Version 6.08
$DATE_MEA:
07/26/2019 13:07:36
$MEAS_TIM:
340 429
$DATA:
0 8191
       0
       0
       0
       0
       0
       0
       0
       0
       0
       0
       0
       0
       0
       0
       0
       0
       0
       1
       3
       1
      17
     114
     591
    1673
    3082
    4743
    5602
   12833
    6426
     621
     338
     162
     227
     678
    1545
    1987
    1949
    1772
    1619
    1391
    1319
    1411
    1453
    1353
    1454
    1420
    1409
    1383
    1397
    1381
    1411
    1279
    1234
    1321
    1295
    1278
    1313
    1259
    1303
    1263
    1234
    1246
    1231
    1204
    1224
    1170
    1184
    1190
    1176
    1114
    1152
    1070
    1152
    1112
    1170
    1153
    1104
    1119
    1122
    1081
    1132
    1066
    1100
    1034
    1040
    1093
    1045
    1051
    1031
    1072
    1058
    1046
    1004
    1046
    1005
    1028
     991
     989
    1079
    1037
     980
     953
     979
    1012
    1026
     982
     948
     931
     970
    1005
     921
     958
     956
     967
     995
     951
     975
     925
     912
     898
     938
     930
     981
     938
     957
     945
     897
     927
     890
     899
     938
     858
     861
     915
     900
     939
     890
     945
     890
     872
     917
     914
     876
     911
     869
     843
     893
     859
     848
     880
     868
     866
     885
     919
     879
     868
     891
     833
     886
     894
     880
     884
     850
     881
     802
     815
     866
     824
     830
     883
     866
     820
     878
     873
     852
     847
     863
     869
     859
     856
     902
     866
     890
     894
     848
     911
     840
     903
     852
     813
     879
     829
     853
     884
     771
     841
     806
     890
     802
     813
     784
     835
     823
     825
     860
     842
     875
     887
     849
     839
     839
     884
     890
     873
     847
     864
     824
     838
     861
     813
     892
     894
     819
     859
     918
     815
     898
     863
     897
     848
     830
     892
     837
     861
     888
     839
     884
     937
     876
     846
     890
     940
     813
     804
     863
     810
     911
     864
     862
     864
     906
     879
     850
     856
     885
     886
     921
     873
     879
     910
     878
     923
     939
     897
     877
     940
     886
     927
     909
     975
     869
     907
     902
     936
     877
     935
     958
     917
     949
     917
     959
     857
     936
     989
     941
     918
     932
     955
     901
     962
     968
     972
    1056
    1078
    1033
    1097
     999
    1000
     994
     944
    1037
    1093
    1231
    1217
    1207
    1080
    1019
     972
     955
     913
    1039
     965
     997
    1041
    1046
    1045
    1048
    1019
    1019
     961
    1015
     984
    1001
     988
     986
    1031
     987
    1061
    1014
     978
    1025
    1020
    1036
    1010
     943
    1032
    1040
    1076
    1060
    1100
    1117
    1166
    1194
    1276
    1188
    1119
    1128
    1046
    1077
    1052
    1013
    1069
    1106
    1133
    1141
    1108
    1047
    1077
    1079
    1057
    1084
    1005
    1036
    1097
    1083
    1052
    1107
    1073
    1063
    1083
    1032
    1072
    1086
    1158
    1040
    1126
    1076
    1117
    1141
    1101
    1036
    1064
    1076
    1104
    1028
    1074
    1102
    1106
    1093
    1063
    1151
    1133
    1127
    1147
    1064
    1143
    1086
    1114
    1157
    1171
    1125
    1144
    1104
    1138
    1114
    1102
    1144
    1117
    1113
    1149
    1189
    1115
    1158
    1186
    1182
    1127
    1104
    1202
    1112
    1142
    1086
    1155
    1142
    1259
    1187
    1103
    1248
    1194
    1129
    1237
    1190
    1230
    1168
    1232
    1233
    1158
    1245
    1140
    1203
    1197
    1254
    1209
    1196
    1188
    1247
    1267
    1255
    1177
    1284
    1230
    1194
    1181
    1193
    1185
    1220
    1242
    1211
    1211
    1192
    1201
    1278
    1248
    1189
    1258
    1204
    1206
    1187
    1295
    1197
    1210
    1223
    1177
    1201
    1267
    1273
    1182
    1198
    1120
    1280
    1208
    1210
    1239
    1176
    1163
    1180
    1184
    1185
    1274
    1244
    1269
    1259
    1233
    1212
    1117
    1203
    1221
    1210
    1195
    1242
    1250
    1129
    1171
    1212
    1255
    1162
    1234
    1153
    1217
    1210
    1243
    1193
    1243
    1243
    1280
    1222
    1224
    1202
    1161
    1177
    1131
    1209
    1219
    1151
    1220
    1208
    1214
    1122
    1239
    1110
    1193
    1208
    1173
    1163
    1201
    1135
    1218
    1227
    1203
    1132
    1176
    1145
    1174
    1197
    1171
    1221
    1112
    1138
    1201
    1184
    1140
    1176
    1158
    1182
    1141
    1149
    1208
    1243
    1148
    1121
    1101
    1160
    1134
    1134
    1199
    1098
    1143
    1120
    1118
    1175
    1129
    1155
    1128
    1263
    1116
    1150
    1120
    1152
    1218
    1171
    1163
    1159
    1171
    1168
    1181
    1151
    1179
    1214
    1127
    1164
    1136
    1154
    1117
    1167
    1162
    1183
    1146
    1213
    1114
    1153
    1180
    1186
    1151
    1124
    1156
    1108
    1129
    1160
    1102
    1165
    1140
    1207
    1140
    1114
    1074
    1166
    1117
    1094
    1097
    1137
    1140
    1127
    1193
    1158
    1118
    1149
    1153
    1146
    1181
    1055
    1124
    1159
    1109
    1117
    1128
    1147
    1152
    1154
    1095
    1184
    1152
    1134
    1119
    1168
    1206
    1123
    1113
    1137
    1161
    1127
    1119
    1115
    1108
    1105
    1129
    1136
    1147
    1114
    1146
    1140
    1188
    1161
    1205
    1130
    1133
    1109
    1163
    1152
    1166
    1099
    1142
    1122
    1116
    1107
    1122
    1078
    1179
    1070
    1210
    1162
    1163
    1163
    1137
    1124
    1161
    1131
    1243
    1152
    1123
    1219
    1146
    1131
    1240
    1194
    1253
    1205
    1181
    1191
    1216
    1195
    1234
    1262
    1230
    1197
    1248
    1208
    1207
    1183
    1244
    1225
    1190
    1186
    1200
    1149
    1173
    1202
    1212
    1191
    1157
    1143
    1176
    1114
    1195
    1152
    1138
    1113
    1137
    1156
    1159
    1230
    1104
    1103
    1118
    1173
    1102
    1095
    1099
    1152
    1156
    1173
    1085
    1080
    1100
    1144
    1110
    1110
    1117
    1061
    1154
    1123
    1076
    1121
    1100
    1070
    1088
    1096
    1119
    1051
    1026
    1071
    1042
    1114
    1089
    1066
    1097
    1031
    1093
    1048
    1026
    1069
    1044
    1034
    1027
     958
    1061
    1015
     970
    1010
     941
    1019
    1019
    1053
    1031
    1021
    1004
    1008
    1013
    1061
    1030
    1047
     985
    1016
     963
     960
    1021
    1014
    1031
     940
    1020
     991
    1051
     980
     965
    1000
     985
     948
     967
     937
     949
     919
    1016
     994
     932
     942
     962
     958
     960
    1006
     936
     955
     937
     928
     973
    1009
     967
     952
     958
     978
     946
     944
    1016
     937
    1001
     934
     964
     929
     943
     925
     926
     959
     957
     936
     879
     919
     914
     869
     956
     896
     972
     948
     883
     951
     895
     919
     927
     884
     956
     946
     919
     920
     929
     938
     903
     874
     956
     918
     912
     966
     914
     831
     963
     902
     949
     892
     891
     905
     922
     944
     878
     896
     880
     914
     926
     873
     948
     889
     939
     940
     877
     875
     861
     920
     907
     908
     920
     853
     891
     924
     934
     923
     857
     869
     866
     838
     892
     893
     898
     899
     915
     921
     888
     909
     858
     866
     911
     892
     894
     907
     882
     896
     906
     935
     910
     849
     922
     890
     844
     897
     851
     861
     906
     880
     872
     858
     896
     893
     929
     935
     881
     923
     866
     809
     892
     901
     914
     874
     856
     870
     909
     865
     938
     877
     885
     872
     840
     890
     863
     878
     896
     868
     895
     848
     899
     855
     896
     800
     869
     909
     896
     933
     921
     858
     927
     906
     896
     844
     905
     859
     883
     893
     888
     874
     840
     893
     892
     936
     865
     923
     885
     874
     866
     868
     883
     891
     811
     916
     916
     886
     803
     827
     832
     931
     925
     924
     839
     904
     896
     888
     924
     876
     886
     824
     886
     887
     856
     894
     840
     868
     906
     900
     877
     862
     860
     872
     888
     922
     880
     907
     861
     862
     884
     873
     881
     829
     924
     897
     838
     910
     835
     852
     883
     879
     924
     861
     900
     867
     868
     876
     875
     861
     856
     865
     854
     913
     877
     893
     896
     885
     919
     835
     827
     912
     913
     867
     838
     883
     841
     888
     888
     877
     846
     884
     906
     892
     868
     901
     829
     849
     847
     900
     879
     857
     957
     879
     825
     884
     883
     891
     919
     838
     915
     895
     876
     916
     868
     940
     869
     892
     845
     927
     890
     911
     881
     906
     918
     924
     870
     883
     887
     940
     873
     842
     879
     856
     944
     913
     902
     876
     922
     902
     886
     966
     889
     853
     924
     980
     885
     935
     905
     886
     893
     829
     910
     882
     937
     950
     887
     889
     855
     933
     827
     904
     932
     886
     893
     881
     885
     934
     982
     892
     896
     926
     916
     898
     928
     925
     892
     871
     926
     877
     911
     903
     901
     978
     950
     917
     939
     905
     877
     917
     882
     927
     933
     916
     935
     887
     957
     877
     960
     916
     984
     935
     951
     952
     901
     946
     963
     941
     931
     972
     984
     925
     896
     883
     978
     978
     930
     979
     923
     914
     935
     943
     988
     971
     950
     907
     936
     983
     961
    1034
     936
     895
     989
     864
     915
     905
     908
     939
     973
     971
     958
     900
     993
     908
     993
     932
     927
     953
     969
     994
     950
     918
    1006
     943
     989
     924
     895
     936
     977
     968
     994
     974
     973
     964
     964
    1016
     959
     988
     946
     944
    1014
    1000
     942
     975
     963
     947
     961
     935
     955
     997
     988
     997
     957
     975
     968
    1005
    1018
     973
    1023
    1005
    1012
     988
     936
     973
    1036
    1015
     974
    1012
    1007
     991
     936
    1036
    1002
     984
     982
    1012
     991
    1002
     992
    1012
    1052
     992
    1013
     959
    1045
    1002
    1046
    1001
    1013
    1008
    1004
     931
    1024
    1027
    1035
    1051
    1038
     998
    1022
    1005
    1042
    1047
     983
    1032
    1040
    1007
    1018
    1041
    1010
    1084
    1002
    1052
    1031
    1064
    1032
     946
     989
    1000
    1039
    1063
     991
    1076
    1059
    1056
    1062
    1009
    1059
    1050
     998
    1103
    1027
    1079
    1088
    1044
    1015
    1022
    1054
    1064
    1007
    1085
    1078
    1097
    1103
    1090
    1024
    1058
    1086
    1060
    1086
     995
    1052
    1056
     995
    1033
    1005
    1026
    1026
    1046
     991
     979
    1093
    1009
    1046
    1026
     968
    1011
    1065
     977
    1016
    1005
    1003
     981
     987
     953
     939
    1001
     897
     899
     897
     891
     903
     836
     887
     874
     876
     828
     848
     829
     834
     814
     807
     756
     796
     765
     755
     788
     721
     748
     714
     803
     733
     761
     680
     696
     719
     762
     682
     698
     729
     716
     708
     707
     749
     675
     723
     705
     726
     726
     716
     709
     737
     738
     720
     700
     733
     690
     741
     696
     664
     658
     667
     696
     688
     650
     683
     675
     694
     641
     643
     651
     647
     684
     672
     676
     645
     669
     619
     657
     587
     635
     643
     681
     581
     602
     614
     606
     653
     659
     600
     650
     606
     598
     632
     609
     595
     585
     590
     589
     577
     652
     598
     611
     600
     621
     575
     608
     623
     614
     602
     605
     574
     588
     593
     586
     597
     577
     549
     571
     605
     574
     615
     653
     584
     580
     593
     615
     625
     580
     588
     596
     559
     608
     539
     553
     532
     558
     547
     559
     524
     558
     564
     549
     564
     553
     562
     574
     547
     597
     573
     537
     540
     558
     548
     570
     530
     533
     517
     543
     539
     511
     538
     525
     512
     531
     543
     554
     577
     553
     533
     532
     496
     547
     529
     509
     511
     563
     530
     493
     510
     489
     517
     531
     508
     559
     513
     550
     489
     474
     515
     473
     515
     482
     495
     474
     500
     516
     500
     500
     516
     498
     500
     523
     505
     520
     497
     470
     506
     486
     477
     480
     482
     469
     457
     512
     490
     505
     487
     464
     443
     478
     472
     488
     465
     497
     463
     483
     484
     463
     444
     450
     418
     483
     461
     468
     443
     464
     440
     482
     454
     454
     452
     475
     448
     474
     449
     465
     424
     471
     464
     444
     449
     455
     452
     421
     474
     455
     466
     459
     437
     444
     463
     457
     467
     438
     466
     463
     475
     456
     451
     447
     448
     464
     438
     434
     438
     446
     442
     459
     461
     422
     456
     410
     413
     380
     399
     439
     426
     444
     389
     444
     424
     403
     444
     439
     407
     395
     420
     417
     395
     440
     395
     389
     428
     394
     416
     427
     448
     452
     457
     441
     417
     432
     430
     400
     434
     408
     404
     403
     397
     416
     405
     417
     386
     428
     399
     416
     428
     443
     411
     429
     411
     433
     404
     428
     413
     405
     411
     390
     402
     392
     422
     448
     419
     391
     401
     404
     411
     406
     425
     397
     451
     402
     405
     366
     418
     403
     405
     439
     438
     432
     397
     412
     392
     393
     407
     381
     388
     408
     403
     410
     402
     407
     379
     400
     405
     387
     424
     422
     390
     414
     422
     437
     410
     425
     420
     412
     377
     418
     414
     415
     374
     404
     386
     390
     392
     379
     429
     417
     407
     382
     388
     442
     420
     395
     412
     410
     372
     405
     379
     374
     391
     422
     380
     418
     388
     423
     421
     441
     406
     432
     376
     417
     395
     406
     394
     392
     362
     363
     443
     392
     430
     395
     425
     392
     405
     368
     400
     415
     414
     426
     410
     405
     404
     420
     384
     374
     399
     413
     393
     395
     390
     427
     360
     380
     389
     396
     400
     386
     336
     366
     377
     359
     377
     363
     417
     377
     423
     398
     398
     413
     417
     387
     390
     432
     401
     425
     378
     411
     386
     376
     389
     365
     369
     395
     400
     369
     411
     378
     370
     414
     427
     367
     364
     382
     362
     391
     347
     398
     409
     384
     401
     389
     404
     389
     380
     383
     395
     374
     373
     413
     359
     427
     426
     353
     383
     410
     379
     366
     404
     384
     384
     389
     355
     368
     408
     380
     376
     375
     360
     412
     360
     388
     384
     356
     387
     409
     375
     358
     386
     402
     410
     383
     389
     397
     406
     364
     369
     359
     365
     344
     391
     373
     362
     399
     366
     390
     373
     378
     382
     363
     416
     362
     407
     358
     378
     377
     351
     372
     381
     361
     380
     351
     413
     372
     367
     346
     386
     344
     342
     378
     355
     377
     356
     391
     384
     393
     347
     344
     392
     377
     363
     345
     368
     388
     390
     350
     339
     339
     372
     353
     391
     377
     358
     353
     391
     395
     387
     374
     376
     357
     378
     362
     394
     395
     391
     376
     393
     386
     352
     364
     344
     349
     392
     387
     382
     382
     354
     390
     396
     378
     375
     375
     368
     358
     363
     382
     433
     358
     374
     364
     370
     381
     410
     351
     335
     355
     400
     403
     377
     392
     405
     392
     380
     393
     392
     378
     405
     399
     362
     397
     365
     377
     413
     387
     367
     415
     448
     399
     386
     432
     370
     404
     432
     416
     428
     431
     432
     464
     495
     548
     555
     609
     683
     771
     890
    1036
    1196
    1540
    1907
    2568
    3294
    4409
    5576
    7448
    9725
   12430
   15692
   18886
   22688
   25983
   28865
   30302
   31215
   30649
   28781
   26049
   23363
   19304
   16024
   12629
    9663
    7473
    5144
    4078
    3107
    2272
    1733
    1354
    1059
     860
     666
     568
     528
     467
     356
     380
     358
     322
     333
     249
     296
     236
     242
     248
     235
     263
     243
     223
     218
     227
     195
     200
     216
     211
     200
     193
     207
     189
     177
     205
     166
     167
     161
     177
     181
     164
     171
     181
     183
     179
     199
     169
     193
     153
     146
     150
     155
     155
     140
     173
     135
     140
     166
     145
     129
     151
     174
     155
     161
     155
     130
     137
     149
     136
     140
     124
     161
     140
     143
     139
     129
     134
     107
     153
     137
     134
     122
     126
     118
     126
     137
     135
     132
     149
     118
     128
     137
     108
     123
     120
     114
     117
     122
     122
     120
     142
     127
     121
     127
     125
     125
     123
     109
     118
     133
     107
     135
     116
     125
     101
     105
     116
     123
     116
     126
     128
     112
     100
      84
     112
     142
     114
      98
     117
     110
     106
     118
     113
     122
     113
     113
     131
     100
     100
     124
     116
     101
     106
     102
     107
     125
     101
     115
     120
     101
      97
     107
      94
     116
      99
     126
      93
      93
      99
     112
     102
     100
     104
     101
     103
     100
      95
     111
      90
      99
      95
      97
     103
      97
     118
      98
     125
      94
      95
     101
      98
     105
      97
      94
     113
      93
      84
      92
      94
      86
     103
     102
      97
     101
      95
      97
      95
      76
      76
      90
      69
      93
      99
      89
      88
      85
      91
     107
      98
      98
      77
      97
      82
      93
      76
      90
      88
      94
      95
     105
      95
      91
     106
     109
      87
      84
      82
      72
      86
      77
     105
      71
      81
      74
     105
      94
      93
      85
      78
      68
      92
      99
      94
      73
      85
      89
      91
      81
      87
      77
      98
      80
      94
      92
      95
      95
      68
      70
      83
      83
      82
      80
      63
     116
      84
      95
     107
     100
      90
      97
      88
      83
      82
      89
      80
      88
      87
      98
      93
     100
      92
     104
     111
      95
      90
      88
      82
      79
      84
      73
      74
      87
      89
      91
      87
      84
      74
      82
      72
      73
      95
      77
      77
      86
      88
      71
      87
      81
      69
      75
      82
      84
      62
      75
      69
      78
      83
      73
      76
      73
      76
      81
      66
      79
      78
      79
      80
      82
      74
      80
      92
      67
      77
      90
      87
      77
      83
      80
      85
      80
      89
      73
      94
      63
      71
      84
      87
      69
      69
      78
      87
     103
      82
      84
      85
      66
      86
      77
      75
      92
      78
      78
      70
      75
      74
      76
      90
      79
      74
      61
      75
      71
      81
      80
      68
      64
      79
      86
      61
      74
      90
      68
      74
      82
      75
      99
     119
     115
     115
     105
      78
      86
      88
      69
      65
      69
      71
      74
      69
      82
      68
      80
      72
      78
      81
      76
      79
      71
      75
      64
      67
      82
      65
      75
      71
      76
      67
      67
      67
      67
      63
      82
      70
      50
      64
      62
      78
      72
      72
      88
      65
      83
      74
      55
      63
      76
      78
      65
      63
      73
      91
      73
      75
      55
      62
      83
      74
      82
      79
      68
      65
      66
      79
      65
      74
      56
      62
      60
      69
      79
      64
      64
      55
      69
      71
      75
      64
      64
      50
      70
      74
      57
      64
      76
      73
      65
      78
      61
      71
      61
      65
      61
      62
      67
      72
      64
      55
      76
      75
      75
      68
      62
      46
      75
      68
      79
      58
      62
      59
      65
      71
      54
      71
      70
      59
      52
      67
      68
      61
      63
      65
      58
      56
      54
      61
      71
      56
      65
      65
      67
      64
      59
      51
      46
      74
      62
      53
      69
      55
      62
      59
      64
      49
      61
      66
      59
      56
      68
      65
      56
      54
      60
      61
      57
      57
      55
      62
      54
      65
      49
      45
      69
      53
      57
      71
      60
      60
      69
      68
      69
      46
      55
      57
      56
      60
      55
      61
      56
      57
      54
      70
      47
      56
      50
      65
      66
      71
      62
      59
      66
      62
      58
      68
      62
      51
      55
      54
      65
      54
      47
      87
      53
      58
      68
      61
      51
      53
      50
      50
      75
      51
      55
      60
      74
      50
      81
      58
      51
      64
      62
      52
      54
      59
      60
      56
      58
      55
      61
      61
      59
      51
      61
      60
      52
      56
      55
      50
      53
      51
      47
      64
      62
      49
      69
      61
      68
      59
      53
      47
      55
      55
      51
      46
      57
      48
      60
      55
      52
      59
      51
      59
      61
      56
      45
      58
      63
      49
      76
      48
      48
      53
      61
      37
      51
      51
      62
      72
      41
      61
      54
      56
      58
      67
      52
      57
      57
      52
      51
      61
      40
      39
      46
      67
      46
      62
      48
      41
      60
      67
      70
      48
      50
      39
      64
      43
      54
      56
      57
      59
      66
      60
      39
      55
      42
      47
      60
      64
      54
      49
      50
      61
      68
      50
      63
      39
      44
      65
      39
      44
      40
      50
      48
      53
      49
      54
      53
      44
      60
      57
      43
      45
      49
      46
      50
      58
      50
      60
      47
      47
      45
      55
      40
      48
      49
      44
      42
      40
      45
      57
      71
      48
      54
      52
      50
      51
      44
      37
      48
      55
      54
      33
      59
      44
      37
      50
      48
      52
      49
      56
      48
      45
      49
      37
      55
      29
      38
      30
      53
      59
      46
      55
      53
      55
      48
      47
      48
      42
      61
      38
      55
      42
      47
      45
      56
      51
      37
      56
      47
      54
      43
      45
      40
      56
      53
      42
      43
      34
      38
      55
      43
      36
      38
      48
      44
      59
      39
      42
      59
      40
      49
      43
      49
      43
      46
      43
      38
      58
      65
      45
      40
      35
      41
      33
      52
      45
      51
      51
      41
      43
      46
      38
      53
      52
      53
      46
      40
      39
      52
      46
      46
      44
      47
      45
      43
      48
      44
      52
      36
      52
      41
      38
      38
      36
      48
      44
      42
      36
      36
      34
      40
      46
      50
      39
      48
      52
      41
      53
      47
      35
      33
      37
      49
      42
      34
      46
      43
      37
      42
      52
      40
      47
      35
      41
      34
      45
      48
      48
      33
      40
      39
      38
      37
      42
      31
      40
      46
      39
      31
      33
      45
      45
      29
      33
      41
      44
      37
      38
      33
      40
      50
      39
      39
      38
      44
      38
      39
      35
      44
      47
      42
      48
      41
      41
      39
      40
      23
      37
      47
      38
      40
      39
      37
      40
      38
      37
      40
      35
      49
      42
      42
      28
      38
      35
      36
      38
      43
      37
      40
      54
      41
      40
      35
      34
      54
      39
      47
      29
      37
      40
      41
      37
      40
      34
      39
      55
      45
      49
      41
      33
      33
      35
      31
      39
      24
      39
      37
      41
      32
      34
      48
      39
      41
      46
      43
      39
      43
      46
      43
      44
      40
      37
      37
      34
      32
      49
      29
      44
      41
      49
      35
      51
      33
      42
      38
      46
      37
      32
      41
      34
      48
      34
      32
      37
      40
      39
      38
      30
      35
      25
      37
      40
      37
      29
      38
      51
      42
      43
      44
      47
      34
      46
      33
      32
      38
      36
      38
      45
      49
      48
      31
      45
      42
      37
      36
      42
      38
      34
      28
      41
      41
      32
      35
      28
      29
      45
      27
      44
      36
      36
      44
      43
      37
      32
      27
      38
      42
      33
      29
      32
      30
      40
      36
      30
      40
      37
      39
      52
      32
      44
      33
      44
      30
      35
      24
      40
      38
      42
      44
      31
      31
      26
      29
      29
      31
      36
      39
      36
      47
      40
      42
      33
      33
      38
      38
      33
      28
      25
      32
      43
      38
      27
      38
      42
      42
      36
      34
      33
      42
      32
      40
      36
      34
      35
      31
      24
      34
      40
      30
      36
      30
      25
      36
      36
      35
      42
      42
      35
      34
      25
      36
      38
      29
      30
      36
      31
      38
      27
      32
      27
      36
      45
      29
      28
      39
      41
      33
      24
      28
      29
      32
      41
      47
      33
      49
      34
      31
      43
      37
      45
      31
      32
      32
      28
      30
      34
      32
      40
      33
      30
      39
      40
      37
      28
      30
      34
      36
      25
      39
      43
      32
      26
      38
      43
      31
      32
      38
      22
      29
      33
      24
      19
      46
      36
      28
      26
      39
      37
      25
      35
      30
      37
      33
      32
      30
      28
      40
      29
      29
      47
      28
      20
      34
      37
      32
      28
      38
      28
      27
      33
      30
      51
      34
      30
      25
      37
      20
      28
      21
      33
      28
      35
      37
      26
      26
      28
      33
      38
      38
      31
      27
      28
      27
      28
      37
      37
      39
      24
      34
      34
      22
      37
      27
      24
      30
      31
      35
      25
      31
      24
      40
      28
      43
      34
      28
      35
      40
      38
      23
      33
      28
      31
      31
      30
      25
      27
      38
      37
      27
      27
      21
      38
      30
      26
      24
      38
      30
      33
      19
      22
      30
      43
      24
      28
      32
      43
      33
      28
      28
      39
      37
      33
      23
      29
      24
      26
      28
      30
      37
      31
      28
      28
      25
      38
      31
      27
      30
      23
      34
      21
      18
      26
      19
      26
      34
      33
      35
      30
      29
      32
      27
      36
      23
      23
      34
      26
      23
      28
      21
      35
      29
      28
      18
      28
      28
      22
      22
      33
      37
      47
      25
      14
      26
      35
      26
      27
      26
      34
      23
      19
      31
      32
      24
      23
      31
      28
      22
      31
      26
      27
      21
      32
      46
      18
      35
      24
      29
      21
      41
      39
      33
      23
      33
      30
      27
      24
      27
      21
      22
      30
      14
      28
      27
      28
      32
      26
      38
      30
      28
      22
      28
      31
      27
      28
      23
      31
      28
      23
      35
      22
      23
      20
      32
      31
      27
      19
      20
      27
      15
      21
      24
      16
      32
      30
      22
      27
      23
      25
      24
      26
      23
      24
      27
      23
      24
      23
      29
      35
      26
      29
      33
      28
      20
      17
      29
      19
      27
      27
      19
      18
      21
      23
      31
      23
      28
      27
      24
      26
      26
      32
      20
      19
      26
      23
      30
      24
      28
      26
      24
      24
      27
      25
      19
      18
      21
      13
      24
      28
      16
      15
      26
      25
      21
      24
      16
      24
      36
      18
      18
      34
      30
      22
      27
      32
      22
      20
      23
      38
      14
      19
      22
      26
      19
      28
      22
      18
      26
      26
      19
      25
      21
      28
      34
      22
      21
      26
      23
      19
      24
      27
      20
      23
      27
      18
      18
      24
      25
      29
      18
      33
      17
      29
      23
      23
      22
      29
      18
      25
      18
      27
      30
      31
      19
      23
      26
      27
      34
      19
      20
      30
      21
      18
      21
      23
      20
      23
      18
      20
      27
      23
      25
      31
      22
      26
      31
      17
      22
      16
      20
      33
      21
      20
      27
      28
      28
      16
      24
      26
      20
      17
      16
      17
      24
      21
      21
      20
      18
      23
      22
      29
      32
      32
      15
      25
      18
      24
      30
      27
      31
      20
      31
      24
      22
      21
      31
      29
      23
      23
      21
      25
      24
      34
      17
      29
      22
      23
      23
      14
      23
      24
      19
      23
      16
      19
      18
      20
      15
      21
      28
      16
      20
      20
      25
      22
      20
      19
      25
      25
      27
      18
      19
      28
      19
      22
      22
      18
      12
      22
      33
      23
      24
      20
      20
      24
      24
      18
      22
      21
      23
      17
      25
      22
      30
      22
      26
      28
      19
      26
      17
      19
      22
      22
      30
      30
      14
      29
      24
      35
      14
      24
      20
      27
      33
      25
      20
      15
      13
      23
      23
      26
      32
      20
      18
      13
      22
      24
      17
      27
      14
      21
      15
      27
      29
      18
      17
      25
      21
      23
      34
      21
      20
      32
      16
      29
      16
      18
      22
      23
      18
      23
      20
      20
      25
      16
      18
      32
      22
      29
      20
      26
      16
      22
      22
      18
      26
      23
      23
      32
      29
      31
      28
      23
      24
      19
      20
      30
      31
      29
      37
      20
      16
      15
      30
      27
      31
      15
      24
      26
      17
      17
      24
      28
      22
      18
      21
      23
      18
      40
      15
      12
      21
      25
      23
      15
      24
      13
      26
      33
      23
      23
      18
      20
      22
      26
      23
      24
      16
      23
      18
      30
      16
      18
      20
      27
      21
      18
      17
      26
      20
      21
      17
      16
      20
      27
      22
      28
      25
      22
      27
      21
      23
      15
      28
      25
      25
      28
      28
      21
      13
      21
      21
      19
      31
      18
      22
      22
      19
      16
      18
      23
      25
      30
      27
      28
      25
      21
      26
      27
      25
      23
      27
      17
      18
      18
      23
      19
      22
      18
      15
      19
      17
      19
      21
      25
      29
      20
      15
      31
      21
      22
      23
      20
      11
      15
      26
      16
      21
      25
      21
      18
      19
      31
      16
      19
      22
      15
      21
      16
      31
      19
      12
      15
      19
      20
      17
      20
      23
      25
      30
      26
      27
      29
      24
      22
      15
      24
      17
      23
      16
      35
      23
      23
      27
      19
      29
      27
      21
      21
      18
      24
      17
      18
      18
      27
      21
      20
      30
      16
      25
      16
      17
      21
      18
      15
      24
      20
      24
      16
      24
      13
      17
      18
      17
      16
      26
      27
      28
      21
      16
      19
      22
      23
      18
      31
      20
      31
      23
      17
      15
      19
      17
      20
      26
      16
      21
      25
      29
      14
      21
      35
      19
      13
       9
      19
      23
      19
      14
      26
      28
      22
      18
      27
      25
      30
      18
      30
      15
      23
      24
      24
      24
      20
      14
      25
      28
      29
      25
      16
      22
      17
      21
      11
      17
      18
      26
      19
      25
      27
      18
      21
      27
      23
      21
      22
      26
      19
      28
      30
      18
      26
      22
      15
      22
      37
      25
      25
      21
      15
      30
      18
      25
      25
      24
      27
      23
      29
      17
      31
      30
      24
      17
      15
      22
      31
      38
      34
      34
      32
      34
      32
      29
      38
      21
      27
      31
      31
      41
      36
      34
      31
      38
      34
      37
      22
      26
      21
      30
      16
      27
      24
      16
      18
      12
      16
      11
      14
      13
      20
      14
      19
       8
      14
      16
      13
      14
      16
      15
       8
       7
       8
      11
      16
      13
      10
      15
      10
      15
      17
      10
       8
      11
      12
      10
      19
      11
      18
       7
      12
      13
      16
      11
       4
       8
      13
      13
      15
      11
      12
      14
       7
      15
      11
      13
      11
       8
      11
      21
      13
      13
       9
      14
      10
      10
       8
      14
      13
       7
       4
       5
      13
       9
      12
      10
      16
      16
      16
       9
       9
      16
       8
      10
      10
      10
      18
      13
       9
      15
      10
      15
      12
       6
       9
      13
      15
       4
       4
      12
       6
       8
      11
       5
      13
      12
       6
       7
      13
      16
      12
       8
      12
      14
       7
       7
      11
       6
      12
      16
       5
       8
      15
       5
       9
       6
       9
      10
      13
      13
       7
       9
       8
      13
      14
      20
      12
      14
      10
       9
       9
      10
       9
       9
       8
      15
       8
      10
      10
       7
      10
      11
      11
       6
       3
      14
      10
      11
      11
       9
      11
      11
       9
      10
      13
      13
      10
      14
      17
       6
      10
       9
      13
      11
       9
      10
       8
       8
      12
      10
       9
       5
       7
       5
      12
      13
       7
      10
       8
       9
       5
      10
       8
       8
       7
      17
       9
      13
       8
       7
       5
       8
      13
      14
       8
      14
       9
       7
      10
      14
       9
      15
       9
      10
       9
      14
       9
      13
      10
      13
      10
       8
       5
       8
       7
       8
       9
       6
      12
      16
      11
       8
       7
       7
       9
      13
      10
      16
      11
      14
      11
      12
      16
      11
      13
       8
      11
       8
      14
       8
      15
      12
      13
      14
       9
       4
      13
      11
      11
      10
      17
      12
      13
       4
      14
       8
      13
      11
      12
       9
       9
      16
      10
      12
      10
       7
       9
      12
      14
      10
      12
      10
       5
      16
       6
       8
       5
      13
      11
      10
       5
       9
       6
      10
      14
      12
       8
       6
      12
      10
      18
      17
       9
      13
      11
      16
       3
      12
      12
      10
      11
       4
       8
       9
       8
       7
       7
      13
      12
       9
       9
      13
       7
      17
      13
      16
      10
      13
      11
      12
       7
       8
      11
      11
      11
      13
      17
      15
      15
       9
      10
       6
      10
      10
       6
       8
       7
      13
      12
      14
      16
      15
      12
      12
      11
      15
      10
      12
      11
      15
      17
       8
       6
       9
      14
      11
      14
       7
      11
       8
      16
       8
      10
      11
       9
       7
       5
      14
      18
       5
      12
       8
      16
      11
       6
      16
      17
      12
       6
      12
      11
      13
      12
      19
      16
      26
      20
      18
      15
      10
      18
      12
       8
       9
       4
      12
      15
       8
       9
       6
      14
       9
      10
       7
      10
       8
       8
       4
       7
      12
       9
      10
      10
      10
       7
       7
       9
      11
       6
       8
      12
      18
       8
       7
      12
       4
       7
      11
      10
       7
      10
       5
       7
       9
       7
       7
       7
       6
      10
       4
       8
       6
       4
      11
      11
      14
       5
       8
      12
       5
      10
       6
       9
       8
       5
       7
       8
       9
       5
       9
       4
       5
      11
       4
       6
       5
       8
       7
       5
      12
       9
      10
       6
       8
       4
       6
      11
      10
       4
       5
      13
       4
      11
       5
       7
       5
      12
       6
      11
       7
      10
       8
       5
       8
      12
       5
       5
       6
       9
      10
      11
       6
       7
       6
       8
      13
       5
       5
      11
       7
       5
      15
       4
       7
       6
      10
       3
       6
       9
      14
      11
       9
       5
       7
      10
      13
      10
       5
       4
       8
      14
       6
      10
       4
      10
       4
       6
       5
       6
       9
       9
       5
       9
       8
       8
       4
       8
       5
       8
      12
       6
       6
       5
       5
       7
       7
       6
       9
       5
      12
       6
       6
       8
       4
       9
       7
       8
      10
      11
      10
       7
       6
      11
       8
       5
       7
       6
       8
       6
      10
       2
       9
       8
       5
      11
      10
      18
       5
       9
      10
      14
       7
      13
      25
      28
      38
      62
     117
     173
     245
     301
     353
     317
     282
     226
     152
     117
      63
      37
      26
      15
      11
       2
      10
      11
       7
       5
       7
      10
       6
       6
       6
       9
       9
       7
       9
       0
       7
       4
       8
       4
       8
       5
       9
      10
       3
       9
       5
       6
       9
       9
       7
       6
       5
       5
       5
       9
       7
       5
       5
       6
       5
       6
       3
       9
       9
       5
      10
       2
       9
       7
       5
       7
       7
       5
       5
       7
       5
       2
      10
       5
       5
       7
       6
       8
       4
       3
       8
       5
       7
       5
       7
       5
       4
      13
       1
      10
       9
       6
       7
       2
       6
       3
       7
       8
       8
       2
       9
       8
       6
       4
       5
       5
       5
       1
       5
       7
       8
       3
      13
       6
       7
       5
       5
      10
       4
       8
       6
       4
       9
       5
       6
       5
       0
       5
       7
       2
       1
       5
       6
       2
       5
      11
       2
       8
       6
       3
       1
       6
       5
       9
       5
       6
       4
       5
       3
       7
       5
       4
       6
       5
       4
       4
       5
       3
       4
       3
       3
       7
       4
       5
       5
       4
       4
       6
       3
       6
       3
      11
       3
       9
       9
       4
       4
       6
       6
       5
       9
       4
       8
       4
       5
       5
       6
       4
       4
       6
       5
       6
       8
       5
       5
       3
       6
       4
       6
       5
       6
       7
       7
       1
       6
       3
       5
       5
       6
       2
       4
       5
       4
       6
       7
       6
       2
       7
       6
      10
       5
       5
       5
       3
       4
       4
       4
       6
       6
       4
       8
      10
       6
       6
       3
       5
       3
       6
       3
       3
       7
       3
       3
       6
       5
       4
       6
       5
       5
       5
       4
      10
       6
       4
       7
       6
       5
       1
       3
       4
       4
       4
       9
       2
       6
       9
       8
       8
      10
      11
      10
       5
       4
       8
       4
       2
       5
       4
       9
       4
       6
       3
       5
       4
       4
       4
       0
       4
       4
       3
       5
       7
       6
       7
       4
       8
       4
       5
       2
       9
       5
       7
       5
      10
       3
       6
       6
       7
       7
       5
       8
       5
       3
       4
       6
       3
       6
       2
       0
       7
       9
       5
       4
       4
       3
       2
       3
       5
       4
       5
      10
       3
       5
       2
       5
       4
       7
       4
       3
       5
       1
       6
      10
       2
      10
       6
       1
       2
       4
       2
       4
       7
       1
       4
       3
       3
       1
       8
       5
       5
       4
       4
       5
       5
       6
       4
       3
       5
       6
       4
       5
       9
       4
       3
       4
       5
       1
       1
       3
       9
       5
       3
       4
       3
       1
       2
       4
       3
       6
       3
       2
       6
       7
       5
       5
       2
       3
       1
       4
       4
       3
       3
       6
       6
       3
       3
       4
       4
       3
       1
       4
       6
       1
      12
       6
       3
      15
      11
       7
      13
      18
       8
       3
       6
       6
       3
       4
       5
       3
       3
       5
       4
       7
       5
       5
       8
       3
       3
       7
       1
       2
       2
      10
       0
       1
       4
       6
       6
       7
       3
       6
       9
       1
       6
       3
       7
       2
       4
       2
       1
       6
       2
       1
       3
       2
       5
       4
       4
       1
       1
       4
       6
       4
       5
       4
       5
       2
       3
       6
       4
       2
       7
       2
       1
       4
       4
       2
       2
       5
       6
       4
       2
       5
       4
       3
       5
       4
       5
       0
       3
       5
       3
       4
       1
       1
       5
       5
       3
       2
       5
       6
       2
       1
       3
       3
       2
       3
       4
       1
       4
       5
       3
       3
       5
       6
       3
       5
       2
       2
       8
       6
       4
       2
       3
       2
       3
       4
       3
       5
       1
       4
       1
       2
       5
       6
       1
       3
       1
       2
       2
       3
       4
       5
       2
       4
       8
       3
       2
       6
       2
       6
       4
       2
       2
       3
       5
       2
       5
       2
       3
       2
       1
       4
       5
       2
       1
       2
       4
       3
       6
       2
       0
       3
       2
       4
       2
       1
       4
       4
       4
       1
       4
       3
       5
       4
       4
       1
       4
       3
       3
       5
       1
       4
       3
       2
       5
       2
       8
       2
       2
       5
       4
       3
       5
       4
       4
       2
       1
       3
       4
       2
       3
       3
       5
       4
       1
       1
       3
       6
       4
       8
       3
       5
       8
       7
       3
       5
       5
       5
       7
       4
       9
       8
       9
       9
      18
      20
      37
      47
      79
     130
     201
     254
     289
     267
     288
     221
     180
     128
      67
      44
      25
      17
       9
       7
       6
       4
       4
       3
       2
       6
       1
       0
       6
       3
       2
       9
       8
       3
       4
       2
       3
       3
       4
       0
       5
       4
       2
       4
       2
       7
       6
       1
       4
       2
       4
       5
       8
       2
       7
       2
       4
       4
       4
       3
       1
       2
       3
       3
       6
       4
       4
       1
       3
       0
       2
       2
       0
       2
       3
       3
       6
       3
       2
       2
       2
       3
       1
       1
       2
       3
       5
       1
       5
       2
       5
       1
       4
       2
       6
       4
       3
       3
       2
       3
       1
       3
       2
       3
       2
       1
       3
       7
       1
       0
       1
       1
       5
       3
       5
       2
       6
       4
       7
       5
       3
       1
       3
       2
       1
       3
       2
       1
       2
       1
       4
       0
       3
       2
       7
       1
       2
       2
       6
       4
       2
       1
       7
       2
       9
       1
       2
       1
       3
       2
       3
       2
       0
       1
       3
       2
       2
       2
       3
       5
       1
       4
       5
       1
       1
       0
       4
       4
       2
       3
       4
       1
       2
       3
       2
       1
       3
       3
       4
       4
       3
       3
       3
       2
       1
       4
       5
       4
       5
       3
       2
       3
       7
       6
       4
       4
       6
       4
       1
       2
       2
       3
       3
       4
       2
       4
       4
       5
       0
       1
       3
       5
       5
       3
       3
       2
       2
       1
       0
       3
       4
       2
       4
       3
       5
       3
       1
       4
       2
       2
       4
       2
       0
       2
       3
       4
       1
       3
       4
       3
       6
       7
       0
       6
       4
       1
       3
       2
       0
       2
       2
       3
       1
       2
       4
       1
       5
       1
       3
       1
       1
       2
       1
       1
       4
       3
       1
       4
       1
       0
       2
       2
       1
       0
       3
       3
       1
       2
       3
       2
       2
       1
       3
       3
       2
       2
       3
       7
       2
       0
       2
       2
       2
       2
       7
       2
       1
       3
       2
       3
       3
       2
       3
       2
       3
       6
       3
       2
       5
       2
       1
       0
       2
       2
       4
       5
       3
       6
       3
       6
       3
       3
       2
       5
       1
       2
       1
       3
       0
       2
       1
       2
       3
       3
       3
       1
       3
       3
       3
       1
       2
       2
       1
       2
       4
       2
       2
       2
       0
       2
       3
       2
       4
       2
       5
       0
       2
       3
       0
       3
       3
       2
       2
       1
       1
       6
       0
       5
       2
       5
       2
       2
       3
       1
       0
       4
       2
       2
       2
       2
       2
       1
       2
       5
       3
       3
       3
       2
       3
       3
       4
       2
       2
       1
       3
       3
       2
       2
       2
       2
       1
       0
       3
       4
       9
       2
       1
       2
       1
       3
       4
       1
       3
       0
       4
       1
       2
       2
       1
       1
       4
       3
       4
       2
       0
       0
       2
       3
       4
       1
       3
       2
       2
       2
       2
       1
       6
       1
       0
       4
       4
       2
       1
       4
       2
       2
       2
       4
       1
       2
       2
       2
       3
       1
       1
       1
       5
       0
       1
       3
       4
       0
       1
       6
       3
       1
       1
       2
       3
       1
       1
       3
       1
       0
       1
       3
       4
       2
       3
       0
       2
       1
       5
       3
       1
       2
       2
       2
       1
       2
       2
       2
       1
       2
       0
       0
       2
       2
       3
       0
       0
       1
       4
       1
       3
       0
       3
       2
       0
       3
       3
       0
       2
       1
       2
       5
       1
       1
       2
       1
       3
       1
       1
       7
       3
      12
      11
       6
      17
      19
      29
      36
      42
      32
      23
      30
      26
      11
       6
       6
       2
       1
       3
       2
       2
       3
       3
       2
       2
       0
       2
       0
       3
       2
       4
       3
       2
       6
       1
       4
       3
       3
       0
       3
       2
       1
       3
       4
       1
       3
       1
       3
       2
       1
       4
       1
       1
       2
       2
       0
       0
       3
       1
       4
       2
       1
       1
       1
       2
       0
       3
       3
       3
       0
       0
       3
       0
       1
       0
       3
       2
       0
       1
       2
       1
       1
       2
       1
       1
       0
       4
       0
       3
       1
       1
       2
       3
       4
       1
       3
       1
       3
       1
       3
       2
       1
       2
       2
       0
       2
       2
       2
       1
       2
       3
       2
       0
       3
       3
       6
       0
       1
       4
       3
       0
       2
       1
       1
       3
       1
       2
       1
       0
       2
       1
       3
       6
       3
       2
       2
       1
       3
       4
       3
       1
       1
       2
       1
       2
       0
       0
       3
       1
       1
       2
       1
       2
       1
       2
       1
       2
       0
       0
       1
       2
       1
       1
       2
       1
       1
       2
       2
       1
       1
       5
       2
       3
       1
       3
       0
       1
       4
       2
       1
       3
       1
       2
       5
       2
       1
       2
       3
       0
       1
       4
       2
       4
       4
       3
       0
       2
       1
       4
       2
       1
       1
       4
       7
       3
       2
       4
       1
       3
       2
       2
       1
       0
       2
       5
       1
       2
       4
       0
       2
       2
       4
       4
       1
       1
       0
       1
       0
       1
       3
       1
       2
       3
       1
       1
       2
       1
       1
       1
       2
       2
       2
       1
       2
       1
       2
       3
       4
       0
       2
       2
       0
       2
       1
       0
       5
       2
       0
       1
       1
       1
       1
       4
       2
       3
       1
       1
       1
       3
       2
       1
       2
       2
       1
       1
       1
       0
       1
       4
       2
       1
       1
       1
       4
       6
       1
       2
       0
       3
       4
       4
       1
       3
       1
       1
       2
       2
       3
       0
       2
       2
       2
       2
       1
       2
       2
       1
       1
       0
       2
       3
       0
       7
       2
       4
       2
       3
       2
       2
       0
       2
       4
       0
       0
       1
       1
       1
       1
       2
       3
       1
       2
       0
       1
       2
       3
       1
       3
       2
       2
       1
       0
       5
       0
       1
       2
       1
       0
       2
       0
       1
       1
       0
       1
       2
       1
       3
       2
       1
       6
       2
       5
       1
       2
       1
       1
       1
       3
       1
       2
       0
       2
       0
       1
       1
       0
       1
       1
       0
       1
       1
       2
       3
       2
       1
       2
       0
       2
       2
       3
       3
       0
       2
       2
       1
       0
       0
       3
       3
       1
       4
       0
       2
       0
       3
       2
       0
       1
       2
       0
       2
       2
       4
       2
       0
       1
       0
       2
       0
       1
       2
       3
       2
       1
       1
       0
       0
       1
       3
       5
       0
       2
       1
       0
       1
       0
       1
       0
       2
       1
       1
       1
       1
       4
       1
       1
       1
       0
       0
       0
       3
       4
       1
       2
       1
       1
       0
       2
       2
       1
       1
       0
       4
       2
       0
       1
       2
       3
       0
       1
       1
       1
       2
       0
       2
       0
       0
       2
       1
       0
       2
       2
       1
       2
       0
       0
       3
       0
       1
       0
       0
       0
       1
       0
       0
       2
       1
       2
       0
       0
       1
       1
       0
       2
       5
       2
       3
       0
       4
       0
       3
       2
       0
       3
       0
       3
       2
       1
       1
       4
       1
       2
       2
       1
       0
       1
       4
       1
       1
       0
       1
       0
       1
       2
       0
       1
       1
       1
       1
       6
       3
       1
       2
       4
       2
       0
       1
       1
       2
       2
       1
       1
       0
       1
       1
       2
       1
       1
       1
       1
       0
       1
       4
       1
       2
       2
       1
       1
       1
       1
       2
       1
       1
       0
       3
       2
       1
       1
       2
       3
       2
       1
       0
       1
       2
       2
       1
       1
       1
       0
       1
       1
       1
       3
       1
       1
       4
       2
       2
       1
       0
       1
       0
       2
       1
       1
       1
       4
       2
       2
       2
       2
       0
       1
       3
       3
       1
       4
       0
       0
       0
       0
       1
       0
       3
       1
       1
       3
       2
       1
       0
       1
       1
       0
       0
       1
       0
       1
       2
       1
       1
       1
       1
       2
       0
       0
       0
       0
       0
       1
       1
       2
       0
       0
       1
       0
       1
       3
       4
       1
       1
       3
       2
       1
       1
       2
       1
       4
       0
       0
       1
       0
       1
       3
       0
       1
       1
       5
       1
       1
       0
       2
       5
       1
       2
       4
       0
       3
       2
       1
       1
       1
       0
       1
       3
       1
       0
       1
       1
       3
       1
       2
       1
       0
       0
       2
       0
       1
       0
       1
       0
       2
       0
       2
       1
       0
       0
       1
       0
       4
       1
       1
       0
       0
       0
       0
       1
       1
       1
       3
       2
       0
       1
       3
       3
       2
       2
       1
       0
       2
       0
       2
       3
       5
       1
       0
       4
       0
       0
       0
       1
       2
       1
       0
       4
       1
       0
       2
       2
       2
       2
       3
       3
       0
       1
       0
       0
       1
       1
       2
       1
       0
       0
       0
       1
       1
       0
       0
       1
       3
       0
       1
       0
       1
       0
       1
       1
       1
       0
       0
       1
       2
       3
       0
       0
       2
       1
       1
       0
       0
       0
       1
       1
       3
       1
       0
       0
       4
       1
       1
       1
       0
       1
       0
       2
       1
       3
       1
       2
       2
       2
       1
       1
       2
       3
       2
       0
       3
       2
       0
       1
       3
       2
       2
       0
       1
       0
       1
       0
       1
       1
       0
       1
       1
       3
       2
       1
       1
       1
       1
       4
       1
       1
       1
       1
       0
       1
       1
       0
       2
       1
       1
       3
       2
       0
       2
       0
       0
       5
       1
       0
       2
       0
       2
       1
       1
       1
       0
       4
       1
       0
       1
       1
       4
       1
       2
       0
       0
       0
       1
       2
       0
       0
       0
       1
       1
       0
       2
       1
       0
       2
       0
       2
       1
       1
       1
       0
       3
       1
       0
       3
       2
       2
       1
       1
       2
       2
       5
       2
       0
       1
       3
       2
       4
       1
       2
       1
       0
       1
       0
       0
       2
       1
       1
       1
       1
       0
       0
       0
       1
       0
       1
       2
       0
       1
       1
       0
       2
       3
       1
       1
       0
       1
       1
       1
       2
       2
       0
       0
       5
       0
       0
       0
       0
       0
       1
       1
       1
       0
       3
       0
       4
       0
       1
       0
       0
       2
       0
       0
       1
       2
       4
       1
       0
       0
       0
       0
       4
       1
       0
       3
       0
       1
       1
       0
       0
       1
       2
       1
       1
       1
       0
       2
       1
       2
       0
       0
       0
       0
       1
       1
       1
       1
       0
       0
       0
       0
       0
       3
       3
       0
       0
       1
       0
       1
       1
       0
       0
       1
       1
       2
       0
       2
       0
       0
       0
       2
       0
       0
       1
       2
       2
       0
       1
       1
       0
       2
       0
       0
       0
       1
       0
       1
       0
       0
       2
       2
       1
       0
       2
       1
       0
       1
       1
       0
       1
       0
       0
       2
       1
       1
       2
       1
       2
       0
       0
       0
       2
       2
       0
       1
       2
       1
       1
       3
       2
       0
       0
       1
       1
       0
       2
       2
       2
       0
       0
       1
       0
       1
       1
       3
       1
       2
       0
       1
       2
       1
       2
       2
       3
       2
       0
       2
       0
       0
       0
       0
       2
       0
       3
       1
       1
       1
       0
       0
       1
       2
       1
       2
       1
       0
       2
       1
       2
       0
       0
       2
       0
       3
       0
       2
       2
       0
       1
       0
       0
       0
       3
       1
       0
       1
       2
       0
       1
       1
       1
       0
       0
       1
       0
       2
       0
       0
       0
       1
       0
       2
       0
       0
       0
       1
       1
       2
       1
       1
       1
       1
       3
       2
       0
       1
       1
       1
       1
       0
       1
       0
       0
       1
       0
       0
       2
       2
       1
       1
       2
       1
       0
       0
       1
       0
       1
       2
       2
       0
       0
       1
       2
       2
       2
       0
       2
       0
       0
       0
       3
       0
       0
       1
       3
       0
       1
       3
       0
       1
       3
       0
       1
       0
       2
       2
       1
       1
       0
       1
       2
       1
       1
       1
       1
       1
       5
       2
       7
      10
       4
       9
       7
       6
       7
       6
       7
       4
       1
       0
       0
       2
       0
       0
       1
       2
       0
       1
       2
       0
       1
       2
       0
       1
       2
       0
       2
       2
       1
       2
       1
       1
       0
       2
       1
       0
       0
       0
       2
       1
       0
       1
       0
       1
       2
       0
       0
       1
       1
       0
       1
       0
       3
       1
       0
       1
       3
       0
       1
       0
       1
       0
       2
       1
       2
       3
       0
       1
       1
       1
       1
       0
       1
       1
       0
       1
       0
       1
       0
       1
       2
       0
       0
       2
       0
       0
       0
       0
       0
       1
       2
       1
       0
       2
       0
       1
       0
       1
       3
       1
       0
       2
       0
       2
       1
       0
       0
       1
       1
       0
       1
       0
       1
       1
       1
       2
       2
       1
       1
       0
       1
       0
       2
       0
       0
       1
       1
       0
       0
       2
       0
       0
       1
       1
       0
       0
       1
       2
       1
       1
       1
       0
       0
       1
       0
       0
       1
       1
       1
       0
       0
       0
       2
       1
       0
       0
       0
       2
       1
       0
       0
       0
       0
       1
       1
       2
       0
       1
       0
       1
       0
       1
       0
       0
       2
       0
       0
       2
       0
       2
       0
       0
       0
       2
       0
       1
       1
       1
       1
       3
       0
       2
       1
       0
       2
       1
       0
       1
       2
       2
       0
       1
       3
       2
       1
       0
       0
       0
       2
       0
       0
       2
       0
       0
       1
       1
       0
       1
       0
       2
       2
       0
       0
       0
       1
       0
       0
       0
       0
       1
       2
       0
       0
       2
       1
       2
       1
       1
       2
       1
       0
       1
       1
       1
       0
       0
       1
       1
       2
       2
       1
       0
       1
       0
       0
       1
       2
       1
       0
       1
       1
       1
       1
       1
       2
       0
       0
       0
       1
       2
       2
       1
       1
       1
       1
       3
       1
       1
       1
       1
       0
       0
       0
       0
       1
       0
       0
       0
       2
       1
       0
       0
       1
       1
       1
       0
       0
       1
       0
       1
       2
       3
       0
       1
       1
       0
       1
       0
       1
       1
       2
       1
       0
       0
       0
       2
       0
       0
       0
       1
       2
       2
       2
       1
       0
       1
       1
       2
       0
       1
       2
       1
       0
       0
       1
       1
       0
       0
       0
       1
       5
       2
       2
       3
       2
       1
       1
       3
       0
       2
       1
       1
       0
       0
       0
       0
       0
       0
       3
       1
       1
       3
       2
       2
       0
       0
       3
       0
       0
       0
       1
       1
       2
       0
       2
       1
       2
       1
       0
       0
       0
       3
       0
       1
       0
       1
       2
       0
       0
       1
       1
       0
       0
       1
       3
       0
       0
       0
       0
       0
       1
       1
       1
       2
       0
       1
       0
       0
       1
       0
       1
       0
       0
       0
       0
       1
       1
       0
       2
       0
       0
       1
       2
       1
       0
       1
       1
       0
       1
       1
       1
       0
       2
       1
       0
       0
       1
       3
       0
       1
       2
       0
       0
       1
       1
       0
       3
       0
       1
       2
       2
       0
       0
       0
       1
       1
       0
       0
       1
       0
       0
       1
       0
       0
       2
       0
       0
       0
       1
       0
       0
       1
       0
       0
       0
       0
       1
       0
       1
       0
       0
       2
       1
       0
       0
       2
       1
       1
       0
       0
       1
       0
       2
       0
       0
       1
       0
       2
       0
       1
       1
       0
       0
       1
       1
       0
       0
       1
       1
       1
       0
       1
       0
       0
       2
       1
       0
       2
       0
       0
       1
       0
       0
       0
       2
       0
       1
       0
       1
       1
       4
       2
       0
       1
       0
       1
       0
       0
       0
       1
       0
       0
       2
       0
       0
       0
       0
       0
       0
       1
       0
       1
       0
       1
       0
       0
       0
       1
       1
       2
       0
       0
       0
       1
       2
       1
       1
       1
       0
       0
       0
       0
       2
       1
       0
       2
       0
       0
       3
       0
       0
       1
       0
       0
       2
       1
       0
       1
       1
       1
       1
       0
       2
       1
       0
       1
       0
       0
       0
       0
       0
       1
       1
       0
       0
       1
       0
       1
       0
       0
       1
       0
       0
       0
       2
       0
       3
       0
       1
       1
       0
       0
       0
       1
       1
       1
       0
       0
       0
       0
       1
       1
       1
       1
       2
       0
       1
       0
       0
       1
       0
       2
       0
       1
       1
       0
       0
       0
       0
       0
       0
       1
       0
       0
       0
       2
       1
       1
       1
       2
       0
       1
       1
       0
       0
       1
       0
       2
       1
       0
       1
       1
       0
       0
       2
       0
       1
       1
       1
       0
       0
       1
       0
       2
       1
       1
       0
       2
       0
       0
       1
       0
       1
       3
       1
       0
       1
       2
       0
       1
       0
       0
       1
       0
       0
       0
       0
       0
       2
       1
       1
       1
       2
       0
       1
       1
       2
       0
       0
       1
       4
       0
       4
       1
       0
       1
       0
       1
       1
       0
       0
       1
       2
       0
       0
       0
       0
       0
       3
       0
       1
       1
       0
       0
       0
       0
       2
       1
       0
       2
       2
       0
       1
       2
       0
       3
       0
       1
       1
       0
       1
       0
       0
       0
       0
       2
       2
       0
       1
       0
       0
       2
       0
       0
       2
       0
       0
       0
       1
       0
       0
       0
       0
       0
       0
       0
       2
       0
       1
       0
       1
       0
       1
       1
       3
       0
       2
       0
       1
       0
       0
       1
       0
       1
       1
       0
       0
       0
       0
       2
       0
       0
       2
       0
       0
       0
       0
       0
       0
       1
       0
       0
       2
       2
       1
       1
       2
       4
       0
       1
       0
       0
       1
       0
       1
       1
       1
       0
       0
       0
       0
       0
       0
       3
       1
       1
       1
       2
       0
       1
       1
       1
       0
       1
       0
       0
       2
       1
       0
       0
       0
       0
       0
       0
       1
       2
       2
       1
       0
       0
       0
       1
       0
       0
       0
       0
       0
       0
       0
       0
       0
       0
       0
       0
       0
       0
       0
       0
       0
       0
       0
       0
       0
       0
       0
       0
       0
       0
       0
       0
       0
       0
       0
       0
       0
       0
       0
       0
       0
       0
       0
       0
       0
       0
       0
       0
       0
       0
       0
       0
       0
       0
       0
       0
       0
       0
       0
       0
       0
       0
       0
       0
       0
       0
       0
       0
       0
       0
       0
       0
       0
       0
       0
       0
       0
       0
       0
       0
       0
       0
       0
       0
       0
       0
       0
       0
       0
       0
       0
       0
       0
       0
       0
       0
       0
       0
       0
       0
       0
       0
       0
       0
       0
       0
       0
       0
       0
       0
       0
       0
       0
       0
       0
       0
       0
       0
       0
       0
       0
       0
       0
       0
       0
       0
       0
       0
       0
       0
       0
       0
       0
$ROI:
2
1936 2287
5338 5513
$PRESETS:
Integral
500000
0
$ENER_FIT:
0.000000 0.245432
$MCA_CAL:
3
0.000000E+000 2.454316E-001 0.000000E+000 keV
$SHAPE_CAL:
3
7.465718E+000 0.000000E+000 0.000000E+000
