$SPEC_ID:
No sample description was entered.
$SPEC_REM:
DET# 1
DETDESC# BUNCHER Easy-MCA-8k SN 9051292
AP# Maestro Version 6.08
$DATE_MEA:
07/26/2019 13:17:52
$MEAS_TIM:
344 433
$DATA:
0 8191
       0
       0
       0
       0
       0
       0
       0
       0
       0
       0
       0
       0
       0
       0
       0
       0
       0
       1
       1
       4
      29
     124
     629
    1676
    3084
    4800
    5665
   12504
    6374
     641
     372
     159
     242
     753
    1541
    1969
    1953
    1736
    1614
    1377
    1453
    1391
    1442
    1449
    1458
    1407
    1482
    1450
    1409
    1351
    1372
    1402
    1308
    1381
    1285
    1265
    1270
    1274
    1330
    1344
    1276
    1301
    1177
    1214
    1246
    1176
    1168
    1222
    1194
    1138
    1157
    1231
    1189
    1077
    1104
    1097
    1076
    1147
    1123
    1134
    1099
    1059
     987
    1090
    1127
    1102
    1026
    1037
    1071
    1084
    1083
    1000
    1014
    1012
     939
    1012
    1016
     989
    1084
    1078
    1045
    1006
    1032
    1005
    1002
     945
     976
     980
     956
    1000
     985
     970
     967
     980
     917
     937
     985
     987
     892
     934
     908
     916
     945
     890
     929
     927
     884
     918
     910
     905
     925
     931
     916
     905
     861
     943
     914
     943
     927
     859
     932
     902
     860
     906
     883
     893
     898
     839
     870
     897
     844
     892
     884
     838
     837
     898
     923
     863
     903
     891
     929
     827
     901
     865
     861
     844
     808
     839
     853
     850
     875
     884
     868
     837
     914
     896
     866
     884
     849
     834
     849
     790
     867
     829
     869
     805
     888
     846
     857
     835
     821
     880
     884
     876
     861
     875
     815
     873
     828
     908
     848
     836
     871
     891
     808
     853
     877
     857
     864
     894
     907
     862
     904
     853
     894
     857
     895
     879
     832
     871
     837
     885
     896
     832
     859
     868
     838
     883
     886
     864
     866
     846
     920
     911
     835
     873
     894
     876
     855
     902
     845
     887
     867
     862
     895
     848
     895
     873
     858
     895
     861
     868
     903
     905
     878
     887
     883
     881
     919
     933
     923
     878
     944
     890
     950
     881
     915
     901
     926
     975
     939
     921
     912
     879
     972
     912
     955
     918
     991
     912
     893
     947
    1031
     957
     930
     942
     943
     945
     949
     945
    1030
     986
    1083
    1029
    1090
    1078
     988
     974
     969
     962
    1099
    1077
    1192
    1212
    1182
    1036
    1020
     951
    1060
     982
    1020
     965
     984
    1001
     932
     940
    1015
     944
    1001
    1019
    1029
    1017
    1018
     981
     961
     960
     999
    1025
     970
     993
     968
    1036
    1008
     984
    1028
    1046
     992
    1062
    1022
    1117
    1199
    1152
    1258
    1268
    1278
    1185
    1089
    1032
    1037
    1031
    1050
    1059
    1180
    1103
    1147
    1071
    1021
    1056
    1037
    1048
    1009
    1053
    1094
    1025
    1042
    1065
    1013
    1070
    1134
    1119
    1137
    1048
    1082
    1047
    1064
    1035
    1083
    1133
    1080
    1145
    1139
    1090
    1151
    1102
    1114
    1109
    1115
    1142
    1144
    1101
    1131
    1081
    1095
    1114
    1107
    1144
    1096
    1113
    1135
    1132
    1159
    1113
    1128
    1145
    1150
    1141
    1078
    1172
    1135
    1083
    1130
    1149
    1137
    1173
    1151
    1193
    1179
    1175
    1161
    1130
    1142
    1184
    1139
    1126
    1160
    1148
    1173
    1231
    1139
    1227
    1193
    1185
    1228
    1254
    1154
    1233
    1201
    1177
    1222
    1176
    1190
    1175
    1264
    1168
    1144
    1236
    1232
    1209
    1168
    1215
    1198
    1222
    1215
    1186
    1196
    1257
    1187
    1253
    1201
    1153
    1173
    1203
    1229
    1205
    1195
    1180
    1190
    1297
    1221
    1240
    1174
    1130
    1209
    1226
    1227
    1193
    1152
    1235
    1205
    1195
    1246
    1219
    1206
    1189
    1167
    1158
    1210
    1237
    1241
    1234
    1188
    1205
    1194
    1261
    1176
    1230
    1211
    1211
    1164
    1166
    1192
    1216
    1245
    1248
    1232
    1221
    1192
    1214
    1180
    1261
    1203
    1168
    1258
    1176
    1211
    1191
    1302
    1197
    1163
    1133
    1192
    1286
    1237
    1212
    1175
    1264
    1173
    1191
    1152
    1227
    1170
    1191
    1159
    1208
    1165
    1172
    1217
    1131
    1224
    1121
    1190
    1126
    1235
    1202
    1159
    1213
    1173
    1179
    1161
    1189
    1162
    1178
    1162
    1149
    1169
    1181
    1235
    1210
    1186
    1217
    1162
    1186
    1148
    1159
    1185
    1130
    1139
    1166
    1196
    1088
    1176
    1219
    1104
    1209
    1178
    1206
    1197
    1113
    1114
    1203
    1165
    1168
    1209
    1179
    1148
    1138
    1178
    1153
    1131
    1120
    1161
    1139
    1094
    1148
    1126
    1179
    1115
    1094
    1124
    1182
    1170
    1184
    1131
    1167
    1126
    1159
    1138
    1182
    1170
    1168
    1159
    1158
    1091
    1178
    1163
    1158
    1191
    1119
    1178
    1135
    1106
    1099
    1117
    1126
    1171
    1102
    1121
    1167
    1137
    1115
    1109
    1160
    1130
    1124
    1138
    1103
    1113
    1123
    1117
    1105
    1132
    1187
    1146
    1127
    1138
    1146
    1175
    1173
    1131
    1124
    1141
    1201
    1070
    1170
    1084
    1226
    1136
    1103
    1194
    1082
    1155
    1180
    1157
    1111
    1101
    1104
    1140
    1137
    1111
    1226
    1098
    1109
    1156
    1176
    1135
    1143
    1111
    1112
    1170
    1188
    1131
    1144
    1074
    1139
    1149
    1113
    1145
    1160
    1177
    1151
    1217
    1179
    1157
    1307
    1186
    1186
    1268
    1212
    1149
    1226
    1196
    1214
    1198
    1175
    1153
    1189
    1222
    1206
    1170
    1175
    1251
    1172
    1171
    1222
    1230
    1187
    1218
    1229
    1182
    1186
    1178
    1146
    1148
    1232
    1206
    1148
    1135
    1161
    1141
    1073
    1125
    1110
    1127
    1089
    1147
    1107
    1119
    1101
    1162
    1087
    1112
    1112
    1111
    1128
    1151
    1100
    1156
    1101
    1107
    1113
    1104
    1102
    1045
    1054
    1078
    1056
    1090
    1046
    1070
    1085
    1008
    1093
    1063
    1049
     997
    1085
    1063
    1088
    1113
    1053
     967
     990
    1034
    1021
    1003
     988
     997
    1048
     982
     972
    1045
    1032
    1010
    1095
    1062
     960
     990
    1012
    1009
     964
     994
    1004
    1020
    1010
    1001
    1027
    1002
    1026
    1004
     988
     957
     970
    1014
    1008
     918
    1019
     981
     967
     983
    1009
     988
    1010
     954
     939
     969
     988
     947
     973
     981
     931
     914
    1011
     931
     967
    1026
     985
     976
     900
     961
     921
     912
     943
     940
     879
    1008
     962
     935
     928
     971
     904
     924
     957
     941
     916
     997
     930
     889
     972
     905
     922
     925
     949
     961
     961
     898
     895
     920
     855
     937
     934
     955
     920
     899
     836
     933
     907
     888
     917
     887
     922
     882
     948
     855
     877
     917
     927
     939
     870
     886
     880
     919
     938
     919
     877
     909
     877
     861
     926
     922
     907
     899
     897
     956
     884
     900
     841
     943
     896
     895
     866
     928
     876
     900
     892
     921
     901
     906
     934
     890
     936
     890
     918
     938
     892
     939
     918
     860
     956
     867
     931
     896
     873
     865
     900
     909
     862
     915
     910
     895
     869
     863
     885
     930
     854
     933
     891
     879
     941
     920
     919
     878
     890
     932
     913
     869
     852
     829
     903
     891
     864
     855
     891
     881
     841
     930
     876
     842
     871
     851
     889
     847
     845
     885
     875
     903
     884
     911
     859
     889
     814
     913
     924
     924
     937
     914
     891
     914
     854
     874
     885
     856
     892
     878
     858
     931
     882
     864
     880
     894
     868
     914
     841
     922
     825
     848
     876
     901
     903
     809
     901
     866
     867
     875
     886
     870
     869
     854
     860
     849
     869
     921
     923
     839
     892
     816
     854
     865
     857
     880
     893
     862
     916
     882
     859
     894
     904
     930
     867
     891
     847
     884
     910
     862
     873
     871
     889
     859
     874
     928
     845
     883
     858
     893
     863
     847
     888
     885
     862
     862
     835
     890
     860
     824
     889
     867
     925
     866
     934
     865
     834
     888
     904
     918
     911
     870
     874
     856
     883
     848
     908
     894
     881
     879
     913
     886
     868
     922
     897
     896
     909
     899
     900
     942
     870
     878
     861
     921
     952
     948
     879
     870
     849
     907
     913
     908
     897
     870
     884
     925
     957
     909
     905
     861
     903
     895
     867
     885
     883
     921
     872
     862
     906
     927
     881
     890
     886
     946
     858
     883
     903
     930
     882
     952
     877
     867
     912
     923
     853
     906
     904
     875
     910
     934
     927
     909
     878
     909
     947
     963
     894
     960
     940
     890
     930
     869
     899
     875
     892
     878
     904
     911
     845
     915
     955
     882
     921
     929
     898
     881
     907
     900
     967
     899
     914
     957
     950
     956
     938
     998
     931
     915
     888
     971
     945
     919
     867
     882
     897
     909
     956
     896
     927
     943
     922
     927
     934
     968
     958
     924
     946
     974
     911
     873
     929
     919
     942
     940
     964
     979
     973
     955
     973
     976
     987
     895
     924
     944
     918
     925
     951
     909
     973
     971
     957
     906
     946
     936
     951
     924
     934
     960
     924
     931
     928
     923
     968
     961
    1010
     944
     959
     926
     985
     914
     911
     977
     979
    1012
     942
    1035
     962
     935
     964
     989
     989
     966
     939
     992
     995
     962
     903
     994
     925
    1005
     967
     976
     972
     957
     934
     947
    1028
    1016
     982
    1022
     960
     968
     986
     975
     982
    1050
     998
     942
     920
     948
     981
     959
     990
    1012
    1056
    1028
    1042
    1006
     982
     999
    1063
    1012
    1029
     958
     991
     968
    1054
     990
     973
    1003
     980
    1058
    1039
     969
    1011
     986
    1046
     995
     995
     966
    1061
     987
    1091
    1099
    1011
    1003
    1092
    1043
    1029
    1000
    1036
    1009
    1041
     998
    1056
    1030
    1067
    1030
    1026
    1021
    1008
    1073
    1007
    1058
    1038
     996
    1069
    1029
    1052
    1063
    1036
    1044
    1004
    1050
    1020
    1069
    1078
    1059
    1057
    1032
    1015
    1071
    1073
    1024
    1039
    1026
    1013
    1082
    1084
    1024
    1032
    1014
    1080
    1033
    1081
    1085
    1089
    1053
    1007
    1073
    1013
    1046
    1006
    1007
    1044
    1047
    1009
     994
    1028
    1046
    1020
    1023
    1013
     958
    1010
     947
     945
     939
     964
     889
     947
     954
     905
     906
     954
     918
     857
     885
     854
     901
     854
     766
     872
     788
     749
     809
     830
     766
     793
     807
     751
     729
     768
     810
     756
     719
     744
     746
     732
     681
     747
     746
     754
     708
     727
     740
     726
     687
     743
     703
     748
     684
     701
     695
     687
     723
     702
     727
     697
     702
     713
     711
     695
     720
     743
     710
     678
     667
     698
     655
     680
     608
     665
     624
     698
     688
     712
     699
     667
     665
     672
     645
     649
     675
     663
     679
     632
     629
     610
     641
     653
     617
     591
     652
     606
     638
     673
     647
     575
     620
     610
     632
     591
     617
     618
     641
     590
     568
     611
     608
     556
     602
     602
     599
     578
     602
     573
     560
     593
     588
     601
     617
     616
     612
     606
     585
     574
     565
     583
     577
     598
     574
     580
     578
     550
     563
     564
     564
     609
     525
     595
     564
     574
     584
     541
     589
     577
     574
     560
     539
     538
     588
     567
     563
     550
     525
     519
     553
     545
     591
     585
     585
     585
     553
     526
     549
     566
     570
     554
     587
     518
     550
     495
     487
     552
     537
     524
     510
     495
     532
     532
     490
     524
     483
     514
     547
     537
     503
     518
     504
     559
     547
     487
     511
     460
     512
     492
     540
     501
     508
     502
     515
     513
     516
     501
     493
     488
     494
     525
     488
     520
     510
     482
     479
     519
     504
     476
     523
     487
     489
     506
     487
     480
     511
     487
     504
     450
     447
     461
     506
     494
     464
     435
     469
     445
     515
     465
     463
     468
     437
     489
     474
     447
     442
     446
     455
     491
     434
     452
     457
     443
     467
     456
     439
     441
     439
     479
     412
     459
     474
     414
     436
     479
     425
     439
     427
     425
     458
     431
     389
     460
     396
     463
     452
     434
     473
     438
     427
     427
     441
     439
     445
     442
     439
     440
     432
     454
     463
     430
     440
     396
     448
     493
     460
     432
     410
     446
     439
     424
     395
     398
     422
     426
     427
     460
     419
     418
     412
     408
     394
     399
     419
     422
     430
     431
     439
     421
     379
     412
     419
     427
     445
     392
     411
     416
     430
     474
     419
     430
     387
     405
     391
     438
     432
     395
     416
     395
     442
     382
     422
     398
     412
     438
     411
     441
     421
     413
     398
     393
     400
     383
     400
     414
     389
     400
     348
     422
     414
     418
     400
     426
     396
     404
     368
     435
     394
     432
     411
     393
     404
     396
     420
     409
     421
     430
     415
     375
     393
     400
     372
     372
     409
     402
     442
     401
     406
     412
     415
     428
     417
     420
     449
     369
     393
     395
     392
     418
     411
     417
     419
     407
     400
     406
     394
     419
     389
     411
     420
     384
     371
     415
     406
     410
     435
     392
     432
     381
     382
     400
     390
     363
     419
     413
     399
     384
     381
     397
     410
     375
     358
     392
     390
     391
     415
     335
     397
     428
     423
     402
     403
     391
     408
     385
     358
     397
     392
     384
     385
     399
     413
     403
     393
     388
     401
     397
     377
     372
     380
     393
     387
     394
     435
     350
     378
     413
     353
     405
     388
     424
     355
     378
     402
     395
     419
     385
     404
     340
     384
     429
     406
     393
     375
     381
     405
     368
     365
     380
     393
     413
     402
     372
     381
     390
     385
     372
     383
     388
     385
     351
     433
     372
     369
     385
     397
     405
     432
     380
     415
     373
     383
     417
     384
     362
     406
     367
     400
     339
     384
     399
     379
     389
     379
     366
     396
     434
     406
     397
     346
     398
     389
     359
     405
     335
     371
     387
     365
     384
     356
     385
     404
     410
     362
     382
     376
     377
     402
     359
     403
     355
     374
     370
     374
     364
     392
     351
     340
     365
     391
     349
     394
     381
     393
     373
     365
     409
     399
     398
     375
     385
     399
     334
     398
     380
     340
     345
     381
     442
     370
     410
     392
     326
     359
     329
     377
     361
     357
     383
     382
     352
     367
     375
     371
     376
     389
     368
     343
     352
     341
     362
     381
     398
     391
     351
     363
     389
     380
     392
     398
     381
     371
     406
     369
     362
     376
     359
     351
     363
     321
     376
     381
     333
     383
     402
     400
     364
     355
     358
     373
     376
     370
     386
     355
     386
     390
     392
     351
     387
     353
     394
     395
     377
     390
     392
     390
     370
     380
     383
     360
     370
     398
     378
     360
     375
     334
     398
     357
     362
     366
     364
     395
     408
     424
     384
     375
     384
     399
     374
     377
     375
     369
     357
     403
     373
     410
     386
     395
     428
     378
     411
     477
     441
     451
     460
     495
     496
     523
     634
     639
     727
     755
     912
    1108
    1400
    1739
    2128
    2694
    3567
    4722
    5821
    7691
    9578
   12410
   15532
   18719
   22101
   25552
   28301
   30228
   30882
   29937
   28366
   26087
   22905
   19701
   15889
   12486
    9798
    7463
    5635
    4328
    3256
    2523
    1941
    1480
    1245
    1011
     767
     657
     566
     471
     415
     385
     375
     311
     295
     285
     272
     276
     237
     245
     218
     235
     209
     207
     226
     193
     201
     178
     212
     183
     195
     208
     203
     196
     191
     199
     201
     201
     169
     182
     168
     196
     198
     167
     136
     192
     172
     162
     184
     140
     166
     160
     171
     166
     142
     138
     151
     150
     155
     149
     165
     127
     144
     138
     169
     155
     160
     139
     143
     133
     125
     123
     108
     145
     126
     142
     142
     126
     136
     143
     137
     118
     148
     116
     143
     121
     116
     140
     127
     128
     118
     107
     104
     127
     125
     127
     119
     135
     106
     127
     119
     124
     121
      93
     107
     132
     136
      98
     112
     111
     122
     131
     122
     105
     131
     109
     114
     121
     131
     107
     114
     119
     124
     115
     125
     119
     121
      98
     102
     120
      85
     112
     119
     100
      94
     101
      93
      97
     106
     113
     127
      98
     121
     117
      99
     116
      81
      96
     100
      99
     124
     100
      91
     101
      97
     105
      93
     120
      89
      91
      88
     117
     112
      91
      98
      96
      92
     107
     116
      94
     107
     115
      83
      81
      95
     101
     102
      89
     100
      94
     103
     126
      95
     105
     100
      79
      92
      88
     105
     104
      97
      93
      93
      96
      85
      83
      93
      82
      94
      89
     110
      92
      88
      89
      85
      82
      88
      83
      65
      92
      93
      95
      86
      88
      80
      87
      92
     108
      94
     103
      84
      85
      92
      87
      98
      90
     105
      96
      86
      79
      97
      86
      75
      76
      99
     103
      83
      75
      81
      77
      74
      89
      87
      88
      90
      78
      71
     101
      74
      83
      78
      88
      76
      84
      85
      96
      87
      70
      70
      96
      87
      92
      77
      98
      92
      94
      85
      72
      72
      78
      91
      94
      78
      90
      75
      85
      89
      79
      77
      84
      80
      82
      86
     104
      88
      76
      92
      78
      74
      85
      79
      87
      86
      99
      90
      87
      87
      93
      65
      85
      97
      74
      81
      55
      84
      75
      91
      87
      75
      74
      68
      68
      82
      80
      73
      81
      84
      89
      68
      81
      66
      91
      75
      87
      92
      70
      71
      73
      90
      88
      63
      76
      80
      58
      77
      79
      76
      74
      80
      78
      70
      72
      82
      81
      88
      73
      70
      78
      86
      67
      92
      89
      83
      86
      75
      85
      72
      80
      76
      78
      88
      83
      67
      74
      68
      72
      62
      77
      95
      87
      83
      64
      95
      70
      70
      73
      72
      74
      83
      84
      67
      81
      79
      78
      92
      94
      91
      83
     110
     105
     127
     113
      90
      80
      76
      69
      82
      82
      73
      78
      77
      64
      78
      79
      76
      79
      76
      69
      74
      63
      65
      62
      64
      70
      63
      86
      56
      68
      72
      76
      76
      64
      72
      83
      58
      65
      62
      70
      72
      62
      69
      62
      74
      69
      68
      71
      61
      54
      78
      70
      59
      65
      82
      72
      52
      83
      61
      70
      65
      62
      58
      66
      58
      68
      70
      64
      71
      75
      77
      51
      65
      77
      64
      71
      72
      78
      60
      62
      72
      75
      68
      73
      65
      62
      70
      76
      69
      63
      66
      75
      60
      61
      79
      85
      58
      67
      59
      75
      58
      60
      66
      79
      58
      68
      64
      79
      71
      68
      49
      70
      60
      48
      71
      59
      74
      66
      68
      64
      55
      58
      57
      68
      59
      61
      62
      72
      57
      55
      57
      53
      57
      63
      73
      43
      72
      80
      58
      65
      64
      63
      72
      65
      62
      64
      49
      65
      54
      57
      57
      58
      69
      60
      73
      71
      66
      54
      59
      62
      62
      69
      67
      60
      64
      63
      78
      69
      65
      62
      77
      46
      49
      52
      59
      64
      59
      67
      68
      53
      65
      71
      59
      52
      54
      67
      61
      71
      63
      73
      53
      49
      73
      59
      64
      53
      54
      64
      63
      52
      65
      49
      58
      56
      56
      52
      64
      55
      53
      70
      55
      54
      42
      70
      65
      60
      63
      57
      63
      60
      67
      57
      54
      38
      48
      61
      56
      62
      54
      52
      65
      52
      60
      62
      55
      61
      59
      60
      57
      72
      55
      51
      51
      63
      67
      57
      59
      65
      35
      48
      47
      63
      63
      51
      56
      47
      60
      50
      53
      60
      53
      42
      57
      54
      58
      67
      61
      56
      60
      48
      51
      51
      61
      33
      59
      50
      49
      49
      67
      62
      68
      58
      60
      74
      57
      42
      56
      58
      47
      51
      49
      69
      51
      48
      41
      57
      52
      52
      58
      58
      53
      61
      56
      59
      46
      48
      45
      46
      50
      57
      52
      50
      43
      50
      55
      65
      45
      35
      45
      61
      60
      31
      46
      46
      46
      66
      50
      50
      42
      61
      50
      44
      61
      40
      41
      45
      48
      53
      64
      56
      46
      46
      48
      37
      49
      42
      41
      44
      42
      37
      43
      45
      51
      49
      44
      46
      44
      50
      42
      52
      53
      59
      55
      62
      51
      47
      54
      43
      55
      58
      49
      43
      45
      41
      41
      43
      49
      44
      55
      32
      46
      47
      62
      35
      55
      43
      50
      51
      44
      44
      40
      51
      43
      31
      42
      32
      38
      35
      47
      48
      36
      54
      52
      35
      50
      60
      41
      37
      46
      40
      34
      42
      45
      61
      51
      43
      37
      55
      37
      41
      44
      41
      42
      40
      48
      41
      59
      61
      43
      42
      39
      48
      46
      51
      50
      44
      48
      45
      35
      34
      41
      46
      37
      29
      39
      45
      34
      42
      44
      40
      39
      37
      36
      51
      39
      42
      45
      44
      55
      47
      59
      39
      37
      47
      47
      37
      49
      39
      33
      41
      36
      33
      49
      37
      47
      48
      44
      39
      40
      35
      49
      41
      41
      52
      50
      40
      53
      37
      31
      44
      29
      42
      49
      38
      38
      46
      45
      31
      41
      48
      38
      44
      34
      40
      43
      43
      42
      35
      33
      36
      37
      37
      37
      35
      40
      37
      54
      39
      35
      42
      43
      33
      43
      40
      53
      39
      40
      39
      36
      44
      29
      55
      35
      52
      40
      46
      34
      47
      36
      34
      31
      52
      41
      47
      39
      31
      34
      43
      32
      34
      48
      36
      28
      39
      40
      38
      49
      39
      39
      45
      38
      38
      40
      35
      34
      43
      41
      47
      40
      36
      31
      39
      50
      31
      36
      44
      53
      34
      40
      35
      39
      35
      44
      40
      41
      45
      42
      46
      30
      49
      25
      37
      32
      37
      36
      33
      41
      35
      37
      43
      26
      35
      47
      50
      34
      43
      32
      43
      39
      56
      25
      37
      33
      40
      32
      32
      38
      44
      37
      33
      42
      39
      39
      39
      36
      45
      34
      42
      28
      39
      40
      42
      27
      44
      43
      48
      48
      40
      37
      27
      41
      42
      34
      33
      38
      35
      44
      44
      39
      45
      34
      38
      33
      31
      30
      31
      35
      43
      32
      36
      36
      42
      38
      37
      44
      41
      36
      34
      35
      34
      34
      50
      37
      33
      31
      34
      41
      37
      39
      33
      27
      30
      36
      29
      35
      30
      24
      40
      30
      41
      44
      38
      42
      29
      30
      31
      37
      34
      40
      35
      45
      35
      38
      25
      39
      40
      34
      46
      32
      39
      53
      22
      32
      32
      33
      41
      46
      38
      33
      43
      31
      28
      21
      32
      35
      43
      32
      33
      33
      47
      35
      32
      28
      36
      38
      27
      33
      39
      24
      32
      37
      46
      31
      37
      34
      27
      36
      37
      46
      34
      40
      29
      41
      32
      45
      43
      27
      35
      42
      40
      28
      48
      24
      28
      29
      27
      30
      39
      37
      38
      34
      34
      31
      29
      30
      34
      30
      38
      27
      41
      43
      27
      36
      32
      31
      37
      29
      36
      38
      29
      36
      36
      32
      27
      41
      32
      32
      44
      26
      32
      20
      23
      43
      33
      29
      34
      35
      32
      39
      38
      25
      33
      30
      31
      40
      25
      27
      29
      31
      27
      32
      43
      25
      34
      30
      29
      18
      37
      41
      16
      30
      38
      42
      35
      41
      34
      24
      31
      28
      33
      25
      31
      32
      22
      40
      29
      32
      23
      40
      23
      36
      25
      26
      26
      20
      24
      29
      25
      34
      37
      30
      32
      36
      28
      37
      34
      33
      33
      29
      32
      31
      24
      32
      30
      27
      30
      32
      34
      40
      40
      27
      38
      28
      23
      29
      30
      34
      33
      40
      28
      28
      40
      33
      28
      32
      32
      33
      27
      40
      31
      28
      38
      36
      24
      34
      25
      27
      32
      23
      37
      27
      33
      35
      38
      20
      19
      34
      31
      39
      32
      37
      26
      30
      34
      26
      24
      35
      29
      31
      28
      21
      30
      25
      30
      28
      27
      39
      31
      32
      30
      27
      33
      29
      26
      31
      25
      21
      27
      22
      32
      34
      39
      28
      39
      23
      25
      31
      26
      34
      27
      28
      34
      31
      31
      37
      28
      19
      28
      33
      27
      31
      31
      26
      32
      20
      36
      30
      27
      37
      27
      27
      25
      27
      29
      28
      22
      30
      26
      23
      34
      40
      20
      33
      24
      26
      31
      21
      29
      28
      28
      23
      27
      29
      25
      26
      30
      27
      17
      21
      22
      27
      26
      24
      21
      18
      26
      38
      27
      32
      21
      31
      27
      27
      29
      26
      32
      24
      27
      24
      26
      25
      33
      15
      32
      24
      29
      26
      36
      25
      24
      27
      29
      21
      21
      33
      15
      27
      29
      25
      29
      35
      29
      16
      32
      36
      21
      24
      29
      25
      23
      22
      34
      19
      20
      35
      29
      24
      25
      20
      32
      26
      26
      21
      14
      25
      26
      36
      24
      27
      22
      19
      18
      16
      31
      24
      20
      20
      28
      23
      25
      21
      34
      19
      19
      19
      29
      28
      27
      24
      12
      30
      29
      28
      23
      25
      31
      20
      22
      32
      20
      27
      27
      16
      23
      29
      18
      23
      24
      22
      23
      20
      30
      21
      23
      20
      26
      26
      25
      27
      28
      30
      27
      17
      36
      31
      25
      16
      21
      30
      29
      22
      21
      24
      28
      23
      24
      21
      29
      23
      22
      18
      15
      27
      31
      22
      23
      27
      29
      22
      30
      14
      35
      29
      23
      29
      22
      21
      19
      37
      28
      19
      34
      25
      12
      27
      23
      24
      14
      27
      30
      29
      31
      27
      16
      30
      22
      20
      18
      22
      27
      19
      28
      23
      19
      22
      21
      23
      22
      32
      17
      29
      18
      20
      26
      20
      21
      14
      22
      20
      26
      18
      26
      29
      18
      18
      31
      20
      22
      24
      27
      27
      24
      26
      24
      22
      24
      32
      27
      29
      26
      24
      31
      27
      26
      25
      20
      29
      40
      17
      24
      19
      19
      22
      27
      16
      18
      27
      21
      20
      25
      20
      27
      24
      25
      23
      22
      28
      26
      24
      24
      22
      36
      23
      21
      27
      24
      19
      27
      27
      22
      16
      21
      34
      12
      14
      24
      20
      17
      20
      24
      19
      22
      22
      15
      21
      28
      19
      24
      28
      23
      32
      18
      25
      20
      35
      19
      22
      22
      26
      18
      28
      18
      31
      23
      18
      28
      22
      33
      17
      26
      30
      19
      16
      28
      31
      25
      16
      21
      40
      19
      33
      24
      28
      19
      31
      31
      21
      29
      22
      30
      26
      18
      28
      28
      33
      13
      31
      24
      16
      22
      26
      33
      21
      24
      24
      24
      19
      16
      20
      27
      19
      27
      23
      31
      23
      20
      19
      28
      18
      20
      15
      23
      23
      23
      22
      22
      23
      18
      28
      28
      22
      23
      28
      21
      28
      24
      14
      26
      25
      28
      19
      32
      19
      25
      32
      26
      13
      24
      20
      16
      27
      23
      21
      21
      14
      26
      30
      27
      24
      38
      23
      26
      22
      21
      24
      24
      16
      21
      26
      25
      15
      16
      23
      19
      20
      17
      17
      29
      23
      16
      26
      28
      29
      24
      30
      18
      24
      27
      32
      27
      16
      17
      27
      28
      23
      16
      23
      22
      20
      21
      23
      22
      20
      14
      21
      28
      21
      22
      25
      17
      31
      21
      20
      27
      11
      24
      20
      25
      27
      16
      23
      21
      24
      27
      19
      24
      23
      35
      30
      25
      24
      21
      21
      27
      11
      26
      18
      14
      18
      16
      25
      21
      20
      22
      21
      19
      25
      14
      22
      19
      22
      18
      19
      22
      19
      15
      20
      25
      17
      22
      19
      18
      22
      20
      21
      24
      20
      23
      17
      18
      23
      20
      24
      20
      18
      20
      20
      19
      31
      22
      17
      16
      22
      26
      16
      15
      17
      24
      23
      19
      19
      26
      21
      17
      22
      30
      23
      21
      15
      13
      26
      16
      21
      19
      18
      13
      25
      25
      16
      22
      15
      24
      20
      21
      22
      15
      12
      21
      16
      19
      20
      25
      23
      18
      18
      16
      25
      20
      18
      17
      19
      26
      24
      20
      17
      19
      20
      16
      21
      23
      20
      20
      16
      26
      22
      26
      14
      16
      11
      19
      23
      19
      26
      17
      23
      22
      24
      18
      21
      19
      13
      22
      25
      24
      17
      25
      12
      21
      21
      16
      17
      20
      16
      21
      20
      19
      21
      19
      21
      35
      18
      31
      20
      19
      18
      18
      21
      14
      27
      20
      21
      21
      23
      22
      27
      26
      12
      26
      22
      20
      12
      20
      28
      15
      30
      23
      28
      19
      29
      24
      22
      24
      19
      23
      14
      24
      19
      35
      21
      20
      27
      19
      21
      37
      23
      26
      29
      31
      25
      31
      20
      32
      28
      40
      26
      31
      40
      31
      54
      31
      33
      29
      33
      32
      20
      18
      23
      30
      30
      26
      27
      20
      20
      14
      14
      17
      19
      19
      20
      11
      12
      11
      13
      15
      11
      12
      14
      15
      12
      14
      18
       9
      17
      10
      12
      10
      11
      13
       9
      16
      10
      16
       7
      13
      11
      13
      13
      18
      15
      12
      21
      10
      11
      11
      15
      17
       8
      14
      12
      10
      22
      11
      16
      12
      12
      10
       8
       7
      12
      13
       9
      13
      12
      11
      14
      14
       6
      17
       7
      17
      16
      15
       6
      10
      11
      14
       9
      12
       8
      12
      13
      13
      18
       8
      12
       9
      17
      13
      16
      14
      14
      14
      11
      15
      10
      15
       7
       5
      11
      15
       6
       5
       8
      18
      12
       4
       5
      16
      11
      10
      11
       9
       7
      12
      18
      17
      11
      12
       7
      14
      14
      16
      12
      14
       6
      11
      10
      11
      19
      11
      11
      11
      12
      11
      11
      11
      10
       9
       8
       7
      12
      12
      15
       5
      16
      12
      14
      14
      11
      11
      10
      13
      14
      11
      15
       7
      20
       9
      11
      11
       7
      11
      12
      11
      19
      12
      15
       9
      11
      10
      16
       7
       9
       4
      11
       7
      14
      13
      10
      12
       7
      17
      10
      13
       7
      15
      14
       4
      16
      12
      11
      15
      12
      14
      14
       7
       9
      10
      11
      12
      13
      16
       6
       9
       7
       8
      12
      11
      13
      13
      11
      12
      14
      13
      14
      14
      10
      17
      10
      14
       7
       9
      18
       6
      11
       7
       7
      13
      12
      13
      18
      11
      15
      10
       8
      12
       9
       9
       8
      17
      12
      10
      14
       4
      13
      12
       9
      11
      14
      13
      12
      16
       9
      12
       9
       8
      10
      18
      12
      13
      12
      10
      11
      11
      16
      16
       9
      11
      12
      12
      10
      10
      13
      12
       8
      15
      16
      10
      15
      11
      15
       5
      21
      11
      10
      12
      19
       7
      10
       8
      13
      11
      11
      13
      13
      12
       9
       8
       7
      12
      14
       8
       7
      11
       2
       9
      13
      16
      10
      11
      14
      10
       9
       7
       6
      16
      10
       8
      10
       7
      10
      10
      12
       9
      12
       9
       8
      11
      13
      15
      10
      15
      13
      12
      17
      14
      13
      11
      12
      11
      15
      13
       7
      11
       9
      12
      10
       6
       8
      10
       8
       9
       9
      12
      11
      18
      18
      10
      16
      10
      12
      10
      16
      11
       4
       4
       7
       6
       7
       7
      11
       9
       7
      13
      11
      10
      11
      10
       4
      14
      12
       9
       9
       9
       8
      16
      10
       5
      13
      11
      10
      14
      21
      18
      18
      17
      21
      20
      11
      10
      10
      10
       6
       8
       7
      11
       5
      10
      10
      11
       9
       8
      10
       7
      11
       8
       6
       7
      10
       9
       7
       8
       7
      11
      12
       8
      11
       9
      14
      10
       7
      11
       8
       7
      10
       7
       7
       9
      12
       6
      11
       8
      11
       6
      10
       9
       5
       4
       8
       6
      10
       6
       6
       7
       5
      18
      11
       9
       8
       6
       6
       5
      11
       5
       5
       7
       7
       8
      12
       8
      15
       6
      11
       6
      11
       8
      13
      11
      13
      10
      11
      13
      15
       7
       5
       7
       6
       4
       8
      10
       6
      11
       4
       3
       5
      11
       9
       3
       6
       5
       8
      11
      13
       6
       9
       7
       8
       7
       9
       9
       5
       5
       9
       5
       9
      12
      12
       7
      10
      10
      11
       7
       7
       9
      10
       9
       3
       8
      10
      12
       9
      10
       8
       6
      12
       8
       6
       7
       4
       6
       8
      12
      10
       9
       3
       7
       9
       7
       9
       6
       9
       6
       8
       8
      10
       6
       7
      10
       8
       6
      10
       4
      12
       7
      10
       7
       6
       7
       7
      11
       8
       7
       8
      13
       7
       8
      10
      10
       4
       8
       6
       9
       7
      12
       5
      12
       7
       9
       2
       8
       8
       7
       9
       7
       5
       9
       5
       8
      14
       7
       7
      19
      18
      29
      47
      78
     114
     176
     230
     301
     330
     312
     322
     249
     176
      90
      76
      31
      11
      14
       8
      11
       5
       9
       8
       8
       7
      11
      11
       6
       7
       7
       3
       8
       9
      11
       6
       8
       5
       5
      11
      12
       6
       4
       4
      10
       5
       8
       7
       7
       9
       3
       7
       7
       8
       3
       8
       9
       7
       2
       6
       4
       6
       3
       6
       4
       8
       5
       9
       5
       8
      12
       6
      12
       7
       8
       5
      10
       3
       9
       5
       5
       4
       5
       7
       8
       9
       5
       4
       6
       1
       9
       8
       5
       9
       5
       8
       5
       6
       2
       6
      10
       5
       7
       7
       4
       2
      11
       5
       3
       8
       4
      10
       4
       4
       1
       7
       5
       3
       4
       1
       4
       7
       7
       4
       6
       8
       6
       4
       7
       6
       7
       2
       8
       3
       7
       5
       6
       7
       1
       5
       5
       9
       4
       6
       5
       7
       5
       5
       5
       9
      10
      11
       3
       6
       5
       6
       5
       8
       2
       4
       6
       3
       3
       7
       1
       9
       6
       6
       5
       4
       2
       5
       4
       6
       2
       5
       1
       8
       5
       3
       3
       8
       8
       4
       4
       0
       1
       6
       3
       4
       0
       7
       2
       5
       4
       6
       6
       4
       4
       7
       1
       4
       3
       7
       8
       5
       4
      10
       1
       1
       8
       3
       3
       3
      13
       8
       2
       3
       2
       5
       3
       4
       9
       9
       7
       2
       3
       7
       4
       3
       6
       4
       5
       4
       2
       6
       5
       4
       3
       5
       6
       2
       4
      10
       7
       5
       2
       4
       5
       3
       2
       8
       3
       3
       3
       6
       3
       2
       4
       5
       3
       6
       4
       7
       3
       6
       7
       4
       7
      10
       6
       8
      10
       9
      10
       4
       8
      10
      11
       9
       3
       5
       6
       8
       4
       4
       5
       3
       3
       3
       7
       1
       5
       4
       9
       3
       3
       5
       5
       2
       3
       6
       5
       3
       4
       8
       6
       5
       3
       4
       6
       2
       2
       3
       0
       5
       8
       5
       5
       6
       1
       4
       4
       3
       3
       4
       4
       6
       0
       8
       5
       3
       4
       6
       4
       4
       6
       3
       8
       4
       4
       4
       7
       1
       2
       4
       4
       3
       5
       7
       7
       5
       9
       5
       5
       2
       3
       7
       6
       1
       4
       7
       6
       4
       2
       2
       3
       2
       2
       3
       5
       6
       1
       3
       5
       3
       4
       5
       1
       5
       4
       8
       6
       4
       2
       3
       2
       3
       4
       5
       4
       8
       3
       4
       5
       4
       9
       5
       6
       3
       2
       3
       5
       4
       2
       3
       2
       8
       4
       4
       4
       6
       3
       7
       3
       5
       1
       2
       8
       5
       3
      11
      18
      14
       7
       8
       9
       6
      12
       6
       5
       3
       4
       5
       4
       3
       3
       2
       6
       5
       1
       6
       2
       8
       9
       4
       2
       3
      10
       7
       6
       4
       2
       1
       2
       5
       1
       4
       3
       2
       3
      11
       4
       6
       4
       1
       4
       9
       6
       1
       3
       3
       3
       5
       3
       5
       5
       4
       6
       6
       4
       4
       3
       3
       3
       2
       3
       3
       6
       3
       1
       5
       3
       6
       3
       5
       3
       6
       4
       6
       4
       0
       1
       1
       3
       7
       3
       2
       4
       1
       4
       2
       2
       3
       3
       3
       4
       3
       3
       1
       2
       2
       5
       7
       1
       7
       2
       2
       1
       4
       7
       3
       2
       6
       2
       7
       5
       2
       3
       3
       3
       4
       5
       8
       1
       3
       6
       3
       2
       3
       5
       1
       0
       4
       4
       2
       4
       0
       1
       4
       1
       2
       4
       3
       4
       5
       4
       6
       4
       0
       2
       3
       2
       1
       1
       2
       4
       4
       7
       1
       1
       4
       2
       0
       3
       6
       1
       5
       4
       0
       2
       4
       3
       1
       5
       3
       4
       4
       3
       4
       3
       2
       9
       3
       5
       3
       2
       2
       3
       1
       3
       4
       5
       8
       4
       5
       1
       3
       3
       1
       4
       5
       3
       4
       6
       2
       4
       2
       4
       2
       2
       4
       1
       5
       2
       6
       6
       5
       7
       4
       3
       2
       3
       6
       7
       5
       7
       6
      14
      11
      22
      17
      34
      73
      93
     118
     197
     241
     312
     267
     292
     250
     182
     120
      80
      51
      31
      17
       9
       7
       4
       3
       3
       0
       4
       6
       5
       5
       1
       4
       3
       9
       6
       6
       6
       4
       2
       6
       3
       5
       4
       7
       3
       2
       4
       1
       3
       5
       5
       4
       1
       4
       4
       4
       2
       2
       3
       1
       4
       1
       3
       4
       2
       3
       4
       3
       5
       4
       0
       3
       2
       3
       2
       4
       1
       3
       1
       6
       4
       4
       4
       5
       4
       3
       3
       2
       2
       5
       2
       5
       1
       0
       3
       1
       4
       3
       2
       2
       3
       3
       4
       3
       4
       1
       2
       3
       4
       1
       1
       6
       3
       5
       3
       2
       2
       3
       3
       4
       2
       4
       1
       1
       6
       1
       1
       2
       5
       4
       4
       5
       4
       6
       0
       2
       1
       2
       4
       2
       4
       1
       2
       1
       1
       6
       3
       2
       3
       1
       2
       2
       1
       3
       4
       7
       3
       3
       0
       2
       4
       5
       3
       1
       2
       2
       2
       4
       2
       2
       3
       0
       2
       4
       1
       2
       2
       2
       4
       4
       3
       2
       2
       2
       3
       1
       2
       3
       4
       6
       3
       2
       9
       2
       6
       4
       3
       4
       5
       1
       2
       2
       4
       2
       3
       3
       1
       5
       6
       2
       1
       3
       2
       3
       0
       1
       5
       5
       1
       2
       2
       3
       1
       1
       3
       2
       6
       7
       2
       3
       2
       1
       1
       3
       5
       3
       0
       0
       1
       4
       1
       1
       1
       2
       3
       3
       1
       2
       3
       1
       2
       1
       0
       2
       0
       3
       1
       3
       4
       1
       2
       4
       0
       3
       1
       2
       2
       3
       1
       5
       4
       2
       1
       1
       2
       6
       3
       2
       4
       2
       1
       0
       4
       3
       2
       3
       0
       2
       1
       7
       2
       2
       4
       4
       3
       2
       3
       1
       3
       4
       2
       5
       3
       2
       2
       2
       1
       5
       1
       1
       3
       2
       0
       3
       3
       2
       5
       2
       4
       1
       9
       7
       1
       2
       1
       3
       2
       0
       5
       1
       1
       3
       1
       1
       5
       2
       2
       0
       3
       2
       4
       1
       2
       1
       2
       1
       2
       1
       1
       1
       3
       5
       7
       1
       2
       3
       1
       0
       4
       4
       2
       3
       0
       0
       3
       2
       2
       2
       0
       2
       2
       0
       2
       0
       3
       2
       1
       2
       7
       4
       2
       2
       2
       3
       2
       0
       2
       2
       1
       2
       2
       5
       3
       5
       3
       5
       3
       2
       0
       2
       3
       4
       0
       5
       2
       3
       3
       5
       1
       3
       3
       2
       1
       1
       2
       1
       3
       4
       3
       4
       2
       1
       2
       2
       1
       4
       3
       1
       3
       1
       5
       7
       0
       3
       2
       4
       2
       4
       6
       2
       2
       3
       2
       2
       3
       2
       0
       3
       4
       1
       2
       1
       1
       3
       2
       3
       2
       4
       3
       3
       4
       3
       1
       1
       4
       2
       5
       2
       4
       5
       4
       3
       2
       0
       3
       3
       1
       2
       1
       1
       5
       0
       3
       0
       2
       2
       5
       4
       0
       0
       1
       2
       4
       4
       1
       2
       3
       4
       0
       3
       1
       1
       4
       4
       1
       0
       1
       1
       4
       6
       5
       3
       1
       1
       2
       2
       1
       2
       1
       3
       0
       6
       2
       3
       3
       6
       7
       4
       6
      16
      19
      23
      29
      37
      30
      38
      28
      27
      22
      16
       7
       4
       4
       2
       5
       2
       6
       2
       1
       3
       2
       1
       4
       3
       2
       4
       1
       1
       2
       0
       0
       1
       3
       4
       1
       2
       1
       4
       3
       3
       1
       1
       6
       5
       3
       1
       1
       2
       3
       3
       3
       1
       4
       3
       2
       0
       3
       2
       1
       2
       3
       3
       0
       3
       0
       4
       3
       1
       2
       3
       3
       4
       0
       1
       0
       3
       0
       1
       6
       0
       1
       2
       2
       2
       0
       0
       1
       1
       1
       0
       2
       1
       2
       2
       1
       4
       3
       1
       1
       2
       0
       2
       6
       2
       2
       2
       4
       2
       1
       4
       1
       4
       2
       1
       4
       3
       2
       5
       0
       2
       1
       6
       1
       3
       4
       2
       2
       5
       3
       3
       1
       2
       1
       0
       3
       0
       2
       1
       1
       1
       0
       3
       2
       3
       3
       1
       3
       0
       4
       7
       2
       3
       5
       2
       3
       2
       4
       2
       2
       4
       0
       4
       0
       2
       1
       2
       2
       2
       0
       3
       3
       1
       5
       0
       1
       4
       5
       2
       2
       1
       2
       3
       1
       4
       2
       3
       3
       1
       5
       1
       3
       2
       2
       1
       1
       1
       3
       5
       4
       2
       3
       4
       7
       0
       3
       1
       2
       2
       3
       1
       2
       0
       1
       5
       3
       1
       3
       3
       2
       1
       2
       1
       5
       1
       3
       1
       3
       1
       2
       2
       0
       2
       3
       2
       1
       5
       2
       1
       1
       1
       0
       0
       2
       2
       2
       3
       2
       1
       0
       1
       1
       1
       1
       0
       2
       2
       0
       1
       1
       2
       0
       1
       2
       2
       5
       1
       2
       1
       1
       0
       2
       0
       3
       1
       0
       2
       1
       2
       2
       2
       2
       3
       2
       1
       2
       0
       1
       1
       0
       2
       1
       1
       4
       2
       1
       0
       0
       1
       1
       2
       3
       0
       4
       2
       3
       1
       4
       2
       1
       0
       1
       0
       1
       2
       1
       1
       0
       3
       1
       1
       2
       1
       2
       1
       1
       0
       3
       1
       1
       2
       2
       1
       3
       4
       2
       0
       2
       4
       3
       2
       1
       4
       1
       2
       1
       3
       0
       2
       0
       2
       0
       1
       0
       0
       3
       1
       1
       1
       1
       1
       2
       0
       0
       6
       0
       0
       1
       1
       1
       1
       2
       1
       0
       0
       2
       0
       1
       2
       3
       1
       1
       2
       3
       1
       1
       2
       1
       1
       1
       0
       3
       3
       2
       3
       3
       2
       3
       3
       4
       3
       1
       0
       2
       1
       1
       2
       4
       1
       1
       1
       3
       0
       2
       4
       2
       0
       1
       2
       0
       5
       1
       1
       0
       2
       0
       0
       1
       2
       0
       2
       2
       2
       1
       2
       2
       1
       1
       1
       2
       0
       1
       0
       1
       5
       1
       1
       1
       2
       1
       0
       2
       0
       3
       1
       1
       0
       1
       0
       4
       3
       1
       1
       1
       1
       4
       1
       2
       2
       0
       0
       0
       2
       1
       1
       1
       0
       3
       2
       1
       2
       1
       2
       3
       1
       1
       1
       2
       1
       1
       2
       0
       1
       2
       2
       1
       3
       1
       1
       1
       3
       1
       2
       2
       1
       2
       0
       4
       3
       0
       1
       1
       4
       3
       1
       1
       3
       1
       3
       1
       1
       1
       3
       2
       3
       1
       2
       0
       0
       1
       1
       0
       5
       2
       1
       0
       0
       0
       1
       3
       2
       2
       0
       3
       2
       2
       1
       3
       0
       0
       1
       1
       2
       4
       0
       1
       1
       1
       2
       0
       2
       3
       1
       1
       0
       2
       1
       3
       0
       0
       0
       2
       1
       3
       2
       0
       2
       1
       0
       0
       0
       1
       2
       0
       1
       5
       2
       1
       1
       0
       0
       3
       1
       2
       1
       1
       2
       4
       2
       2
       1
       1
       1
       1
       1
       2
       1
       1
       1
       1
       1
       1
       1
       2
       1
       2
       3
       1
       2
       1
       2
       0
       3
       2
       0
       4
       2
       0
       1
       4
       3
       3
       3
       1
       0
       2
       0
       0
       1
       1
       2
       0
       2
       0
       1
       1
       0
       0
       1
       1
       4
       2
       0
       0
       2
       0
       2
       5
       2
       0
       1
       0
       0
       2
       0
       1
       0
       2
       1
       2
       2
       1
       1
       2
       1
       2
       1
       0
       1
       3
       2
       0
       1
       2
       0
       1
       0
       1
       1
       0
       0
       1
       0
       0
       1
       1
       2
       3
       0
       2
       2
       1
       1
       1
       2
       2
       0
       1
       3
       2
       0
       0
       1
       1
       4
       2
       0
       0
       1
       3
       2
       1
       1
       0
       2
       1
       2
       5
       3
       3
       0
       1
       0
       1
       4
       0
       2
       1
       0
       2
       2
       1
       0
       2
       1
       1
       1
       0
       0
       3
       1
       0
       1
       1
       0
       4
       0
       3
       1
       0
       0
       1
       0
       0
       2
       4
       1
       0
       0
       0
       1
       3
       3
       1
       0
       0
       1
       0
       4
       1
       2
       1
       1
       0
       0
       1
       1
       1
       2
       1
       0
       0
       0
       1
       3
       0
       0
       1
       0
       0
       1
       1
       2
       2
       0
       2
       0
       2
       2
       1
       2
       0
       2
       4
       0
       1
       1
       2
       1
       1
       2
       2
       4
       1
       3
       1
       0
       2
       3
       2
       1
       0
       0
       1
       1
       0
       0
       2
       2
       1
       0
       2
       1
       1
       1
       1
       0
       0
       3
       2
       1
       3
       1
       0
       2
       0
       1
       0
       2
       1
       1
       0
       1
       0
       2
       0
       1
       2
       1
       2
       1
       2
       0
       1
       0
       2
       0
       2
       1
       1
       0
       1
       0
       2
       2
       2
       0
       2
       1
       3
       1
       0
       1
       0
       0
       1
       2
       1
       1
       1
       2
       0
       0
       1
       1
       1
       2
       0
       0
       2
       2
       1
       0
       1
       2
       0
       0
       1
       0
       1
       1
       3
       3
       2
       1
       2
       2
       0
       0
       0
       0
       0
       1
       1
       2
       1
       0
       0
       2
       0
       1
       0
       1
       0
       2
       0
       1
       2
       1
       1
       2
       0
       2
       1
       1
       2
       1
       1
       1
       1
       1
       1
       1
       0
       1
       2
       0
       2
       3
       0
       1
       0
       2
       1
       0
       1
       3
       0
       1
       0
       2
       2
       0
       1
       1
       2
       0
       0
       1
       1
       1
       1
       0
       1
       1
       2
       1
       1
       1
       1
       2
       0
       0
       0
       1
       3
       1
       2
       3
       3
       1
       0
       2
       0
       0
       2
       1
       1
       0
       0
       1
       1
       0
       1
       1
       1
       1
       0
       2
       2
       1
       2
       2
       0
       0
       1
       1
       2
       0
       1
       0
       0
       1
       0
       2
       1
       0
       0
       1
       2
       1
       3
       0
       1
       3
       0
       0
       0
       1
       0
       2
       1
       2
       1
       2
       2
       0
       1
       1
       0
       1
       1
       0
       2
       1
       1
       2
       0
       3
       1
       1
       0
       0
       4
       1
       3
       0
       2
       0
       1
       3
       1
       0
       1
       0
       0
       2
       2
       3
       3
       5
       0
       2
       3
       2
       0
       6
       1
       1
       0
       0
       2
       0
       0
       0
       0
       0
       1
       1
       1
       0
       0
       1
       0
       0
       0
       1
       2
       0
       0
       0
       0
       1
       0
       1
       0
       2
       1
       0
       1
       1
       2
       4
       2
       1
       0
       2
       1
       1
       0
       0
       1
       0
       2
       0
       2
       0
       0
       0
       0
       1
       0
       1
       1
       0
       0
       0
       0
       1
       1
       0
       3
       1
       0
       1
       0
       1
       0
       3
       1
       0
       1
       0
       0
       1
       0
       1
       2
       2
       0
       0
       2
       1
       1
       0
       0
       2
       1
       0
       0
       1
       0
       1
       0
       1
       1
       0
       1
       2
       2
       0
       1
       1
       1
       1
       0
       1
       1
       0
       1
       1
       2
       0
       1
       0
       1
       1
       1
       3
       1
       1
       1
       0
       1
       1
       2
       2
       2
       3
      10
       7
      14
      10
       4
       6
       7
      12
       6
       1
       5
       3
       4
       0
       2
       1
       0
       1
       1
       0
       0
       1
       0
       1
       0
       1
       1
       4
       1
       1
       0
       2
       1
       0
       0
       1
       2
       1
       0
       1
       0
       2
       0
       0
       0
       1
       2
       1
       3
       0
       1
       1
       0
       0
       1
       0
       1
       1
       1
       0
       1
       1
       1
       1
       1
       2
       4
       2
       1
       0
       0
       0
       2
       0
       0
       2
       1
       1
       1
       1
       2
       1
       2
       1
       1
       4
       2
       1
       1
       0
       1
       2
       0
       0
       1
       0
       1
       0
       1
       2
       2
       1
       0
       0
       1
       0
       0
       0
       1
       2
       2
       1
       1
       0
       1
       1
       2
       2
       3
       0
       0
       0
       1
       3
       1
       0
       0
       1
       0
       5
       0
       0
       1
       0
       0
       0
       1
       0
       2
       0
       1
       1
       0
       1
       3
       2
       1
       1
       2
       0
       1
       1
       1
       1
       2
       1
       3
       0
       0
       1
       0
       0
       0
       1
       1
       0
       3
       1
       0
       1
       0
       0
       0
       1
       1
       1
       2
       4
       1
       0
       1
       0
       2
       0
       0
       1
       0
       4
       1
       0
       0
       0
       2
       1
       1
       1
       1
       0
       1
       1
       0
       0
       0
       1
       1
       2
       2
       2
       0
       2
       0
       2
       0
       0
       0
       1
       0
       1
       0
       0
       0
       2
       1
       0
       1
       1
       1
       1
       1
       2
       0
       1
       1
       1
       0
       1
       1
       0
       0
       1
       2
       2
       2
       0
       1
       2
       1
       1
       3
       0
       1
       0
       0
       0
       1
       1
       0
       1
       1
       0
       0
       0
       2
       0
       2
       0
       2
       1
       0
       0
       2
       0
       0
       0
       0
       1
       0
       0
       0
       1
       0
       2
       1
       0
       1
       1
       2
       2
       5
       0
       1
       0
       1
       0
       3
       1
       1
       1
       0
       2
       2
       0
       2
       1
       2
       1
       1
       2
       1
       0
       0
       3
       1
       1
       0
       2
       0
       0
       0
       1
       0
       1
       3
       0
       2
       2
       1
       0
       2
       1
       1
       0
       1
       1
       2
       1
       0
       0
       0
       3
       1
       4
       3
       1
       2
       2
       1
       1
       1
       3
       1
       0
       1
       1
       0
       1
       0
       1
       1
       1
       0
       0
       1
       0
       1
       0
       1
       0
       1
       1
       1
       0
       1
       1
       0
       0
       1
       0
       1
       1
       0
       0
       1
       1
       1
       1
       1
       2
       1
       0
       0
       1
       2
       0
       0
       1
       1
       2
       0
       0
       1
       5
       0
       0
       0
       1
       1
       0
       2
       1
       0
       0
       0
       1
       1
       2
       1
       0
       0
       0
       0
       1
       2
       0
       0
       0
       0
       0
       0
       0
       0
       0
       2
       1
       0
       0
       1
       0
       0
       2
       1
       0
       2
       0
       1
       2
       0
       2
       2
       0
       3
       0
       1
       0
       0
       2
       1
       2
       2
       0
       0
       0
       0
       1
       0
       2
       0
       0
       2
       0
       0
       0
       2
       2
       2
       0
       0
       0
       1
       2
       2
       0
       0
       0
       0
       0
       0
       1
       0
       1
       1
       0
       0
       0
       1
       0
       0
       1
       1
       2
       1
       2
       1
       1
       1
       0
       0
       1
       0
       0
       1
       1
       0
       0
       0
       0
       0
       0
       1
       1
       0
       0
       2
       0
       0
       2
       0
       0
       3
       1
       0
       0
       0
       1
       0
       1
       0
       4
       0
       0
       0
       0
       0
       1
       2
       0
       2
       1
       0
       1
       0
       1
       1
       1
       1
       1
       3
       0
       1
       1
       0
       1
       0
       0
       0
       2
       0
       0
       1
       1
       3
       2
       0
       3
       0
       2
       0
       1
       0
       0
       0
       0
       1
       0
       0
       1
       0
       1
       2
       1
       0
       3
       1
       0
       0
       0
       0
       0
       0
       1
       0
       3
       0
       1
       0
       0
       1
       0
       0
       0
       2
       1
       2
       0
       1
       1
       2
       1
       0
       0
       1
       1
       2
       0
       0
       1
       0
       3
       2
       0
       2
       0
       0
       0
       0
       1
       1
       0
       0
       0
       0
       0
       3
       0
       0
       0
       0
       0
       0
       0
       1
       1
       3
       1
       0
       1
       1
       0
       0
       1
       0
       2
       1
       0
       0
       0
       1
       2
       0
       1
       0
       0
       0
       0
       0
       1
       0
       1
       1
       0
       0
       1
       1
       2
       0
       0
       1
       1
       0
       1
       0
       1
       2
       2
       0
       0
       2
       0
       0
       0
       0
       0
       0
       2
       2
       1
       1
       1
       0
       0
       0
       1
       1
       0
       0
       0
       2
       0
       0
       1
       0
       0
       0
       0
       1
       1
       1
       2
       0
       1
       0
       0
       1
       0
       2
       1
       3
       0
       0
       1
       1
       1
       1
       0
       1
       0
       1
       0
       0
       0
       0
       1
       2
       1
       0
       0
       1
       1
       0
       1
       2
       0
       0
       0
       0
       1
       0
       0
       1
       3
       1
       1
       2
       0
       0
       0
       0
       4
       1
       1
       1
       2
       0
       1
       0
       0
       0
       0
       2
       0
       1
       0
       1
       0
       1
       2
       1
       1
       2
       2
       0
       0
       2
       0
       2
       1
       0
       0
       2
       0
       1
       0
       1
       0
       2
       0
       1
       3
       1
       0
       1
       0
       0
       0
       0
       3
       1
       0
       0
       1
       1
       1
       2
       0
       0
       1
       1
       0
       1
       1
       1
       2
       2
       0
       2
       0
       0
       0
       2
       0
       1
       0
       0
       0
       1
       2
       0
       1
       1
       1
       0
       0
       1
       1
       1
       0
       0
       0
       1
       1
       2
       0
       0
       0
       3
       0
       0
       0
       0
       0
       0
       0
       0
       0
       0
       0
       0
       0
       0
       0
       0
       0
       0
       0
       0
       0
       0
       0
       0
       0
       0
       0
       0
       0
       0
       0
       0
       0
       0
       0
       0
       0
       0
       0
       0
       0
       0
       0
       0
       0
       0
       0
       0
       0
       0
       0
       0
       0
       0
       0
       0
       0
       0
       0
       0
       0
       0
       0
       0
       0
       0
       0
       0
       0
       0
       0
       0
       0
       0
       0
       0
       0
       0
       0
       0
       0
       0
       0
       0
       0
       0
       0
       0
       0
       0
       0
       0
       0
       0
       0
       0
       0
       0
       0
       0
       0
       0
       0
       0
       0
       0
       0
       0
       0
       0
       0
       0
       0
       0
       0
       0
       0
       0
       0
       0
       0
       0
       0
       0
       0
       0
       0
       0
       0
$ROI:
2
1936 2287
5338 5513
$PRESETS:
Integral
500000
0
$ENER_FIT:
0.000000 0.245432
$MCA_CAL:
3
0.000000E+000 2.454316E-001 0.000000E+000 keV
$SHAPE_CAL:
3
7.465718E+000 0.000000E+000 0.000000E+000
