$SPEC_ID:
No sample description was entered.
$SPEC_REM:
DET# 1
DETDESC# BUNCHER Easy-MCA-8k SN 9051292
AP# Maestro Version 6.08
$DATE_MEA:
07/26/2019 09:53:55
$MEAS_TIM:
458 546
$DATA:
0 8191
       0
       0
       0
       0
       0
       0
       0
       0
       0
       0
       0
       0
       0
       0
       0
       0
       0
       0
       0
       1
       2
      23
     297
    1124
    2210
    3426
    4305
   12275
    4772
     236
     142
     201
     567
    1359
    1981
    2075
    2028
    1961
    1636
    1440
    1535
    1510
    1430
    1531
    1418
    1545
    1537
    1492
    1503
    1472
    1447
    1435
    1350
    1384
    1375
    1370
    1401
    1348
    1268
    1283
    1329
    1344
    1348
    1326
    1326
    1259
    1238
    1169
    1214
    1250
    1164
    1284
    1182
    1130
    1213
    1205
    1182
    1177
    1163
    1153
    1122
    1168
    1184
    1111
    1115
    1096
    1046
    1139
    1086
    1099
    1090
    1088
    1073
    1075
    1026
    1030
    1066
    1079
    1022
    1036
    1030
    1059
    1085
    1083
    1026
    1049
    1035
    1055
    1013
     976
    1007
     964
     992
    1033
    1064
     957
    1055
    1005
     996
     978
     988
     983
     979
     996
    1029
     929
     974
     909
     939
     977
     999
     965
     957
     978
     938
     952
     898
     951
     904
     931
     953
     942
     974
     879
     927
     939
     915
     938
     920
     879
     938
     907
     898
     983
     926
     917
     872
     899
     873
     893
     954
     899
     927
     940
     886
     885
     852
     835
     895
     877
     890
     890
     883
     929
     905
     868
     916
     855
     864
     888
     850
     933
     897
     862
     907
     889
     880
     893
     876
     822
     920
     846
     900
     870
     907
     918
     843
     787
     927
     838
     891
     887
     881
     843
     882
     896
     922
     937
     865
     887
     880
     889
     902
     791
     907
     904
     869
     830
     846
     867
     884
     914
     876
     851
     865
     887
     889
     902
     875
     844
     905
     926
     912
     885
     893
     849
     929
     883
     904
     890
     891
     885
     922
     887
     880
     901
     879
     935
     877
     915
     898
     870
     933
     833
     898
     928
     911
     959
     935
     875
     895
     903
     904
     931
     931
     888
     900
     927
     946
     931
     899
     903
     965
     894
     900
     968
     923
     940
     957
     945
     950
     957
    1016
     943
     992
     991
     952
     970
     938
     976
    1028
    1016
    1104
    1026
    1068
    1029
     981
    1014
    1005
    1052
    1137
    1291
    1289
    1206
    1049
    1021
    1021
    1024
     932
    1002
    1024
    1036
    1034
    1001
    1064
     999
     980
     924
     962
     993
    1013
     951
    1030
    1025
    1005
    1089
    1056
    1065
    1055
    1059
    1048
    1086
    1010
    1093
    1045
    1052
    1046
    1092
    1106
    1109
    1129
    1198
    1192
    1325
    1225
    1088
    1105
    1128
    1080
    1130
    1134
    1108
    1145
    1164
    1173
    1133
    1091
    1024
    1135
    1044
    1087
    1097
    1021
    1009
    1098
    1087
    1092
    1040
    1110
    1098
    1066
    1113
    1144
    1081
    1096
    1118
    1035
    1165
    1136
    1166
    1116
    1071
    1121
    1092
    1114
    1080
    1106
    1124
    1074
    1139
    1081
    1148
    1151
    1124
    1209
    1205
    1093
    1104
    1121
    1147
    1157
    1160
    1169
    1137
    1185
    1161
    1137
    1174
    1143
    1215
    1190
    1138
    1234
    1196
    1186
    1169
    1173
    1141
    1201
    1189
    1159
    1165
    1183
    1129
    1218
    1218
    1129
    1215
    1204
    1282
    1214
    1180
    1197
    1218
    1206
    1203
    1151
    1187
    1215
    1206
    1209
    1258
    1217
    1291
    1243
    1198
    1287
    1232
    1256
    1205
    1238
    1251
    1261
    1172
    1277
    1219
    1184
    1172
    1294
    1222
    1193
    1291
    1226
    1218
    1249
    1224
    1270
    1201
    1234
    1170
    1255
    1291
    1287
    1217
    1234
    1198
    1244
    1229
    1312
    1288
    1193
    1228
    1221
    1288
    1194
    1161
    1219
    1223
    1196
    1163
    1231
    1212
    1298
    1218
    1216
    1182
    1239
    1216
    1235
    1182
    1181
    1177
    1228
    1208
    1248
    1258
    1172
    1183
    1267
    1233
    1190
    1234
    1301
    1205
    1261
    1248
    1229
    1266
    1236
    1207
    1275
    1186
    1208
    1202
    1231
    1221
    1224
    1139
    1246
    1212
    1213
    1168
    1193
    1123
    1274
    1190
    1235
    1208
    1203
    1220
    1172
    1171
    1238
    1259
    1204
    1192
    1260
    1201
    1224
    1178
    1162
    1163
    1180
    1193
    1136
    1131
    1240
    1175
    1142
    1195
    1167
    1166
    1207
    1254
    1165
    1178
    1266
    1214
    1198
    1245
    1198
    1138
    1201
    1140
    1137
    1205
    1192
    1203
    1201
    1216
    1180
    1161
    1125
    1213
    1171
    1213
    1221
    1156
    1196
    1195
    1175
    1152
    1167
    1174
    1189
    1127
    1221
    1140
    1140
    1197
    1150
    1164
    1232
    1203
    1134
    1102
    1150
    1247
    1151
    1197
    1141
    1129
    1179
    1168
    1174
    1178
    1183
    1153
    1219
    1248
    1185
    1117
    1176
    1167
    1099
    1204
    1137
    1119
    1138
    1197
    1161
    1154
    1147
    1126
    1123
    1159
    1187
    1154
    1108
    1130
    1118
    1196
    1133
    1180
    1146
    1212
    1141
    1126
    1162
    1116
    1210
    1145
    1180
    1221
    1100
    1168
    1168
    1239
    1129
    1098
    1168
    1137
    1168
    1143
    1191
    1133
    1142
    1168
    1183
    1131
    1231
    1141
    1132
    1099
    1202
    1156
    1204
    1163
    1161
    1136
    1188
    1109
    1150
    1165
    1178
    1191
    1156
    1188
    1192
    1127
    1197
    1148
    1213
    1216
    1197
    1200
    1261
    1210
    1251
    1213
    1259
    1208
    1198
    1223
    1233
    1197
    1272
    1196
    1219
    1251
    1171
    1197
    1183
    1153
    1161
    1208
    1161
    1216
    1227
    1192
    1165
    1154
    1199
    1170
    1216
    1134
    1139
    1155
    1183
    1113
    1157
    1168
    1150
    1076
    1082
    1125
    1095
    1132
    1113
    1108
    1127
    1135
    1096
    1097
    1067
    1140
    1156
    1052
    1088
    1181
    1098
    1074
    1122
    1111
    1071
    1117
    1122
    1134
    1078
    1077
    1119
    1073
    1101
    1131
    1024
    1096
    1064
    1124
    1060
    1111
    1052
    1041
    1053
    1062
    1062
    1027
    1036
    1067
    1078
    1033
     958
    1023
    1005
    1045
     990
    1011
    1007
     974
     999
    1060
    1036
     991
    1008
     977
    1035
    1014
    1024
    1043
    1002
     920
    1004
     981
     994
    1026
    1029
    1024
     993
    1022
     944
    1002
     965
     998
     984
    1027
     934
     960
     988
     918
     958
     975
     968
     968
     919
     976
     997
     931
     936
     951
     968
     942
     942
     989
     924
     971
     949
     967
    1006
     913
     895
     998
     961
     938
     915
     922
     942
     900
     929
     950
     945
     893
     907
     939
     917
     917
     903
     944
     970
     893
     957
     877
     975
     929
     946
     930
     894
     950
     974
     938
     946
     960
     918
     939
     914
     937
     915
     916
     883
     975
     969
     914
     945
     940
     912
     988
     907
     930
     946
     872
     942
     910
     961
     935
     894
     983
     902
     932
     883
     954
     902
     928
     900
     892
     963
     920
     912
     896
     955
     889
     941
     932
     863
     896
     846
     954
     878
     891
     937
     893
     896
     860
     907
     920
     942
     925
     903
     893
     954
     928
     959
     870
     930
     921
     875
     913
     874
     840
     848
     892
     847
     871
     869
     915
     917
     863
     862
     909
     912
     878
     955
     879
     936
     931
     887
     895
     858
     893
     874
     902
     885
     956
     908
     894
     868
     876
     924
     867
     899
     878
     891
     969
     908
     922
     908
     893
     876
     899
     880
     855
     982
     878
     865
     912
     967
     905
     891
     911
     924
     945
     864
     895
     866
     907
     862
     889
     893
     870
     865
     889
     920
     870
     985
     950
     820
     884
     925
     894
     874
     872
     875
     937
     897
     858
     922
     852
     901
     903
     923
     851
     867
     912
     864
     917
     866
     881
     902
     877
     889
     956
     888
     905
     894
     863
     909
     876
     896
     838
     855
     907
     885
     953
     889
     933
     882
     863
     927
     897
     921
     849
     823
     915
     926
     902
     922
     902
     916
     915
     935
     864
     932
     929
     922
     912
     987
     921
     901
     920
     948
     888
     865
     900
     878
     896
     956
     931
     923
     914
     824
     883
     860
     846
     897
     914
     875
     871
     865
     908
     912
     930
     874
     896
     924
     905
     928
     886
     944
     921
     893
     923
     920
     918
     934
     912
     890
     903
     945
     922
     933
     937
     937
     897
     884
     879
     909
     957
     957
     888
     911
     914
     943
     953
     855
     923
     937
     896
     992
     941
     901
     900
     901
     890
     936
     894
     873
     960
     942
     881
     916
     954
     929
     885
     911
     902
     871
     926
     898
     884
     944
     873
     871
     860
     920
     977
     909
     915
     969
     930
     912
     925
     917
     956
     902
     967
     949
     878
     919
     874
     917
     932
     908
     891
     971
     950
     935
     876
     948
     890
     956
     945
     951
     960
     947
     924
     968
     962
     950
     946
     966
     951
     947
     912
     986
     937
     968
     974
     991
     994
     907
     988
     900
     916
     983
     990
     975
     969
     923
     957
    1004
     963
     941
     955
     974
    1008
     955
     949
     975
     946
     984
     971
     899
     953
     986
     939
     957
     979
     992
     941
    1057
    1051
     979
     965
    1006
     986
     992
     962
     977
     989
     960
    1042
     980
     988
     969
     978
     996
     975
    1073
     978
     972
     980
     984
     994
     979
    1022
    1034
     989
     926
    1022
     980
     957
     938
     907
    1028
     952
     894
    1028
     981
    1003
    1009
    1017
     996
    1015
    1032
    1054
     943
    1045
    1021
    1035
    1009
    1070
    1045
    1015
    1055
     995
    1023
    1041
    1042
    1015
    1006
    1019
     981
    1001
    1050
     964
     967
     989
    1015
    1075
    1037
    1000
    1043
    1068
    1051
     998
    1060
    1039
    1001
    1068
    1076
    1025
    1000
    1079
    1016
    1074
    1029
    1038
    1048
    1033
    1033
     998
    1009
    1072
    1005
    1012
    1055
    1057
    1051
    1041
    1065
    1025
    1059
    1021
    1011
    1079
    1061
    1023
    1105
    1077
    1013
    1061
    1018
    1039
    1100
    1025
    1043
    1024
     968
    1059
    1048
    1064
    1066
    1078
    1014
    1032
    1040
    1021
    1033
    1030
    1006
    1028
    1020
    1053
    1069
    1060
    1029
    1072
    1012
    1135
    1051
    1043
    1021
     994
    1045
    1005
     998
    1001
    1016
    1004
    1051
    1003
    1034
     941
     944
     940
     970
     950
     928
     906
     934
     918
     922
     919
     882
     914
     895
     867
     836
     850
     850
     808
     805
     783
     798
     753
     783
     753
     783
     809
     774
     770
     765
     772
     796
     764
     689
     760
     736
     722
     716
     728
     725
     718
     745
     678
     696
     701
     706
     713
     718
     707
     733
     700
     719
     718
     770
     758
     699
     762
     678
     613
     699
     657
     663
     671
     658
     634
     689
     692
     649
     687
     670
     640
     654
     659
     583
     689
     624
     630
     664
     631
     647
     615
     618
     631
     615
     604
     613
     599
     608
     603
     601
     647
     645
     623
     640
     615
     624
     601
     640
     588
     615
     565
     600
     617
     573
     614
     608
     603
     611
     599
     609
     607
     592
     565
     623
     632
     567
     608
     591
     598
     563
     582
     586
     595
     568
     599
     598
     605
     574
     560
     587
     551
     551
     542
     567
     565
     505
     518
     533
     588
     582
     599
     515
     596
     544
     557
     560
     579
     539
     577
     548
     533
     544
     566
     557
     542
     521
     527
     524
     531
     558
     577
     550
     522
     539
     541
     469
     518
     526
     526
     552
     538
     535
     503
     560
     469
     505
     508
     502
     504
     521
     523
     535
     517
     492
     492
     483
     532
     464
     561
     513
     494
     499
     490
     505
     511
     525
     470
     472
     503
     488
     459
     453
     493
     473
     514
     455
     455
     507
     480
     495
     496
     524
     492
     472
     493
     482
     483
     477
     457
     454
     502
     500
     493
     461
     478
     501
     483
     477
     465
     494
     491
     468
     482
     468
     447
     461
     483
     405
     486
     470
     438
     454
     473
     466
     459
     460
     428
     444
     423
     428
     449
     453
     448
     464
     436
     482
     422
     459
     459
     471
     462
     454
     437
     445
     433
     450
     414
     434
     415
     438
     431
     460
     400
     431
     429
     433
     412
     446
     444
     414
     412
     411
     428
     435
     388
     419
     451
     450
     441
     421
     415
     418
     416
     409
     396
     429
     382
     449
     408
     426
     414
     419
     389
     435
     459
     402
     421
     450
     445
     433
     384
     393
     395
     419
     434
     393
     426
     420
     373
     406
     393
     414
     408
     433
     392
     411
     404
     415
     438
     388
     460
     406
     382
     442
     440
     383
     403
     381
     425
     388
     428
     454
     412
     397
     393
     411
     386
     438
     370
     444
     416
     420
     390
     411
     452
     397
     404
     422
     398
     386
     379
     391
     383
     415
     413
     410
     400
     439
     367
     381
     385
     394
     389
     389
     413
     392
     416
     407
     402
     382
     385
     418
     404
     401
     387
     403
     391
     398
     378
     437
     401
     422
     405
     399
     382
     395
     405
     400
     398
     411
     395
     424
     368
     398
     410
     373
     413
     417
     430
     404
     408
     414
     368
     390
     384
     399
     363
     398
     427
     389
     438
     436
     392
     392
     368
     387
     403
     408
     372
     388
     372
     386
     352
     422
     424
     432
     409
     381
     399
     366
     379
     403
     378
     363
     389
     405
     404
     387
     374
     399
     368
     416
     392
     400
     397
     391
     393
     406
     344
     426
     430
     365
     391
     403
     348
     374
     377
     372
     382
     380
     367
     393
     360
     385
     375
     400
     395
     356
     355
     360
     369
     368
     383
     348
     399
     382
     417
     365
     379
     420
     389
     377
     393
     374
     402
     356
     404
     363
     362
     373
     360
     373
     388
     365
     411
     380
     403
     360
     369
     377
     384
     384
     373
     391
     362
     378
     356
     369
     375
     375
     353
     365
     362
     382
     354
     373
     387
     366
     368
     375
     379
     379
     353
     401
     358
     364
     364
     407
     371
     372
     368
     356
     363
     377
     367
     362
     390
     387
     384
     392
     359
     384
     389
     381
     352
     376
     370
     410
     324
     354
     344
     353
     347
     378
     354
     384
     353
     369
     374
     375
     335
     392
     361
     367
     373
     359
     393
     369
     348
     362
     350
     362
     348
     374
     320
     365
     374
     349
     362
     366
     367
     374
     354
     356
     377
     384
     361
     364
     386
     375
     370
     400
     381
     358
     357
     376
     338
     384
     375
     371
     410
     377
     323
     384
     366
     361
     349
     370
     339
     369
     366
     363
     387
     387
     330
     366
     352
     323
     368
     377
     374
     354
     357
     388
     363
     329
     397
     378
     390
     370
     359
     359
     367
     321
     354
     354
     390
     385
     372
     346
     350
     377
     364
     362
     402
     383
     379
     379
     372
     374
     388
     387
     382
     363
     391
     394
     388
     399
     420
     401
     426
     391
     393
     401
     382
     396
     397
     453
     414
     453
     475
     507
     569
     596
     693
     766
     871
    1087
    1368
    1907
    2522
    3425
    4738
    6697
    9089
   12019
   15529
   19476
   23414
   26436
   29658
   31802
   32756
   32265
   30590
   28014
   24647
   21067
   17149
   13257
   10029
    7312
    5232
    3737
    2547
    1736
    1279
     917
     696
     596
     503
     406
     336
     328
     310
     264
     283
     280
     232
     232
     242
     194
     201
     198
     171
     190
     181
     158
     195
     194
     171
     177
     169
     146
     152
     151
     173
     124
     155
     134
     140
     158
     162
     162
     162
     148
     138
     149
     136
     132
     148
     130
     144
     151
     142
     132
     138
     129
     142
     130
     121
     117
     126
     121
     110
     128
     115
     118
     128
     134
     137
     135
     131
     109
     121
     129
     114
     121
     115
     109
     129
     107
     117
     117
     114
     104
     115
     106
     107
      97
     102
     101
     101
     105
     102
     113
     101
      98
     103
      94
      87
     103
      88
     110
      94
     103
     120
     102
      80
      93
      81
     100
     105
     106
     105
      98
      90
      89
     106
     101
      79
     102
      99
      96
      86
      84
      69
     115
     111
      76
      91
      95
      87
      94
      84
      79
      94
     112
      98
      97
      90
      96
      84
     112
      84
      95
      95
      92
     107
      89
      99
      98
      93
     101
      92
      89
      89
      93
      86
      79
      83
      92
      74
      72
      87
      99
     103
      77
      84
      85
      80
     112
      69
      75
      81
      84
      90
      94
     100
      77
      80
      89
      94
      98
      66
      96
     106
      87
      86
      71
      87
      70
      70
      74
      94
      88
      91
      78
      83
      85
      96
      75
      71
     106
      85
      84
      79
      74
      84
      81
      78
      78
      90
      95
      72
      70
      74
      78
      76
      78
      92
      81
      77
     100
      87
      79
      76
      81
      83
      72
      73
      72
      74
      87
      80
      65
      68
      83
      78
      74
      66
      75
      63
      86
      82
      67
      74
      72
      81
      58
      69
      89
      86
      79
      75
      74
      70
      83
      78
      85
      77
      64
      82
      93
      67
      73
      62
      70
      92
      71
      90
      61
      70
      65
      79
      68
      82
      67
      85
      72
      74
      65
      70
      56
      83
      70
      79
      98
      91
      66
      79
      66
      85
      63
      67
      75
      53
      55
      61
      68
      75
      57
      62
      74
      71
      57
      73
      67
      63
      74
      62
      74
      80
      64
      68
      70
      68
      82
      70
      82
      71
      72
      78
      63
      69
      67
      67
      74
      70
      49
      68
      68
      70
      77
      70
      72
      61
      74
      68
      82
      58
      74
      67
      61
      76
      81
      62
      64
      70
      78
      51
      75
      70
      71
      70
      51
      68
      67
      69
      72
      74
      68
      62
      77
      60
      60
      76
      54
      60
      81
      63
      69
      76
      60
      81
      76
      84
      70
      55
      72
      62
      69
      55
      79
      60
      57
      68
      74
      69
      73
      94
     111
     124
     129
     115
     115
     100
      74
      67
      64
      72
      75
      48
      63
      69
      61
      68
      60
      54
      65
      62
      71
      62
      68
      74
      56
      63
      58
      59
      50
      59
      55
      69
      70
      59
      68
      59
      61
      82
      75
      53
      60
      59
      69
      71
      68
      55
      59
      60
      66
      64
      64
      66
      78
      65
      58
      71
      63
      60
      53
      69
      62
      60
      58
      54
      55
      59
      66
      61
      64
      57
      53
      56
      61
      56
      63
      53
      59
      59
      62
      62
      62
      56
      59
      61
      38
      65
      71
      58
      57
      69
      56
      75
      57
      48
      56
      49
      65
      67
      45
      63
      52
      48
      63
      56
      47
      51
      58
      65
      58
      63
      59
      48
      52
      49
      58
      59
      49
      59
      50
      57
      55
      67
      59
      61
      75
      51
      67
      66
      41
      60
      55
      67
      60
      40
      37
      60
      52
      55
      56
      49
      55
      64
      57
      55
      49
      65
      60
      53
      62
      40
      57
      47
      61
      53
      53
      69
      50
      50
      60
      66
      48
      55
      58
      47
      65
      48
      51
      53
      59
      50
      60
      45
      48
      54
      58
      51
      44
      56
      42
      62
      62
      53
      57
      41
      51
      51
      47
      65
      55
      48
      39
      51
      52
      52
      58
      37
      51
      51
      49
      60
      56
      46
      52
      44
      38
      48
      50
      49
      59
      43
      55
      59
      56
      59
      45
      39
      47
      45
      51
      59
      51
      66
      46
      46
      39
      56
      59
      42
      49
      60
      63
      53
      46
      51
      63
      44
      53
      50
      59
      55
      47
      69
      56
      51
      58
      61
      56
      61
      46
      48
      45
      44
      43
      43
      50
      54
      50
      40
      55
      43
      54
      51
      47
      52
      47
      49
      53
      53
      50
      37
      48
      54
      50
      33
      48
      40
      45
      45
      56
      52
      58
      36
      57
      56
      49
      69
      36
      56
      48
      53
      39
      43
      48
      37
      50
      51
      51
      48
      50
      46
      55
      60
      42
      36
      46
      51
      49
      45
      48
      42
      59
      48
      41
      43
      30
      39
      47
      43
      45
      51
      45
      51
      55
      54
      48
      41
      46
      56
      41
      51
      44
      43
      41
      42
      55
      42
      43
      47
      43
      47
      41
      44
      41
      49
      36
      40
      53
      43
      44
      43
      46
      49
      49
      32
      37
      46
      49
      42
      46
      49
      55
      45
      51
      32
      56
      38
      52
      45
      54
      56
      52
      47
      55
      40
      35
      42
      50
      46
      33
      33
      54
      30
      37
      45
      44
      46
      55
      51
      50
      47
      42
      57
      53
      52
      34
      40
      40
      56
      37
      41
      38
      33
      37
      41
      43
      36
      42
      43
      38
      42
      34
      32
      45
      48
      45
      42
      30
      40
      33
      37
      43
      45
      36
      39
      42
      48
      31
      34
      56
      38
      35
      39
      40
      44
      41
      51
      44
      38
      46
      50
      39
      27
      34
      45
      45
      39
      46
      47
      39
      48
      38
      38
      48
      35
      44
      26
      41
      47
      41
      39
      33
      40
      37
      42
      41
      33
      30
      42
      44
      47
      24
      42
      41
      40
      34
      34
      33
      44
      43
      39
      40
      29
      37
      37
      55
      37
      32
      38
      32
      45
      39
      34
      32
      40
      26
      49
      38
      33
      44
      44
      40
      45
      51
      33
      38
      40
      40
      21
      39
      53
      38
      34
      38
      39
      40
      35
      37
      31
      36
      36
      45
      36
      31
      39
      43
      41
      38
      39
      35
      37
      30
      51
      42
      25
      29
      41
      41
      36
      36
      33
      34
      33
      39
      33
      42
      34
      32
      34
      47
      36
      31
      43
      37
      36
      28
      35
      42
      45
      24
      32
      41
      36
      41
      32
      38
      46
      39
      38
      32
      42
      29
      32
      37
      39
      47
      32
      40
      35
      28
      37
      29
      41
      34
      33
      40
      33
      41
      34
      40
      36
      34
      38
      36
      32
      35
      27
      28
      44
      46
      45
      31
      24
      43
      37
      37
      32
      40
      33
      37
      26
      37
      26
      39
      28
      32
      39
      34
      43
      24
      37
      35
      36
      38
      42
      39
      42
      30
      42
      33
      37
      35
      38
      38
      33
      47
      35
      39
      32
      42
      40
      34
      45
      37
      30
      38
      39
      20
      28
      36
      49
      31
      41
      37
      31
      39
      29
      29
      35
      38
      34
      34
      40
      26
      27
      34
      37
      31
      37
      26
      32
      42
      28
      29
      25
      35
      32
      36
      40
      31
      41
      36
      30
      23
      42
      30
      21
      30
      31
      40
      26
      33
      31
      34
      31
      36
      30
      26
      26
      36
      30
      24
      33
      41
      33
      23
      39
      31
      50
      39
      47
      41
      33
      39
      24
      22
      38
      35
      34
      44
      41
      36
      33
      31
      49
      29
      36
      26
      44
      42
      34
      40
      33
      39
      38
      44
      32
      35
      38
      34
      26
      31
      34
      31
      38
      24
      28
      29
      33
      27
      43
      25
      38
      28
      41
      24
      31
      20
      41
      32
      38
      34
      39
      27
      37
      20
      26
      32
      26
      24
      26
      28
      40
      25
      34
      37
      31
      48
      36
      29
      30
      40
      31
      33
      25
      35
      31
      30
      31
      35
      26
      24
      26
      44
      30
      38
      31
      26
      31
      25
      33
      32
      32
      36
      37
      32
      33
      24
      21
      33
      38
      38
      30
      35
      32
      31
      27
      32
      26
      35
      34
      36
      21
      35
      26
      31
      31
      30
      35
      31
      27
      29
      26
      34
      26
      32
      37
      37
      22
      32
      28
      32
      25
      21
      32
      36
      31
      26
      31
      35
      36
      31
      27
      24
      30
      31
      30
      28
      31
      32
      34
      31
      32
      23
      23
      29
      23
      30
      31
      39
      27
      33
      29
      25
      33
      26
      35
      30
      26
      27
      21
      37
      36
      33
      24
      29
      35
      36
      24
      26
      23
      33
      30
      31
      31
      28
      30
      30
      27
      28
      29
      30
      26
      33
      36
      26
      31
      27
      26
      27
      32
      24
      31
      29
      29
      25
      28
      23
      37
      43
      24
      42
      34
      27
      38
      30
      28
      38
      29
      34
      29
      21
      31
      26
      31
      30
      27
      28
      34
      32
      22
      37
      36
      24
      26
      30
      32
      38
      30
      37
      25
      30
      25
      25
      25
      30
      33
      29
      36
      23
      33
      31
      29
      24
      28
      27
      34
      23
      27
      42
      30
      42
      21
      34
      21
      28
      35
      33
      30
      30
      33
      21
      30
      34
      30
      35
      27
      22
      28
      38
      24
      20
      23
      28
      31
      24
      24
      22
      30
      25
      23
      31
      32
      30
      28
      21
      40
      23
      27
      31
      27
      22
      23
      20
      25
      36
      35
      22
      16
      27
      19
      37
      32
      22
      29
      17
      26
      23
      34
      20
      24
      20
      31
      28
      29
      27
      26
      37
      23
      28
      32
      24
      34
      24
      33
      32
      32
      23
      22
      22
      32
      26
      24
      28
      18
      25
      29
      27
      29
      31
      25
      25
      26
      15
      24
      29
      24
      26
      23
      25
      17
      19
      25
      27
      24
      28
      26
      27
      29
      29
      24
      21
      26
      37
      22
      18
      26
      32
      14
      32
      20
      21
      30
      26
      31
      21
      16
      27
      21
      31
      27
      30
      27
      20
      23
      20
      28
      35
      26
      27
      19
      22
      17
      30
      22
      19
      19
      24
      22
      23
      25
      22
      32
      24
      28
      37
      23
      24
      30
      24
      31
      30
      23
      20
      28
      23
      24
      20
      27
      35
      22
      18
      28
      20
      29
      10
      23
      24
      15
      32
      28
      30
      19
      31
      31
      34
      21
      30
      22
      29
      34
      21
      19
      22
      30
      22
      29
      28
      26
      28
      22
      19
      20
      18
      16
      24
      25
      26
      17
      30
      20
      35
      26
      21
      24
      22
      20
      18
      22
      19
      12
      29
      25
      22
      14
      26
      26
      19
      31
      32
      21
      25
      24
      22
      25
      26
      27
      29
      26
      19
      22
      22
      22
      19
      20
      38
      22
      23
      17
      17
      23
      20
      24
      25
      17
      20
      23
      23
      26
      30
      26
      34
      37
      33
      32
      24
      36
      26
      28
      32
      26
      28
      29
      28
      27
      14
      22
      18
      24
      19
      24
      20
      30
      21
      24
      28
      24
      23
      24
      23
      25
      23
      19
      25
      21
      36
      27
      25
      26
      26
      15
      24
      25
      32
      22
      30
      18
      34
      26
      21
      21
      24
      20
      16
      15
      29
      25
      20
      20
      27
      32
      27
      23
      23
      26
      16
      29
      30
      24
      21
      26
      22
      27
      27
      22
      23
      21
      18
      28
      23
      35
      24
      24
      28
      25
      30
      15
      25
      22
      24
      22
      24
      19
      25
      27
      23
      27
      29
      29
      20
      24
      17
      18
      34
      23
      33
      13
      21
      23
      31
      21
      28
      26
      18
      21
      35
      23
      26
      28
      29
      26
      21
      25
      21
      23
      26
      27
      20
      25
      24
      24
      28
      17
      24
      25
      19
      25
      20
      24
      12
      28
      28
      31
      28
      32
      22
      23
      16
      27
      24
      20
      25
      20
      22
      12
      27
      27
      24
      11
      10
      22
      18
      18
      22
      24
      27
      24
      27
      22
      20
      27
      31
      29
      28
      19
      31
      28
      25
      21
      27
      22
      20
      26
      32
      24
      29
      24
      19
      28
      20
      27
      23
      28
      22
      19
      27
      24
      28
      30
      22
      23
      26
      21
      23
      25
      29
      14
      20
      16
      31
      17
      35
      22
      23
      28
      17
      24
      26
      23
      30
      19
      25
      22
      31
      27
      20
      18
      20
      16
      20
      27
      16
      23
      26
      24
      23
      29
      33
      23
      28
      33
      26
      26
      18
      19
      20
      26
      16
      19
      16
      22
      26
      21
      15
      25
      16
      16
      30
      28
      17
      16
      23
      24
      25
      14
      17
      24
      20
      27
      17
      23
      26
      23
      19
      17
      24
      21
      16
      27
      24
      18
      18
      23
      13
      23
      23
      26
      23
      23
      15
      20
      18
      20
      27
      22
      30
      19
      16
      18
      15
      29
      16
      20
      24
      27
      18
      21
      16
      20
      29
      30
      23
      12
      19
      21
      20
      21
      14
      21
      22
      17
      16
      22
      14
      25
      26
      15
      30
      19
      22
      21
      20
      17
      16
      19
      22
      13
      18
      21
      19
      18
      28
      23
      25
      27
      21
      21
      23
      25
      20
      27
      21
      22
      21
      13
      25
      20
      14
      23
      20
      26
      24
      18
      27
      21
      21
      30
      15
      23
      19
      33
      21
      21
      19
      26
      15
      22
      24
      18
      29
      19
      24
      23
      20
      22
      23
      18
      21
      19
      14
      27
      18
      26
      25
      23
      24
      16
      22
      23
      23
      23
      19
      23
      21
      23
      28
      29
      24
      20
      18
      27
      26
      32
      29
      24
      17
      22
      32
      22
      22
      19
      25
      22
      21
      20
      16
      28
      22
      33
      21
      26
      17
      20
      20
      22
      28
      28
      28
      22
      37
      35
      32
      33
      25
      30
      34
      35
      33
      39
      30
      23
      28
      33
      33
      28
      34
      29
      27
      36
      28
      21
      19
      23
      23
      27
      15
      19
      19
      17
      20
      15
      18
      14
      10
       9
      19
      16
      14
      19
      18
      16
       9
      13
      15
      16
      16
      18
      11
      15
      18
      12
      16
      11
      15
      12
      14
      17
      13
       8
      15
      12
      18
      16
      15
      10
      13
      21
      15
      17
      16
      12
      15
      17
      15
      18
      15
      12
      13
      14
      17
      15
      19
      11
      13
      15
      18
      13
      20
      11
      13
      13
      18
      16
      25
      13
      12
      19
      12
      10
      21
      13
      11
      12
      16
      11
      12
      15
      17
       8
      17
      13
      16
       9
      18
      15
      15
      14
      16
      19
      19
      20
      24
      14
      15
      17
      17
      12
      15
      18
      12
      13
      17
       6
      14
       7
      13
      17
      16
      15
      18
      14
      14
      18
      12
       9
      14
      11
      12
      18
      16
      11
      10
      19
      14
       9
      26
       9
      12
      15
      10
       9
      14
      12
       5
      11
      14
      15
      11
      12
      14
      15
      11
      24
       8
       9
      14
      19
      10
      18
      14
      10
      11
      11
      15
      18
      15
       8
      15
      19
      15
      21
      13
      11
       7
      20
      13
      16
      16
      14
      18
      11
      24
       8
      11
      12
       7
      12
      11
      15
       9
      17
      16
      18
      13
      14
      17
       9
       9
      14
      13
      11
      15
       7
      13
      16
       8
      17
      16
      18
      10
      12
      10
      14
      23
      14
      14
      13
      15
      13
      12
      15
      14
      10
      18
      13
       7
      12
      12
      11
      12
      13
      11
      14
      14
      15
      10
      10
      16
      13
      11
       6
      10
       7
       8
      10
      11
      10
      15
      14
      15
      13
      18
       8
      13
      10
      15
       9
      17
      17
      15
      12
      17
      10
      12
      15
      21
      12
      13
      13
       9
      14
      16
      16
      21
      20
      12
      12
       8
      15
      13
      16
      20
      19
       9
      13
      16
      18
       8
      16
      15
      19
      16
      10
      15
      20
      16
      16
      11
      13
      21
       8
      13
      14
      25
      14
       8
      18
      19
      14
       7
      16
      25
      13
      11
      10
      20
      15
      12
      13
      10
      11
      10
      14
      18
       9
      13
      19
      12
      11
      16
      10
      16
      10
       7
      12
      14
      19
      14
      13
      13
       8
      15
      13
      12
      12
      15
      10
      20
      18
      11
      22
      11
      10
      12
      20
      13
      14
      20
      13
       9
      13
      11
      15
      19
      12
      10
      17
      11
      14
       9
      12
      13
      15
       8
      13
       7
      15
      17
      11
      12
       7
      14
      16
      12
       8
      14
       9
      11
      12
      13
      15
      19
       6
      14
      14
      25
      22
      31
      29
      26
      20
      23
      21
      15
      20
       9
      10
      12
      13
       5
       6
      10
      14
      14
       6
      14
       3
      15
       7
       9
      12
       6
       8
      11
      12
      10
      13
      12
      17
       8
       9
      11
       9
       8
       7
       5
       9
       9
      12
       8
      14
       4
      10
      11
       7
       9
       9
      15
       8
      16
      13
      10
      10
       8
       8
       9
       6
      15
      13
      12
       9
       8
       9
      12
      14
      14
      14
      12
       8
      19
       5
      11
      12
      10
      10
       9
      10
      11
       5
      10
       7
       4
       7
       9
       9
       9
      11
      10
      13
      10
      10
       7
       8
       8
      11
      10
      13
       6
       4
       8
      11
      14
      11
       7
       8
       6
       8
       7
       7
      11
      19
      10
       7
       5
       6
       6
      11
      11
       5
       8
      12
       8
      12
      14
       7
       8
       8
       8
      17
       9
      11
       6
      10
      10
       8
       9
      12
       6
       7
      18
       6
       7
      12
       7
      13
       9
       6
      10
       5
       9
       5
       5
      14
       8
       6
       3
      11
       9
      13
      10
       7
       5
       7
       8
       8
      10
       5
      14
      13
      10
      10
       6
      14
      11
       9
      10
      10
      11
      11
      10
       5
       7
      12
       8
       9
       9
      13
       6
      10
       6
       9
      10
       6
      11
       9
      10
       7
       9
      14
       6
       8
      14
      17
      17
      19
      23
      26
      55
     107
     117
     221
     284
     405
     405
     463
     403
     323
     213
     154
      93
      55
      29
      15
      12
      11
       7
      12
       9
       8
       4
       4
       5
      10
      12
      11
       7
       9
      16
      15
      13
      12
      13
      11
      10
       7
       8
       3
      12
       6
       4
       8
      13
       8
      11
       9
       2
       4
      14
      11
       7
       6
       6
       9
      10
      10
       5
       3
       7
      10
      12
       7
      10
       9
      10
       8
      12
       5
      12
      13
       1
       8
       9
       3
      11
       5
       6
       5
       5
       4
       6
       9
      11
      10
      10
       5
       6
       5
       4
       3
       6
      10
       6
       6
       3
      11
       8
       8
       8
       3
       7
       6
       8
      11
       8
       3
       8
       5
       6
      12
       9
       7
       5
       8
      15
       7
       5
       4
      10
      10
       9
       6
       9
       5
       3
       9
       5
       6
       8
       7
       7
       8
       7
       4
       4
       7
       9
       6
       8
       9
       2
       7
       7
       7
       1
      11
      10
       9
       5
       7
       3
       4
       2
       6
       9
       6
       3
       7
       8
       3
       3
       9
      10
       5
       7
       8
       2
       9
       5
       4
       6
       6
      13
       8
       4
       5
       4
       4
       5
      10
       4
       7
       8
      10
       3
       9
      10
       7
       7
       6
       5
       7
       5
      10
       7
       8
       5
       7
       8
       5
       5
       6
       5
       7
       2
       6
       9
       7
       7
       4
       8
       7
       3
       4
       7
       4
      10
       6
       7
       5
       8
       8
       7
       8
       5
       7
       6
       9
       5
       5
       1
       6
       8
       7
       7
       3
       2
       4
      10
       5
       4
       5
       5
      11
       6
       2
       4
       9
       5
       4
       7
       5
       5
       5
       7
       9
       6
       4
       1
       6
       6
       7
       7
       8
       4
       7
      11
       7
      10
      11
      12
       6
       7
      11
       3
       9
       1
       4
       6
       7
       7
       4
       5
       3
       2
       5
      10
       6
       8
       5
       4
       2
       8
       6
       6
       6
       4
       4
       3
       4
       4
       1
       3
       4
       6
       2
       5
       4
       4
       4
       8
       6
       6
       7
       8
       6
       7
       4
       7
       4
       4
       7
       7
       5
       4
       6
       7
       4
       3
       8
       3
       7
       1
       5
       7
       7
       7
       6
       5
       6
       4
       2
       8
       1
       6
       5
       3
       3
       1
       7
       2
       6
       3
       4
       1
       5
       5
       3
       2
       9
       6
      11
       6
       5
       6
       4
       7
       2
       5
       6
       2
       3
       3
       3
       3
       7
       3
       3
       1
       5
       4
       5
       7
       5
       6
       8
       5
       6
       9
       2
       8
       6
       2
       4
       8
       5
       7
       8
       3
       8
       5
      10
       6
       2
       6
       3
       5
       7
       4
       6
       5
       4
       4
       9
       5
       7
      11
      19
      10
      11
      15
       9
       9
       8
       9
       9
       9
       4
       7
       3
       5
       4
       4
       1
       6
       8
       2
       3
       5
       6
       7
       2
       3
       4
       3
       6
      13
       6
       2
       3
       2
       3
       5
       5
       5
      11
       7
       3
       4
       1
      11
       6
       2
       8
       7
       4
       5
       5
      10
       6
       3
       2
       2
       5
       7
       5
       6
       1
       2
       7
       3
       4
       5
       5
       5
       9
       3
       2
       3
       7
       9
       5
       4
       5
       5
       3
       6
       4
       6
       3
       4
       3
      11
       7
       2
       4
       6
       4
       4
       5
       4
       3
       2
       3
       6
       4
       5
       3
       4
       5
       2
       6
       3
       2
       6
       5
       1
       3
       6
       4
       5
       4
       7
       4
       7
       8
       5
       3
       3
       6
       3
       3
       7
       6
       6
       6
       4
       5
       0
       7
       5
       3
       4
       3
       1
       5
       9
       3
       4
       4
       4
       6
       6
       3
       5
       9
       5
       7
       2
       6
       5
       2
       2
       2
       1
       7
       5
       2
       5
       7
       2
       1
       5
       0
       4
       5
       4
       3
       8
       4
       6
       3
       4
       6
       4
       5
       5
       3
       6
       4
       7
       3
       1
       3
       6
       7
       5
       4
       5
       4
       3
       4
       5
       7
       7
       3
       5
       5
       5
       3
       6
       4
       2
       3
       8
       5
       3
       5
       7
       2
       8
       5
       3
       3
       6
       7
       5
       5
       6
      11
       8
       5
       9
       7
      12
      14
      31
      40
      58
     104
     175
     197
     287
     377
     369
     368
     315
     269
     196
     125
      72
      25
      17
      13
       9
      13
       3
       7
       7
       8
       6
       4
       6
       3
       7
       7
       2
       3
       2
       3
       3
       5
       6
       0
       5
       1
       0
       6
       4
       5
       3
       3
       4
       2
       8
       1
       3
       3
       5
       5
       3
       1
       1
       3
       4
       2
       5
       2
       3
       5
       5
       3
       5
       5
       3
       4
       6
       1
       5
       2
       3
       5
       4
       5
       3
       3
       4
       3
       2
       2
       6
       6
       3
       1
       3
       1
       2
       5
       4
       2
       3
       1
       1
       0
       4
       3
       5
       5
       1
       5
       6
       4
       5
       3
       3
       5
       7
       3
       3
       3
       2
       3
       1
       7
       4
       3
       3
       4
       2
       7
       5
       5
       4
       5
       6
       1
       2
       1
       4
       3
       1
       4
       4
       3
       2
       3
       1
       3
       3
       1
       1
       3
       4
       2
       3
       4
       3
       4
       1
       5
       1
       8
       4
       2
       1
       2
       0
       1
       2
       5
       0
       1
       3
       3
       2
       3
       3
       6
       1
       5
       3
       2
       3
       7
       2
       3
       4
       3
       1
       3
       4
       3
       3
       3
       6
       3
       5
       4
       3
       5
       4
       4
       7
       6
       1
       8
       4
       2
       2
       4
       2
       7
       3
       1
       4
       2
       2
       1
       3
       5
       2
       3
       7
       1
       4
       8
       2
       1
       2
       3
       4
       4
       2
       0
       3
       3
       4
       2
       0
       3
       3
       3
       4
       2
       5
       7
       4
       1
       2
       7
       0
       2
       4
       1
       0
       5
       2
       5
       1
       3
       2
       5
       3
       1
       5
       2
       1
       2
       3
       2
       2
       3
       2
       4
       1
       3
       3
       0
       3
       2
       3
       3
       1
       1
       1
       5
       3
       4
       6
       1
       4
       5
       3
       5
       4
       3
       3
       0
       2
       1
       1
       2
       5
       7
       3
       4
       3
       0
       1
       1
       2
       3
       1
       5
       4
       3
       3
       2
       2
       3
       6
       5
       4
       7
       6
       2
       3
       1
       4
       1
       5
       0
       3
       3
       3
       3
       3
       1
       3
       1
       2
       3
       4
       3
       4
       1
       2
       2
       3
       1
       1
       4
       1
       1
       1
       3
       3
       1
       3
       2
       1
       1
       4
       2
       0
       4
       4
       2
       2
       5
       4
       3
       5
       3
       4
       2
       2
       0
       3
       2
       6
       2
       4
       3
       0
       4
       3
       6
       0
       0
       2
       3
       4
       2
       1
       4
       6
       2
       1
       2
       2
       0
       3
       1
       3
       0
       2
       2
       4
       1
       4
       1
       1
       1
       1
       3
       2
       1
       6
       1
       1
       2
       1
       1
       5
       8
       1
       4
       2
       2
       1
       1
       6
       6
       1
       2
       3
       5
       5
       2
       2
       2
       1
       1
       2
       2
       2
       2
       1
       3
       3
       3
       3
       1
       2
       1
       4
       1
       2
       0
       4
       2
       2
       1
       2
       5
       1
       0
       2
       6
       1
       4
       2
       2
       1
       3
       3
       2
       4
       4
       3
       1
       1
       2
       1
       4
       1
       2
       3
       0
       3
       1
       4
       1
       3
       1
       2
       1
       6
       2
       5
       1
       2
       2
       2
       2
       2
       2
       3
       3
       3
       2
       0
       5
       3
       4
       4
       6
       3
       2
       2
       3
       4
       2
       4
       2
       0
       4
       3
       4
       4
       4
      13
      26
      32
      32
      39
      50
      50
      55
      40
      40
      17
       8
       8
       5
       6
       4
       6
       6
       4
       2
       6
       5
       4
       3
       1
       2
       2
       1
       4
       7
       1
       0
       2
       4
       1
       3
       0
       4
       1
       3
       1
       4
       1
       1
       2
       1
       3
       2
       1
       3
       2
       2
       3
       5
       2
       1
       1
       3
       2
       1
       2
       2
       0
       2
       2
       2
       5
       2
       2
       3
       1
       5
       1
       1
       0
       3
       1
       0
       0
       1
       3
       3
       2
       2
       2
       1
       2
       1
       2
       2
       3
       1
       0
       3
       3
       2
       1
       1
       6
       1
       1
       1
       1
       2
       3
       3
       2
       4
       1
       1
       2
       2
       2
       3
       2
       3
       2
       2
       2
       2
       7
       0
       1
       1
       4
       5
       0
       4
       2
       3
       3
       2
       3
       1
       3
       2
       2
       3
       0
       2
       1
       2
       2
       3
       1
       2
       3
       2
       5
       5
       0
       0
       1
       2
       2
       2
       4
       2
       3
       4
       2
       3
       1
       1
       1
       3
       2
       2
       0
       1
       4
       2
       3
       3
       4
       2
       0
       1
       2
       2
       3
       2
       5
       2
       2
       2
       3
       0
       0
       2
       2
       0
       0
       2
       3
       0
       2
       2
       1
       3
       0
       5
       4
       7
       3
       1
       2
       2
       2
       3
       1
       2
       6
       5
       1
       2
       3
       4
       3
       3
       1
       1
       4
       1
       3
       4
       1
       1
       2
       2
       3
       2
       1
       2
       0
       2
       2
       1
       1
       2
       3
       3
       0
       1
       1
       1
       2
       2
       3
       3
       3
       1
       1
       3
       3
       4
       2
       2
       2
       2
       1
       2
       4
       6
       1
       1
       1
       2
       3
       0
       2
       4
       2
       3
       2
       2
       7
       1
       1
       0
       4
       0
       2
       1
       5
       0
       3
       1
       2
       0
       3
       1
       2
       1
       3
       1
       0
       2
       0
       1
       1
       2
       2
       2
       1
       2
       5
       0
       2
       1
       4
       0
       1
       3
       3
       1
       1
       2
       2
       2
       1
       1
       3
       0
       0
       2
       3
       3
       0
       4
       3
       1
       1
       0
       0
       1
       2
       2
       0
       4
       3
       1
       1
       2
       1
       0
       0
       1
       3
       1
       2
       1
       2
       1
       2
       1
       4
       2
       1
       2
       2
       1
       1
       0
       2
       2
       0
       2
       0
       0
       0
       3
       1
       3
       0
       3
       0
       2
       2
       0
       0
       2
       1
       3
       0
       1
       2
       3
       0
       1
       2
       0
       1
       3
       3
       2
       4
       3
       3
       1
       1
       0
       5
       2
       1
       2
       1
       0
       6
       1
       5
       2
       0
       0
       4
       0
       1
       1
       2
       1
       0
       2
       0
       2
       3
       2
       1
       2
       2
       2
       2
       0
       0
       2
       2
       1
       1
       2
       0
       1
       2
       0
       2
       3
       0
       0
       1
       3
       1
       3
       2
       0
       2
       0
       4
       1
       3
       0
       4
       3
       4
       2
       5
       0
       3
       2
       0
       0
       3
       2
       3
       2
       0
       2
       0
       1
       3
       1
       3
       0
       2
       0
       1
       0
       1
       1
       0
       3
       1
       2
       3
       1
       2
       0
       1
       2
       1
       0
       1
       1
       1
       1
       4
       4
       0
       3
       0
       4
       3
       3
       2
       1
       2
       0
       1
       4
       1
       1
       3
       0
       1
       2
       2
       2
       4
       2
       4
       1
       3
       3
       2
       0
       0
       1
       1
       2
       2
       1
       4
       0
       1
       0
       2
       4
       5
       2
       0
       1
       2
       2
       1
       0
       2
       2
       0
       0
       0
       1
       2
       2
       6
       1
       6
       1
       1
       1
       0
       3
       2
       1
       2
       2
       1
       0
       0
       1
       1
       4
       2
       1
       0
       0
       0
       0
       0
       1
       2
       1
       2
       0
       2
       2
       2
       5
       3
       2
       0
       3
       1
       1
       2
       3
       2
       0
       3
       1
       3
       0
       3
       3
       1
       0
       1
       1
       3
       0
       1
       2
       0
       1
       1
       2
       4
       3
       3
       3
       2
       2
       1
       3
       0
       2
       1
       1
       1
       1
       0
       3
       0
       0
       1
       2
       2
       4
       0
       0
       2
       0
       4
       0
       2
       4
       1
       2
       1
       1
       1
       4
       2
       0
       4
       1
       0
       3
       0
       0
       0
       1
       2
       2
       3
       0
       1
       1
       1
       2
       1
       1
       2
       2
       0
       2
       2
       1
       2
       1
       1
       0
       0
       2
       3
       5
       1
       1
       1
       3
       0
       1
       1
       3
       2
       2
       1
       0
       0
       2
       1
       0
       2
       1
       0
       2
       0
       3
       1
       0
       4
       1
       1
       0
       0
       2
       1
       1
       1
       1
       0
       3
       1
       1
       2
       3
       1
       2
       0
       4
       2
       0
       0
       1
       2
       2
       4
       1
       1
       1
       0
       0
       3
       3
       1
       3
       1
       2
       1
       2
       4
       0
       1
       2
       0
       3
       3
       0
       1
       0
       3
       5
       2
       1
       0
       1
       1
       2
       1
       0
       1
       1
       0
       3
       2
       0
       1
       0
       1
       3
       0
       4
       2
       1
       2
       0
       0
       2
       0
       1
       2
       2
       0
       4
       1
       0
       1
       1
       1
       0
       2
       1
       2
       3
       1
       0
       0
       1
       0
       1
       1
       1
       1
       1
       1
       1
       4
       4
       2
       0
       2
       1
       1
       0
       2
       1
       3
       0
       1
       3
       0
       0
       1
       2
       3
       1
       1
       0
       3
       2
       1
       0
       2
       0
       1
       2
       1
       2
       1
       2
       2
       0
       1
       1
       1
       2
       0
       1
       1
       5
       0
       2
       4
       1
       3
       0
       1
       1
       2
       1
       1
       3
       0
       1
       2
       2
       1
       1
       0
       2
       1
       0
       1
       5
       2
       1
       2
       2
       1
       4
       1
       1
       2
       2
       1
       1
       4
       0
       1
       2
       2
       2
       1
       2
       1
       2
       1
       4
       1
       2
       2
       2
       2
       1
       1
       1
       3
       2
       0
       1
       3
       4
       2
       0
       0
       1
       2
       1
       0
       1
       1
       0
       2
       1
       1
       0
       1
       1
       0
       1
       1
       1
       3
       3
       2
       1
       0
       1
       3
       0
       0
       3
       1
       1
       2
       0
       1
       2
       2
       0
       0
       1
       1
       1
       0
       1
       1
       2
       0
       1
       0
       0
       0
       0
       1
       1
       0
       1
       4
       1
       2
       3
       2
       5
       0
       2
       1
       1
       0
       1
       2
       2
       1
       2
       1
       2
       0
       0
       2
       0
       0
       1
       1
       5
       0
       3
       0
       1
       1
       2
       3
       0
       0
       2
       0
       3
       0
       1
       1
       1
       1
       1
       1
       2
       0
       2
       2
       1
       0
       2
       1
       0
       2
       1
       2
       1
       3
       0
       1
       0
       1
       0
       0
       1
       2
       1
       0
       1
       0
       0
       0
       2
       2
       3
       0
       2
       2
       0
       0
       1
       2
       4
       1
       3
       2
       1
       2
       0
       0
       1
       0
       1
       1
       2
       1
       1
       2
       1
       2
       2
       1
       1
       2
       2
       1
       1
       1
       0
       0
       2
       1
       1
       3
       0
       2
       2
       0
       0
       0
       1
       2
       1
       2
       1
       1
       0
       0
       1
       2
       0
       1
       1
       0
       0
       0
       0
       1
       0
       0
       0
       2
       1
       0
       0
       1
       0
       1
       0
       1
       1
       3
       1
       0
       1
       0
       2
       1
       1
       0
       1
       2
       1
       1
       1
       1
       0
       0
       1
       0
       2
       5
       0
       1
       2
       0
       0
       0
       2
       4
       0
       1
       1
       1
       1
       0
       0
       3
       2
       0
       0
       1
       0
       0
       4
       0
       2
       1
       1
       2
       0
       0
       5
       0
       0
       0
       1
       0
       0
       1
       0
       1
       2
       0
       3
       0
       2
       0
       0
       0
       1
       1
       1
       1
       1
       0
       1
       0
       2
       1
       2
       1
       0
       2
       2
       2
       0
       0
       1
       1
       2
       1
       0
       0
       0
       0
       0
       0
       0
       1
       1
       1
       3
       4
       5
       5
       6
      14
      14
      16
      13
       9
      10
       6
       3
       6
       3
       2
       1
       0
       1
       2
       0
       2
       0
       1
       4
       3
       1
       2
       0
       1
       2
       0
       0
       0
       1
       1
       0
       2
       3
       3
       0
       0
       1
       0
       0
       1
       2
       3
       0
       3
       0
       1
       3
       3
       2
       1
       2
       1
       1
       2
       4
       1
       2
       1
       0
       1
       2
       1
       2
       0
       3
       0
       3
       3
       1
       3
       0
       0
       1
       2
       0
       2
       0
       1
       0
       4
       0
       0
       3
       2
       1
       2
       3
       0
       0
       1
       0
       0
       0
       0
       0
       3
       0
       2
       1
       3
       0
       2
       1
       0
       0
       0
       1
       1
       1
       1
       2
       3
       2
       1
       0
       1
       0
       1
       1
       0
       0
       1
       0
       1
       1
       1
       0
       0
       3
       0
       0
       2
       1
       1
       0
       1
       0
       0
       0
       1
       2
       1
       0
       1
       0
       1
       0
       0
       1
       2
       0
       0
       0
       1
       0
       1
       2
       1
       0
       0
       3
       1
       2
       2
       1
       1
       0
       1
       0
       1
       0
       3
       1
       2
       1
       0
       1
       0
       3
       1
       0
       0
       2
       0
       2
       0
       1
       1
       0
       1
       1
       2
       1
       3
       0
       4
       2
       1
       3
       0
       1
       0
       2
       0
       1
       0
       1
       1
       1
       0
       3
       0
       4
       0
       1
       0
       0
       1
       1
       0
       1
       0
       1
       0
       0
       2
       0
       1
       1
       0
       1
       1
       1
       0
       1
       3
       0
       0
       1
       0
       3
       0
       2
       2
       1
       2
       0
       1
       0
       0
       2
       0
       1
       0
       1
       0
       0
       1
       3
       0
       2
       0
       3
       1
       0
       1
       2
       1
       0
       1
       1
       0
       1
       1
       1
       0
       1
       1
       1
       0
       1
       0
       2
       0
       1
       2
       1
       0
       1
       0
       1
       2
       0
       1
       0
       0
       3
       1
       1
       1
       3
       1
       0
       1
       1
       3
       0
       0
       2
       0
       0
       3
       3
       0
       0
       0
       0
       0
       1
       2
       1
       0
       1
       1
       3
       0
       0
       2
       1
       0
       0
       1
       0
       0
       1
       1
       2
       2
       1
       3
       3
       2
       1
       0
       2
       1
       1
       1
       1
       0
       0
       1
       1
       0
       1
       1
       2
       1
       0
       0
       0
       1
       2
       0
       2
       1
       1
       1
       2
       0
       0
       1
       1
       0
       1
       1
       1
       0
       0
       0
       0
       2
       0
       1
       1
       0
       2
       0
       0
       0
       0
       0
       1
       0
       2
       0
       1
       0
       1
       1
       3
       0
       1
       0
       0
       3
       0
       1
       1
       1
       0
       0
       2
       1
       1
       0
       1
       0
       2
       0
       2
       0
       0
       1
       0
       0
       1
       2
       1
       0
       0
       0
       0
       0
       2
       1
       0
       2
       0
       0
       1
       0
       1
       1
       0
       0
       2
       2
       0
       1
       2
       0
       0
       1
       0
       1
       2
       1
       0
       1
       0
       0
       1
       0
       0
       2
       0
       1
       1
       2
       2
       1
       1
       3
       2
       0
       0
       1
       0
       0
       1
       1
       0
       0
       2
       1
       0
       2
       0
       1
       1
       1
       1
       1
       0
       2
       0
       0
       1
       0
       0
       0
       1
       0
       0
       1
       4
       0
       0
       2
       0
       0
       0
       1
       0
       0
       1
       1
       1
       0
       0
       0
       1
       0
       0
       0
       1
       0
       0
       0
       1
       0
       0
       0
       1
       0
       0
       0
       1
       1
       1
       0
       0
       0
       1
       1
       0
       0
       1
       0
       2
       1
       2
       2
       1
       0
       0
       0
       0
       0
       1
       1
       0
       0
       1
       2
       1
       1
       1
       1
       0
       0
       1
       2
       0
       3
       0
       1
       2
       1
       1
       0
       3
       1
       2
       2
       3
       1
       2
       0
       0
       1
       1
       0
       2
       1
       1
       2
       0
       1
       1
       0
       0
       1
       1
       1
       1
       0
       1
       1
       1
       1
       1
       0
       0
       0
       1
       0
       1
       0
       1
       0
       0
       2
       2
       1
       2
       3
       1
       0
       2
       1
       0
       0
       0
       2
       0
       0
       1
       2
       1
       0
       0
       0
       0
       0
       0
       2
       1
       0
       0
       0
       0
       3
       1
       0
       2
       0
       1
       2
       0
       1
       2
       0
       2
       0
       1
       0
       0
       0
       1
       0
       1
       0
       0
       1
       0
       1
       1
       1
       1
       0
       0
       2
       1
       2
       1
       0
       1
       1
       1
       1
       1
       2
       1
       0
       2
       2
       0
       1
       2
       1
       2
       0
       0
       1
       1
       1
       1
       0
       0
       0
       1
       0
       0
       0
       1
       1
       0
       1
       0
       1
       0
       1
       2
       1
       1
       0
       2
       0
       1
       1
       0
       0
       0
       1
       0
       0
       1
       2
       1
       3
       2
       1
       1
       1
       0
       2
       2
       5
       0
       0
       3
       0
       0
       2
       0
       1
       1
       3
       1
       0
       0
       1
       0
       1
       0
       1
       0
       0
       0
       0
       1
       1
       0
       1
       0
       5
       0
       0
       0
       0
       1
       2
       1
       0
       0
       1
       0
       1
       1
       1
       1
       0
       1
       0
       1
       0
       1
       0
       0
       1
       1
       3
       1
       1
       3
       1
       1
       0
       0
       1
       2
       0
       1
       1
       1
       1
       0
       1
       1
       0
       0
       0
       2
       1
       0
       0
       3
       1
       0
       2
       0
       1
       0
       0
       1
       1
       2
       0
       3
       0
       1
       0
       1
       1
       1
       4
       0
       0
       1
       0
       0
       0
       1
       1
       1
       0
       1
       1
       0
       2
       0
       1
       2
       1
       1
       1
       2
       1
       4
       0
       0
       0
       0
       0
       0
       0
       0
       0
       0
       0
       0
       0
       0
       0
       0
       0
       0
       0
       0
       0
       0
       0
       0
       0
       0
       0
       0
       0
       0
       0
       0
       0
       0
       0
       0
       0
       0
       0
       0
       0
       0
       0
       0
       0
       0
       0
       0
       0
       0
       0
       0
       0
       0
       0
       0
       0
       0
       0
       0
       0
       0
       0
       0
       0
       0
       0
       0
       0
       0
       0
       0
       0
       0
       0
       0
       0
       0
       0
       0
       0
       0
       0
       0
       0
       0
       0
       0
       0
       0
       0
       0
       0
       0
       0
       0
       0
       0
       0
       0
       0
       0
       0
       0
       0
       0
       0
       0
       0
       0
       0
       0
       0
       0
       0
       0
       0
       0
       0
       0
       0
       0
       0
       0
       0
       0
       0
       0
$ROI:
2
1936 2287
5338 5513
$PRESETS:
Integral
500000
0
$ENER_FIT:
0.000000 0.245432
$MCA_CAL:
3
0.000000E+000 2.454316E-001 0.000000E+000 keV
$SHAPE_CAL:
3
7.465718E+000 0.000000E+000 0.000000E+000
