$SPEC_ID:
No sample description was entered.
$SPEC_REM:
DET# 1
DETDESC# BUNCHER Easy-MCA-8k SN 9051292
AP# Maestro Version 6.08
$DATE_MEA:
07/26/2019 13:40:45
$MEAS_TIM:
342 432
$DATA:
0 8191
       0
       0
       0
       0
       0
       0
       0
       0
       0
       0
       0
       0
       0
       0
       0
       0
       0
       0
       0
       5
      18
     114
     531
    1678
    3044
    4543
    5631
   12703
    6340
     572
     290
     154
     244
     810
    1621
    1995
    1963
    1769
    1568
    1443
    1447
    1373
    1400
    1460
    1439
    1414
    1403
    1453
    1439
    1353
    1372
    1357
    1368
    1321
    1335
    1300
    1311
    1296
    1331
    1204
    1254
    1177
    1225
    1201
    1180
    1172
    1148
    1220
    1183
    1156
    1132
    1214
    1148
    1092
    1155
    1172
    1177
    1123
    1175
    1119
    1123
    1115
    1057
    1082
    1040
    1089
    1093
    1108
    1116
    1033
    1064
    1091
    1046
    1017
    1042
    1075
    1032
    1044
     993
    1034
     966
    1011
     998
     932
     987
     965
     936
    1026
     963
    1039
     992
     960
     929
     973
     970
     980
     978
     910
     940
     992
     941
     938
     995
     934
     900
     946
     981
     937
     934
     937
     929
    1001
     908
     969
     902
     907
     909
     937
     869
     876
     860
     945
     959
     908
     936
     882
     895
     927
     894
     864
     922
     863
     965
     864
     824
     854
     893
     925
     917
     883
     873
     906
     877
     931
     875
     876
     868
     874
     900
     834
     943
     856
     890
     858
     835
     912
     832
     911
     819
     884
     884
     868
     876
     839
     884
     865
     842
     833
     871
     862
     815
     887
     831
     814
     831
     852
     849
     898
     875
     862
     936
     869
     831
     864
     884
     813
     894
     858
     921
     852
     848
     850
     836
     850
     867
     859
     876
     795
     827
     863
     903
     878
     882
     869
     903
     814
     848
     836
     886
     834
     861
     852
     846
     852
     844
     841
     882
     869
     909
     884
     895
     846
     907
     930
     899
     800
     889
     892
     891
     939
     877
     859
     888
     892
     931
     947
     904
     872
     917
     941
     940
     872
     954
     921
     912
     913
     930
     872
     935
     954
     935
     873
     902
     896
     907
     913
     936
     931
     973
     955
     976
     921
     944
     922
     936
     912
    1010
     933
     928
     920
    1005
     981
    1008
    1053
    1102
    1068
     984
    1037
    1005
    1045
    1054
    1195
    1190
    1202
    1156
    1039
     987
    1003
     972
    1083
     985
     934
     984
    1039
     914
     997
    1002
    1017
    1002
    1001
     980
    1010
    1002
     995
     971
    1028
     978
    1033
     963
     947
    1022
    1068
    1068
    1026
    1009
    1023
    1009
     968
    1046
    1096
    1133
    1208
    1202
    1260
    1160
    1153
    1171
    1089
    1040
    1041
    1079
    1117
    1143
    1122
    1147
    1102
    1044
    1083
    1053
    1050
    1060
    1023
    1075
    1000
    1075
    1042
    1081
    1022
    1079
    1026
    1091
    1089
    1118
    1077
    1080
    1114
    1100
    1084
    1055
    1104
    1079
    1142
    1028
    1127
    1091
    1132
    1174
    1098
    1099
    1148
    1089
    1129
    1153
    1140
    1138
    1177
    1183
    1108
    1162
    1107
    1156
    1167
    1150
    1105
    1125
    1095
    1125
    1131
    1139
    1189
    1174
    1128
    1192
    1176
    1130
    1124
    1134
    1254
    1071
    1177
    1112
    1142
    1125
    1196
    1175
    1190
    1173
    1172
    1171
    1207
    1177
    1209
    1195
    1230
    1193
    1212
    1148
    1266
    1177
    1220
    1220
    1197
    1174
    1264
    1160
    1295
    1213
    1246
    1273
    1223
    1258
    1292
    1203
    1230
    1206
    1226
    1227
    1197
    1231
    1222
    1244
    1264
    1244
    1236
    1227
    1271
    1178
    1264
    1200
    1177
    1226
    1273
    1218
    1239
    1260
    1241
    1228
    1212
    1182
    1249
    1229
    1183
    1205
    1247
    1246
    1192
    1259
    1165
    1229
    1238
    1230
    1224
    1197
    1149
    1226
    1196
    1192
    1252
    1243
    1173
    1250
    1239
    1265
    1173
    1186
    1251
    1191
    1215
    1239
    1165
    1225
    1153
    1238
    1187
    1145
    1283
    1186
    1270
    1171
    1228
    1210
    1173
    1196
    1164
    1217
    1234
    1153
    1243
    1180
    1255
    1202
    1232
    1172
    1157
    1194
    1235
    1138
    1226
    1200
    1179
    1162
    1244
    1198
    1202
    1207
    1235
    1154
    1150
    1189
    1151
    1169
    1189
    1241
    1255
    1170
    1160
    1165
    1107
    1188
    1205
    1179
    1161
    1156
    1194
    1167
    1180
    1140
    1109
    1168
    1195
    1221
    1177
    1175
    1169
    1218
    1182
    1182
    1155
    1127
    1221
    1133
    1223
    1140
    1162
    1191
    1164
    1141
    1181
    1175
    1179
    1190
    1160
    1205
    1123
    1118
    1210
    1173
    1148
    1143
    1172
    1154
    1099
    1191
    1119
    1181
    1144
    1205
    1183
    1173
    1101
    1145
    1095
    1168
    1082
    1155
    1212
    1153
    1121
    1161
    1105
    1143
    1170
    1143
    1166
    1097
    1121
    1155
    1175
    1181
    1150
    1149
    1136
    1100
    1084
    1148
    1173
    1155
    1160
    1173
    1216
    1142
    1146
    1073
    1164
    1130
    1122
    1101
    1180
    1130
    1189
    1097
    1141
    1129
    1120
    1187
    1119
    1176
    1148
    1094
    1140
    1137
    1093
    1162
    1128
    1164
    1187
    1123
    1152
    1107
    1157
    1147
    1129
    1183
    1132
    1093
    1117
    1153
    1178
    1132
    1152
    1158
    1094
    1152
    1169
    1106
    1125
    1122
    1210
    1189
    1256
    1212
    1196
    1196
    1245
    1228
    1240
    1219
    1226
    1214
    1281
    1232
    1229
    1170
    1218
    1223
    1220
    1172
    1227
    1162
    1240
    1220
    1163
    1234
    1216
    1146
    1184
    1194
    1168
    1153
    1121
    1193
    1236
    1104
    1182
    1124
    1144
    1198
    1160
    1187
    1096
    1163
    1131
    1183
    1185
    1168
    1106
    1103
    1083
    1155
    1079
    1085
    1132
    1058
    1105
    1151
    1093
    1149
    1111
    1091
    1081
    1084
    1118
    1097
    1008
    1096
    1112
    1109
    1099
    1157
    1023
    1130
    1043
    1098
    1065
    1092
    1079
    1082
    1057
    1088
    1067
    1062
    1079
    1083
    1042
    1080
    1053
    1024
    1031
    1018
     981
     964
    1055
    1023
     999
     996
     993
     983
    1051
     984
     989
    1020
     992
    1003
     977
    1011
    1005
    1032
    1002
     979
    1009
     953
    1005
    1018
    1009
     989
     998
     966
    1025
     998
     962
     954
     947
     960
     961
    1016
    1034
     970
     970
    1023
     957
     951
     957
     917
     999
    1048
     954
     937
     992
     963
    1006
     896
     977
     891
     949
     888
     980
     926
     943
     953
     945
    1027
     911
     973
     976
     929
     928
     860
     986
     945
     956
     932
     889
     901
     913
     940
     877
     923
     923
     884
     939
     918
     965
     960
     950
     965
     924
     936
     907
     919
     917
     925
     934
     880
     917
     908
     874
     901
     943
     904
     911
     963
     846
     896
     865
     907
     927
     948
     934
     920
     923
     945
     897
     888
     936
     937
     927
     917
     923
     932
     901
     896
     883
     934
     896
     868
     864
     915
     897
     886
     860
     898
     878
     914
     921
     888
     908
     904
     891
     859
     835
     940
     873
     886
     944
     926
     893
     910
     930
     911
     841
     882
     913
     838
     842
     865
     876
     844
     952
     909
     905
     837
     878
     885
     868
     866
     890
     887
     875
     825
     890
     832
     900
     865
     839
     936
     916
     802
     921
     926
     820
     880
     921
     872
     893
     871
     918
     895
     923
     914
     911
     919
     885
     878
     874
     938
     875
     852
     891
     862
     889
     905
     918
     868
     884
     864
     868
     897
     912
     907
     856
     849
     914
     931
     873
     915
     884
     883
     914
     849
     861
     857
     851
     866
     902
     851
     925
     883
     832
     883
     890
     888
     928
     928
     894
     877
     881
     880
     932
     870
     907
     907
     870
     885
     875
     844
     906
     904
     851
     945
     920
     884
     864
     916
     955
     923
     877
     871
     923
     895
     906
     898
     884
     923
     904
     878
     941
     931
     895
     858
     928
     916
     936
     907
     909
     860
     874
     909
     914
     986
     909
     854
     878
     905
     917
     976
     854
     957
     914
     906
     903
     863
     885
     891
     870
     847
     852
     901
     966
     876
     860
     895
     852
     934
     915
     897
     926
     878
     864
     911
     977
     854
     847
     880
     925
     890
     854
     962
     924
     932
     898
     915
     878
     890
     923
     905
     937
     873
     896
     890
     842
     914
     954
     852
     905
     938
     879
     923
     875
     995
     923
     888
     916
     898
     951
     912
     892
     887
     931
     860
     875
     931
     894
     900
     855
     929
     927
     891
     920
     929
     971
     873
     884
     892
     854
     937
     901
     897
     924
     916
     928
     878
     921
     899
     914
     906
     910
     874
     881
     954
     964
     918
     888
     952
     911
     933
     875
     922
     912
     868
     868
     900
     879
     875
     898
     919
     935
     957
     952
     941
     944
     964
     958
     956
     915
     931
     899
     906
     947
     934
     965
     947
     947
     917
     923
     964
     958
     887
     865
     942
     954
     999
     952
    1021
     965
     975
     929
     900
     878
     968
     895
     972
     934
     944
    1006
     937
     935
     939
     959
     962
     971
     934
    1027
     979
    1029
     960
     896
     959
     929
     933
    1007
     969
    1003
     935
     971
     970
     915
     897
     950
    1090
     989
     983
     892
    1023
     955
    1031
     998
     971
     965
    1034
     947
     945
    1021
    1006
    1011
     997
     990
    1095
     978
     973
     992
     987
     952
    1031
     959
    1031
     984
     938
    1003
     991
    1028
     964
    1031
     971
    1050
     991
     987
     988
    1015
    1027
     989
    1003
     983
    1044
     976
    1009
    1033
    1081
    1045
     983
     995
     987
    1011
    1042
    1014
    1048
     962
    1035
    1013
    1030
     943
    1027
     998
     971
    1009
     979
    1051
    1068
     977
    1017
    1039
    1042
    1044
    1066
    1010
     989
    1018
     964
    1049
    1051
     986
    1015
    1107
    1016
     980
    1022
    1051
    1066
    1028
    1025
    1016
    1020
    1044
    1025
    1015
    1046
    1070
    1051
     989
    1054
    1037
    1046
    1047
    1037
    1053
    1047
    1123
    1047
    1053
    1092
    1060
    1063
    1087
    1038
    1062
    1057
    1016
    1037
    1044
    1082
    1040
    1083
    1029
    1099
     996
    1056
    1038
    1043
    1026
     957
     981
    1025
    1006
    1040
     986
    1062
     983
     985
    1013
     996
    1006
     960
     984
     951
     985
     907
     921
     915
     822
     905
     858
     847
     848
     823
     792
     836
     866
     855
     795
     769
     778
     822
     813
     822
     780
     779
     758
     714
     779
     749
     782
     724
     765
     743
     703
     760
     741
     742
     767
     680
     721
     738
     721
     676
     782
     738
     737
     691
     670
     761
     713
     722
     726
     749
     727
     742
     643
     708
     648
     718
     684
     725
     650
     694
     634
     621
     698
     668
     708
     695
     684
     674
     640
     653
     673
     653
     672
     682
     646
     656
     623
     608
     666
     660
     706
     615
     604
     658
     589
     607
     641
     622
     603
     595
     651
     577
     641
     622
     582
     595
     587
     634
     588
     604
     610
     575
     595
     603
     623
     654
     601
     610
     636
     615
     580
     601
     583
     577
     611
     598
     550
     611
     573
     600
     555
     566
     575
     587
     600
     606
     580
     561
     588
     566
     551
     560
     553
     534
     575
     589
     592
     571
     567
     482
     566
     560
     578
     517
     582
     525
     545
     544
     587
     556
     561
     525
     532
     560
     527
     562
     543
     482
     556
     514
     546
     553
     539
     519
     498
     525
     546
     542
     504
     494
     522
     498
     496
     547
     510
     539
     524
     541
     553
     499
     523
     524
     509
     491
     522
     500
     502
     519
     492
     503
     504
     498
     528
     520
     506
     521
     473
     506
     481
     486
     505
     471
     489
     475
     483
     491
     486
     484
     446
     468
     477
     503
     490
     486
     473
     485
     532
     508
     485
     466
     485
     473
     446
     473
     458
     439
     461
     485
     485
     430
     483
     466
     454
     487
     481
     461
     492
     454
     433
     462
     438
     471
     453
     449
     476
     438
     415
     487
     472
     440
     501
     479
     459
     462
     457
     463
     452
     416
     452
     411
     479
     450
     459
     458
     458
     425
     466
     409
     458
     427
     430
     464
     463
     436
     431
     430
     421
     459
     440
     417
     445
     414
     416
     457
     427
     459
     438
     441
     431
     395
     450
     447
     418
     427
     388
     439
     424
     398
     417
     433
     405
     449
     421
     431
     415
     405
     404
     423
     421
     409
     404
     408
     418
     371
     400
     387
     422
     410
     426
     428
     407
     425
     401
     420
     410
     417
     380
     387
     426
     416
     417
     432
     413
     432
     397
     399
     428
     431
     429
     433
     403
     403
     420
     405
     413
     422
     388
     420
     442
     390
     407
     409
     370
     408
     444
     400
     382
     407
     445
     436
     391
     393
     379
     423
     401
     407
     394
     395
     394
     411
     448
     416
     398
     390
     381
     402
     396
     384
     390
     411
     408
     399
     400
     421
     406
     399
     405
     379
     421
     404
     399
     381
     367
     426
     382
     387
     405
     405
     412
     401
     433
     389
     390
     408
     415
     421
     380
     387
     396
     416
     375
     405
     408
     418
     426
     374
     404
     401
     382
     397
     405
     384
     372
     408
     413
     431
     381
     414
     390
     427
     397
     408
     392
     417
     376
     387
     418
     443
     411
     391
     386
     377
     389
     393
     374
     413
     408
     397
     371
     386
     397
     416
     422
     403
     385
     393
     365
     405
     377
     407
     384
     405
     410
     382
     399
     398
     408
     418
     397
     393
     372
     393
     380
     393
     401
     422
     378
     368
     390
     376
     397
     383
     342
     386
     390
     357
     372
     377
     381
     377
     414
     401
     397
     391
     381
     385
     376
     429
     409
     413
     407
     421
     405
     374
     392
     383
     401
     404
     361
     391
     390
     374
     341
     397
     362
     381
     368
     342
     371
     398
     367
     381
     384
     370
     384
     383
     406
     398
     358
     368
     360
     399
     391
     371
     353
     395
     390
     387
     336
     389
     381
     377
     404
     369
     373
     373
     356
     375
     380
     380
     352
     352
     372
     363
     406
     377
     382
     392
     374
     370
     387
     384
     390
     334
     382
     384
     343
     380
     367
     408
     373
     351
     356
     370
     373
     341
     408
     343
     380
     393
     399
     404
     365
     353
     361
     373
     368
     415
     362
     364
     341
     414
     377
     344
     358
     362
     394
     381
     361
     374
     380
     374
     385
     381
     377
     381
     396
     348
     347
     394
     393
     368
     392
     369
     372
     361
     379
     363
     377
     364
     400
     363
     337
     366
     382
     379
     374
     368
     384
     366
     365
     318
     388
     354
     339
     379
     355
     371
     368
     371
     384
     382
     367
     412
     370
     347
     365
     390
     371
     404
     394
     346
     375
     398
     358
     403
     404
     366
     400
     389
     408
     420
     401
     425
     388
     378
     420
     407
     410
     414
     466
     438
     477
     504
     518
     603
     604
     724
     781
     892
    1082
    1271
    1574
    1824
    2399
    3059
    3810
    4818
    5967
    7706
    9857
   12398
   15297
   18256
   21977
   24775
   27772
   29327
   30055
   29673
   28046
   25758
   22706
   18905
   15942
   12449
    9958
    7710
    6028
    4657
    3537
    2862
    2144
    1726
    1369
    1024
     889
     733
     588
     556
     440
     446
     385
     380
     320
     282
     273
     254
     279
     246
     250
     253
     244
     216
     206
     241
     217
     196
     225
     177
     211
     194
     202
     191
     195
     163
     195
     208
     175
     180
     170
     175
     200
     206
     176
     163
     143
     123
     157
     170
     182
     150
     178
     163
     164
     174
     141
     154
     157
     147
     129
     133
     157
     147
     128
     135
     157
     138
     119
     162
     136
     147
     129
     133
     129
     155
     148
     118
     152
     133
     134
     141
     137
     114
     133
     113
     129
     123
     121
     108
     139
     124
     134
     113
     136
     149
     115
     141
     118
     112
     121
     150
     142
     110
     120
     128
     101
     109
     142
     119
     115
     132
     112
      89
     122
     121
     119
     124
     114
     116
      96
     131
     111
     100
     117
     114
     118
     114
     111
      97
     138
     111
     109
     114
     118
     121
     107
     102
     110
     122
     118
     105
     102
     111
     122
     118
     109
      99
     130
     103
     116
     112
     135
     110
      85
     102
     116
     119
     109
     107
     103
     104
      97
     124
      86
      91
     110
     110
     106
      78
     108
      95
     117
      99
      94
     110
     105
     101
      94
     107
     101
     104
      93
     115
     112
     117
     117
      84
      78
      99
     100
     105
     108
      99
     102
      88
      89
      98
      87
      89
     108
     108
     107
      87
      91
      85
      93
      99
      83
      99
     105
     108
      77
      82
      72
      82
      84
     122
      97
     101
      83
     104
     106
      98
      82
      84
      90
      95
      80
      72
      89
      89
      93
      90
      83
     100
      91
      97
      93
      84
     101
      87
      85
      86
      81
      83
      87
      73
      86
     102
      88
      82
      69
      84
      72
      73
      82
      88
      87
      98
      81
      94
      86
      83
      72
      91
      81
      75
      81
      74
      96
      86
     100
      74
      88
      86
      83
      88
      92
      87
      76
      97
      96
     100
      87
      91
      81
      81
      77
      85
      85
      86
      85
      87
      93
      80
      87
      79
      78
      73
      73
      82
      72
      85
      74
     104
      93
      79
      77
      85
      69
      74
      77
      70
      83
      93
      67
      73
      79
      94
      90
      77
      79
      60
      80
      84
      74
      73
      71
      59
      78
      80
      57
      75
      80
      61
      84
      70
      84
      89
      82
      66
     102
      79
      74
      90
      77
      65
      81
      81
      82
      80
      90
      86
      71
      80
      88
      79
      89
      88
      96
      80
      77
      84
      71
      80
      90
      67
      81
      97
      76
      88
      98
      80
      90
      80
      73
      70
      85
      77
      78
      81
      92
      73
      80
      91
      83
     111
     110
     122
     108
     109
      85
      87
      70
      73
      85
      72
      65
      83
      75
      79
      77
      86
      78
      81
      90
      71
      76
      73
      75
      75
      79
      66
      78
      72
      67
      60
      69
      65
      75
      82
      65
      80
      60
      66
      63
      91
      71
      61
      67
      81
      77
      72
      69
      66
      75
      64
      62
      55
      72
      77
      73
      73
      71
      55
      58
      59
      73
      61
      70
      83
      82
      64
      65
      68
      64
      73
      72
      60
      63
      74
      56
      54
      76
      79
      83
      80
      75
      58
      60
      62
      80
      70
      50
      61
      66
      58
      62
      61
      55
      75
      54
      54
      78
      82
      49
      58
      55
      62
      78
      72
      68
      77
      61
      64
      57
      53
      61
      63
      66
      58
      63
      77
      64
      63
      60
      72
      63
      49
      70
      59
      67
      64
      65
      64
      71
      58
      65
      59
      70
      56
      56
      51
      62
      56
      55
      59
      69
      62
      63
      63
      68
      78
      56
      58
      50
      70
      65
      55
      51
      71
      60
      71
      61
      64
      63
      74
      59
      68
      80
      55
      67
      63
      72
      49
      59
      68
      50
      61
      44
      80
      64
      72
      66
      54
      43
      67
      53
      58
      46
      56
      71
      46
      66
      63
      49
      54
      56
      46
      69
      52
      66
      67
      55
      49
      48
      59
      69
      56
      50
      64
      46
      72
      53
      69
      63
      60
      67
      66
      62
      54
      54
      51
      65
      55
      64
      70
      70
      64
      58
      73
      53
      55
      59
      48
      59
      59
      53
      57
      54
      47
      52
      68
      59
      62
      63
      53
      55
      54
      53
      58
      61
      61
      56
      60
      54
      47
      55
      59
      50
      54
      59
      57
      69
      50
      53
      47
      47
      50
      84
      47
      62
      51
      47
      50
      60
      50
      50
      64
      58
      54
      57
      62
      50
      48
      33
      54
      50
      40
      59
      48
      60
      58
      52
      62
      53
      46
      55
      52
      54
      45
      66
      56
      52
      52
      39
      53
      61
      58
      53
      45
      51
      53
      55
      60
      61
      49
      41
      51
      47
      74
      50
      43
      46
      63
      66
      60
      55
      43
      55
      43
      45
      58
      44
      45
      58
      60
      53
      49
      40
      48
      48
      60
      49
      51
      50
      62
      57
      48
      49
      60
      61
      48
      37
      48
      41
      36
      38
      43
      42
      50
      44
      53
      46
      38
      53
      39
      58
      51
      51
      58
      47
      44
      54
      55
      43
      57
      50
      52
      56
      47
      51
      46
      41
      39
      51
      46
      34
      59
      44
      48
      44
      46
      65
      36
      46
      54
      51
      53
      51
      35
      49
      35
      48
      34
      46
      45
      43
      47
      43
      40
      42
      52
      46
      54
      49
      45
      47
      50
      40
      46
      51
      41
      55
      43
      44
      44
      36
      31
      41
      50
      48
      39
      31
      46
      38
      38
      44
      33
      41
      47
      65
      43
      44
      36
      45
      43
      34
      47
      47
      52
      57
      39
      56
      50
      27
      42
      40
      44
      42
      45
      40
      37
      50
      44
      34
      53
      49
      54
      39
      33
      43
      37
      42
      34
      39
      36
      32
      36
      38
      40
      36
      46
      44
      33
      34
      39
      47
      42
      40
      44
      38
      34
      43
      45
      46
      43
      36
      40
      40
      47
      34
      29
      39
      45
      42
      45
      41
      40
      42
      54
      43
      43
      34
      40
      39
      35
      43
      42
      58
      53
      33
      40
      42
      51
      42
      50
      51
      31
      39
      49
      37
      36
      36
      55
      44
      34
      34
      40
      32
      34
      35
      36
      45
      48
      30
      35
      46
      42
      40
      45
      43
      35
      43
      54
      42
      47
      45
      34
      36
      44
      38
      29
      41
      40
      35
      46
      50
      47
      43
      41
      57
      49
      45
      45
      38
      42
      43
      30
      42
      33
      41
      33
      31
      36
      30
      39
      39
      31
      40
      43
      34
      29
      42
      40
      43
      41
      33
      43
      24
      41
      54
      40
      32
      36
      33
      34
      26
      41
      40
      47
      46
      39
      44
      30
      43
      43
      44
      39
      48
      48
      45
      41
      29
      31
      37
      42
      35
      40
      40
      28
      36
      46
      26
      39
      37
      47
      35
      36
      36
      26
      35
      50
      37
      34
      42
      40
      48
      38
      42
      41
      41
      33
      40
      43
      44
      49
      37
      28
      36
      41
      38
      38
      30
      26
      40
      51
      38
      50
      28
      36
      34
      33
      24
      23
      43
      40
      34
      29
      33
      32
      37
      34
      28
      50
      39
      31
      31
      30
      33
      29
      45
      31
      36
      29
      39
      39
      46
      34
      34
      39
      40
      36
      44
      27
      32
      36
      39
      31
      36
      43
      26
      32
      28
      33
      36
      38
      39
      40
      32
      44
      36
      33
      35
      29
      35
      44
      37
      42
      38
      38
      32
      43
      39
      31
      45
      29
      19
      28
      30
      40
      30
      34
      40
      33
      41
      29
      34
      43
      37
      38
      29
      36
      32
      27
      29
      34
      30
      25
      34
      29
      28
      27
      21
      31
      38
      36
      39
      35
      30
      30
      33
      32
      30
      31
      26
      43
      36
      36
      47
      34
      36
      23
      35
      24
      38
      39
      39
      37
      27
      32
      34
      42
      38
      34
      23
      31
      40
      35
      37
      34
      35
      24
      28
      28
      36
      34
      29
      30
      49
      43
      35
      25
      30
      29
      34
      19
      49
      42
      29
      25
      38
      26
      39
      44
      33
      27
      28
      31
      25
      35
      24
      31
      22
      35
      35
      39
      40
      37
      28
      31
      36
      35
      28
      32
      44
      27
      23
      40
      24
      34
      40
      21
      37
      31
      30
      39
      22
      33
      36
      29
      40
      33
      33
      29
      35
      37
      24
      36
      25
      30
      27
      27
      36
      38
      42
      40
      27
      29
      25
      27
      31
      39
      22
      28
      32
      27
      35
      27
      31
      39
      25
      27
      26
      24
      32
      38
      37
      33
      24
      30
      36
      36
      19
      39
      25
      40
      43
      40
      35
      35
      37
      40
      34
      28
      32
      36
      33
      37
      30
      34
      42
      28
      32
      32
      30
      29
      29
      34
      27
      43
      33
      25
      20
      29
      27
      21
      35
      36
      24
      24
      30
      35
      26
      31
      32
      37
      33
      33
      31
      23
      27
      30
      28
      29
      22
      27
      32
      21
      35
      37
      29
      25
      18
      24
      32
      26
      30
      22
      16
      31
      30
      32
      27
      33
      31
      32
      35
      37
      29
      26
      21
      26
      26
      32
      35
      22
      35
      30
      25
      23
      25
      34
      32
      22
      23
      32
      22
      18
      36
      32
      20
      26
      22
      28
      32
      24
      29
      22
      18
      29
      47
      35
      25
      20
      24
      18
      34
      30
      21
      25
      33
      21
      38
      28
      26
      17
      24
      21
      29
      31
      25
      30
      22
      26
      21
      24
      29
      25
      27
      32
      14
      27
      21
      39
      23
      20
      24
      25
      23
      23
      20
      34
      22
      29
      32
      27
      25
      33
      29
      21
      28
      28
      31
      31
      24
      21
      23
      29
      26
      28
      26
      28
      26
      25
      17
      28
      24
      23
      34
      26
      21
      20
      21
      30
      25
      25
      35
      19
      21
      24
      25
      21
      26
      31
      13
      24
      24
      24
      24
      21
      28
      32
      21
      21
      22
      25
      27
      28
      20
      18
      20
      25
      17
      22
      15
      20
      38
      15
      33
      27
      25
      23
      26
      24
      20
      22
      24
      23
      22
      28
      29
      14
      23
      24
      30
      30
      23
      30
      25
      19
      20
      24
      25
      28
      25
      23
      23
      23
      31
      29
      23
      25
      21
      21
      28
      19
      18
      32
      30
      23
      24
      24
      22
      27
      27
      27
      21
      27
      17
      26
      15
      17
      28
      20
      24
      29
      25
      23
      26
      21
      25
      27
      29
      24
      23
      25
      18
      19
      26
      24
      27
      25
      29
      31
      21
      24
      20
      25
      22
      20
      19
      28
      19
      19
      24
      17
      17
      23
      27
      21
      22
      27
      27
      29
      24
      16
      26
      25
      23
      16
      27
      31
      20
      31
      23
      22
      20
      26
      19
      27
      25
      29
      21
      12
      24
      28
      30
      40
      21
      30
      25
      35
      20
      19
      24
      33
      20
      21
      30
      19
      21
      24
      27
      29
      29
      26
      28
      28
      24
      23
      17
      18
      28
      19
      26
      20
      22
      20
      18
      25
      23
      32
      23
      20
      25
      25
      19
      28
      20
      22
      30
      26
      31
      19
      29
      23
      21
      17
      19
      19
      25
      18
      10
      23
      26
      23
      23
      23
      21
      27
      21
      20
      22
      22
      25
      27
      21
      24
      18
      22
      21
      19
      18
      14
      22
      32
      26
      21
      16
      29
      22
      16
      15
      19
      20
      24
      24
      18
      22
      22
      20
      25
      28
      26
      21
      31
      28
      24
      24
      22
      28
      19
      22
      28
      25
      21
      27
      19
      23
      20
      19
      25
      28
      20
      19
      28
      28
      25
      21
      23
      24
      17
      23
      23
      19
      18
      26
      25
      15
      29
      20
      18
      27
      31
      25
      23
      19
      22
      21
      24
      17
      20
      28
      21
      24
      21
      31
      17
      30
      20
      14
      27
      29
      28
      26
      29
      19
      26
      31
      16
      20
      24
      23
      22
      27
      23
      22
      23
      34
      26
      24
      16
      28
      21
      25
      22
      27
      22
      21
      32
      25
      21
      24
      23
      21
      19
      20
      25
      33
      29
      18
      15
      21
      31
      23
      17
      19
      16
      28
      14
      26
      29
      22
      18
      18
      20
      22
      16
      25
      20
      23
      26
      27
      19
      31
      30
      26
      20
      14
      18
      19
      26
      22
      26
      23
      23
      18
      25
      24
      20
      23
      24
      17
      23
      18
      17
      25
      20
      23
      27
      22
      18
      21
      22
      21
      23
      23
      15
      20
      23
      23
      18
      15
      26
      16
      23
      29
      23
      21
      16
      22
      26
      24
      21
      14
      27
      21
      17
      22
      23
      19
      21
      28
      18
      20
      16
      14
      17
      19
      21
      24
      17
      22
      18
      19
      26
      17
      20
      18
      24
      17
      18
      18
      22
      20
      24
      20
      17
      18
      16
      20
      22
      23
      21
      20
      19
      22
      21
      23
      28
      25
      16
      17
      14
      27
      18
      32
      21
      18
      15
      20
      22
      25
      20
      22
      12
      24
      19
      21
      25
      18
      17
      15
      30
      14
      16
      26
      14
      24
      14
      22
      20
      24
      17
      24
      16
      18
      14
      17
      14
      26
      24
      19
      22
      14
      31
      17
      25
      26
      16
      26
      21
      22
      18
      19
      28
      31
      24
      14
      34
      24
      26
      18
      22
      19
      22
      26
      22
      19
      26
      22
      15
      27
      29
      19
      23
      22
      16
      24
      21
      23
      22
      20
      22
      22
      16
      29
      24
      23
      24
      16
      25
      29
      12
      18
      23
      30
      22
      26
      16
      27
      17
      27
      19
      25
      22
      23
      29
      21
      17
      24
      23
      15
      21
      23
      29
      28
      23
      31
      28
      27
      39
      23
      29
      26
      33
      30
      39
      38
      32
      23
      30
      31
      27
      21
      33
      29
      45
      32
      36
      32
      32
      30
      28
      31
      33
      20
      25
      20
      18
      14
      21
      17
      15
      12
      14
      13
      10
      16
      13
      14
      12
      12
      14
      13
      10
      15
       8
      16
      15
      18
      12
       9
       8
      11
       9
      12
       8
      17
      10
      11
      11
      12
       8
      16
      20
      14
      11
      13
       8
       7
       6
      14
      12
      10
      13
      15
      16
      12
       4
      13
      11
      14
       9
      12
      16
       7
      15
      14
      24
       8
       9
      13
      12
      15
      18
       7
      10
      14
      11
      10
       8
      13
       4
      10
      13
       2
       7
      14
      11
      10
      10
      15
       9
      12
      23
      15
      17
      14
      16
       6
       8
      13
      13
       9
      14
      10
       9
      10
      11
      10
      10
      10
      12
       5
       8
       8
       7
      12
      12
      10
       8
       8
       6
      18
      13
      15
       8
      11
      18
       9
      11
       5
       6
      11
      13
      16
      16
       8
      11
      11
      14
       8
       9
       8
       9
      12
      13
      17
      19
      13
       5
      13
      12
      10
      14
      12
      12
      15
      12
      14
       8
      14
      16
       8
      14
      11
       8
       6
      14
      13
      11
      15
      11
      13
      17
      10
      15
      10
      16
      13
      10
      10
      10
       8
       7
       7
       7
       7
       9
       5
      10
      13
      11
      11
      16
      12
      13
       7
      12
      10
      10
       9
      10
      17
      11
      11
      12
       6
      12
      11
      10
       9
      17
       9
      11
      16
      15
      12
       8
      13
      14
      15
      15
      10
       7
      14
      11
       9
      14
      14
      10
      11
       6
       9
      15
      12
      12
      18
      11
      13
       6
      11
      11
      12
      10
      11
       9
      12
       9
       5
      13
      11
       8
       9
       8
      10
       5
       7
      11
      13
      12
      10
       9
      13
      10
      14
       5
      10
       9
      15
      14
       8
      12
       9
       5
      12
      10
      12
       8
      11
      15
       6
      12
      13
       7
      13
       9
      11
      11
      11
      17
       6
      12
      12
       5
       7
      10
      16
      17
       9
       8
      10
      16
       9
      10
       6
       8
       9
      10
      10
       9
       8
      14
       9
      11
      11
       6
      10
       4
      11
       7
       9
      10
       6
       3
      14
      15
      14
      14
       6
      13
       7
       9
      15
       8
      12
      11
      12
      15
      18
      10
       9
      12
       9
      10
       7
      13
      14
      13
       8
      12
      12
      13
      11
      11
       9
      11
       7
      12
      10
       9
      10
       5
      15
       9
      17
       7
       6
      13
       3
      15
      10
      10
       6
       5
      11
       8
      12
      10
       8
      15
      10
      15
      14
      13
       7
      11
      13
       8
      10
       9
       9
      14
      11
      14
       8
      13
      17
      21
      17
      20
      13
      17
      25
      13
      11
       6
       7
      14
      10
      16
       9
       5
      10
      13
       4
       9
      10
       9
       8
      11
      10
       8
       8
       9
       7
      13
      11
       9
      13
       8
       7
      11
       8
       8
       5
       7
       7
      13
       6
      11
      14
       3
       9
       5
      11
       9
       8
      11
       6
       8
       9
      13
       7
       7
       9
      10
       9
      10
       7
      11
      11
       2
       9
       6
      12
      12
      14
       3
       6
       7
       5
       7
       7
       8
       7
       6
       9
       5
       6
       6
      11
       5
       6
       6
       7
       9
      12
      10
      12
      10
       8
       6
       9
       9
       5
       4
      10
       9
       7
       3
       5
      10
       8
       7
      10
       1
       8
       6
       9
       8
       7
       5
       5
       9
       7
       9
       4
      10
       5
      10
       7
      10
       7
       5
      11
       4
      11
       7
       5
      12
       5
       9
       4
       6
       8
       3
       2
      15
       7
       9
       7
       8
       6
       7
       9
       8
       8
       8
       6
       5
       9
       5
       3
      12
      11
      10
      11
      10
       7
       5
       5
       4
       8
       6
      10
       5
       8
      10
       4
       7
       5
       7
      11
       9
       7
       7
      15
      13
       6
       8
      15
      10
       8
       7
      10
      11
       5
      10
      11
       4
       6
      10
       7
       6
      10
      11
      10
       7
       6
       7
       8
       9
       4
      11
      12
      13
      22
      26
      49
      79
     106
     147
     213
     286
     309
     301
     291
     240
     157
     114
      57
      27
      11
      14
       8
       7
       9
       9
       6
       6
       8
       9
       3
       8
       9
       8
       9
       2
      13
       7
       6
       7
      10
       4
       5
       4
       7
       8
       4
       7
      12
       9
      10
       4
       5
       2
       7
       8
       6
       8
       6
       9
       4
      10
       7
       4
       4
       5
       5
      11
       3
       7
       9
       5
       6
       4
       7
       9
       4
       7
       3
       9
       8
       8
       6
       6
       3
       6
      10
       9
       7
       4
       7
       3
       5
       4
       2
       2
       8
       4
       7
       4
       3
       5
       6
       7
       6
       5
      10
       4
       4
       3
       5
       6
       6
       6
       7
       6
       7
       5
       2
       2
       8
       2
       9
       8
       7
       7
       8
       8
       9
      11
      12
       7
       8
       6
       9
       4
       7
       4
       7
       8
       4
       5
       2
       6
       3
       7
       7
       5
       6
       9
       2
      11
       8
       8
       9
       6
       3
       9
       4
       8
       6
       6
      11
       8
       5
       3
       3
       8
       8
       6
       9
       2
       2
       7
       4
       4
       8
       8
       4
       5
       7
       4
       6
       8
       4
       9
       5
       8
       8
       3
       6
       3
       7
       3
       6
      13
       5
       6
       6
       2
       8
       4
       3
       2
       3
       6
       3
       3
       5
       8
       1
       5
       9
       3
       4
       4
       1
       4
       9
       3
       1
       6
       4
       4
       3
       4
       5
       6
       3
       7
       7
       6
       2
       5
      10
       1
       1
       6
       2
       3
       6
       3
       9
       5
       8
       2
       3
       4
       5
       6
       4
       3
       5
       5
       3
       7
       5
       9
       4
       5
       4
       6
       2
       6
       4
       5
       5
       2
       5
       5
       5
       7
       7
       9
       5
       4
       6
       9
      15
      16
       5
       7
       6
       3
       5
       2
       4
      10
       5
       7
       5
       1
       2
       7
       3
       3
       3
       3
      10
       4
       4
       4
       4
       4
       4
       7
       6
       2
       4
       2
       4
       4
       4
       7
       5
       9
       5
       2
       2
       5
       3
      10
       6
       3
       7
       4
       6
       5
       3
       6
       3
       4
       0
       1
       5
       4
       4
       1
       2
       2
       6
       8
       2
       3
       3
       9
       1
       6
       5
       3
       5
       7
       5
       1
       8
       4
       3
       4
       6
       1
       2
       2
       1
       3
       5
       5
       4
       4
       5
       1
       3
       4
       3
       5
       1
       3
       3
       2
       2
       7
       2
       4
       2
       3
       3
       3
       5
       3
       3
       1
       1
       6
       4
       9
       1
       7
       2
       5
       4
       4
       3
       0
       5
       4
       2
       5
       2
       4
       4
       2
       0
       1
       3
       9
       3
       7
       1
       3
       2
      10
       4
       7
       6
      12
       2
       6
      14
      12
       7
      12
       5
       3
       4
       5
       5
       5
       6
       3
       4
       1
       4
       6
       6
       5
       3
       3
       6
       5
       7
       4
       5
       3
       4
       8
       1
       9
       5
       3
       1
       6
       2
       3
       5
       6
       2
       0
       1
       1
       4
       5
       4
       5
       4
       4
       3
       4
       2
       2
       4
       3
       2
       4
       5
       2
       4
       2
       1
       3
       4
       4
       4
       4
       6
       2
       3
       4
       2
       4
       6
       4
       3
       1
       9
       3
       3
       4
       3
       5
       7
       3
       6
       2
       5
       5
       2
       2
       4
       3
       2
       1
       7
       4
       3
       4
       2
       3
       3
       5
       0
       4
       3
       2
       1
       4
       6
       2
       3
       0
       3
       4
       2
       3
       2
       2
       3
       2
       4
       1
       2
       3
       2
       2
       2
       2
       4
       4
       3
       2
       1
       5
       3
       1
       6
       4
       0
       3
       5
       6
       3
       7
       2
       3
       2
       7
       2
       1
       5
       3
       2
       6
       7
       3
       5
       4
       4
       3
       5
       3
       5
       5
       3
       4
       4
       2
       0
       3
       3
       6
       8
       5
       1
       4
       3
       2
       5
       5
       3
       2
       1
       3
       3
       2
       6
       6
       2
       4
       4
       3
       2
       5
       2
       3
       2
       0
       5
       5
       5
       3
       2
       3
       3
       7
       6
       4
       4
       4
       2
       4
       4
       7
       5
       1
       7
       3
       5
       5
       3
       2
       3
       7
       5
      13
       7
      13
      21
      36
      57
      92
     144
     194
     224
     272
     283
     255
     228
     185
     125
      75
      49
      25
      13
       7
       3
       3
       5
       2
       4
       7
       7
       4
       3
       6
       5
       6
       5
       4
       2
       3
       3
       2
       3
       2
       3
       3
       2
       4
       0
       6
       7
       7
       2
       4
       6
       1
       4
       2
       5
       4
       0
       4
       3
       4
       2
       2
       5
       4
       1
       4
       2
       1
       4
       3
       4
       2
       2
       7
       6
       6
       2
       2
       2
       2
       5
       5
       2
       3
       4
       1
       2
       2
       3
       1
       3
       4
       5
       1
       4
       3
       4
       0
       2
       3
       1
       4
       2
       1
       2
       5
       2
       4
       3
       4
       5
       2
       3
       4
       5
       0
       5
       4
       1
       4
       2
       2
       3
       3
       2
       2
       3
       1
       2
       3
       3
       3
       0
       1
       1
       0
       3
       3
       5
       0
       4
       2
       3
       1
       1
       5
       1
       1
       2
       3
       4
       3
       1
       1
       3
       2
       6
       0
       3
       3
       3
       2
       3
       4
       2
       6
       4
       2
       1
       3
       6
       3
       2
       3
       5
       7
       1
       2
       1
       3
       2
       1
       2
       1
       2
       1
       0
       1
       0
       6
       2
       4
       6
       6
       6
       7
       5
       5
       7
       4
       4
       6
       4
       3
       1
       1
       3
       5
       5
       2
       2
       4
       1
       1
       3
       3
       2
       2
       2
       1
       3
       5
       4
       2
       4
       1
       4
       2
       3
       4
       6
       1
       5
       3
       3
       3
       0
       4
       1
       3
       3
       2
       2
       2
       2
       2
       2
       2
       0
       3
       1
       1
       6
       2
       3
       3
       1
       2
       6
       5
       1
       3
       2
       1
       1
       2
       1
       4
       3
       0
       1
       1
       5
       2
       1
       4
       3
       3
       1
       1
       1
       0
       2
       2
       1
       2
       3
       3
       2
       4
       2
       2
       1
       5
       4
       1
       3
       5
       3
       3
       2
       2
       1
       0
       2
       3
       5
       4
       0
       3
       2
       2
       4
       4
       3
       8
       4
       2
       3
       0
       4
       5
       2
       0
       2
       2
       1
       0
       1
       1
       6
       4
       2
       1
       2
       4
       2
       4
       1
       2
       1
       0
       1
       5
       4
       1
       5
       4
       3
       2
       2
       2
       2
       1
       2
       1
       4
       1
       3
       5
       2
       3
       0
       5
       3
       1
       2
       5
       4
       2
       0
       2
       1
       3
       3
       1
       4
       2
       2
       1
       1
       1
       1
       4
       2
       0
       2
       3
       2
       0
       0
       1
       3
       0
       1
       1
       5
       2
       4
       1
       2
       3
       1
       1
       2
       1
       4
       4
       4
       0
       1
       1
       1
       1
       1
       5
       0
       2
       2
       3
       0
       0
       1
       6
       1
       0
       4
       1
       1
       2
       2
       1
       2
       2
       1
       4
       4
       2
       0
       1
       2
       2
       0
       2
       3
       2
       3
       2
       3
       3
       1
       1
       2
       0
       1
       4
       2
       3
       4
       1
       3
       1
       3
       4
       3
       1
       2
       4
       2
       3
       5
       0
       3
       3
       3
       2
       4
       4
       3
       3
       2
       1
       1
       3
       3
       4
       1
       1
       2
       0
       4
       3
       1
       3
       1
       4
       3
       0
       4
       3
       4
       4
       0
       0
       0
       2
       3
       3
       0
       1
       0
       1
       1
       2
       2
       1
       0
       4
       2
       3
       1
       2
       1
       2
       2
       6
       7
       9
      15
      24
      24
      40
      20
      38
      31
      40
      27
      20
       9
       6
       8
       5
       3
       5
       2
       1
       1
       1
       4
       0
       0
       3
       5
       1
       1
       3
       2
       2
       2
       2
       1
       1
       6
       1
       2
       3
       0
       3
       4
       5
       1
       2
       0
       3
       1
       3
       2
       0
       1
       0
       3
       0
       1
       1
       4
       0
       3
       2
       1
       2
       2
       0
       3
       3
       4
       0
       6
       1
       1
       1
       4
       2
       5
       1
       2
       0
       2
       1
       2
       4
       0
       2
       2
       4
       2
       4
       3
       1
       1
       1
       4
       1
       4
       4
       0
       0
       0
       2
       3
       3
       3
       2
       1
       1
       3
       0
       1
       2
       2
       1
       1
       1
       5
       1
       1
       2
       2
       3
       2
       3
       0
       3
       2
       0
       3
       0
       1
       1
       2
       0
       0
       2
       2
       1
       0
       0
       4
       1
       1
       2
       0
       2
       2
       0
       4
       2
       3
       1
       2
       2
       2
       2
       3
       0
       2
       2
       2
       2
       3
       2
       0
       0
       0
       3
       2
       0
       4
       3
       2
       0
       5
       3
       1
       4
       0
       0
       1
       1
       1
       2
       1
       1
       1
       1
       1
       3
       2
       0
       0
       2
       0
       1
       1
       1
       0
       3
       1
       5
       4
       5
       4
       3
       5
       5
       3
       1
       2
       2
       0
       2
       2
       1
       4
       0
       1
       3
       2
       3
       4
       1
       0
       2
       1
       5
       1
       3
       1
       0
       1
       1
       1
       2
       2
       1
       1
       1
       1
       0
       2
       1
       2
       1
       0
       0
       0
       1
       1
       0
       2
       1
       0
       1
       1
       2
       0
       3
       2
       2
       2
       1
       0
       2
       2
       1
       1
       4
       3
       4
       2
       1
       4
       3
       0
       1
       1
       1
       1
       1
       1
       0
       1
       4
       2
       1
       0
       2
       0
       3
       1
       0
       4
       0
       3
       1
       4
       1
       3
       0
       1
       3
       0
       1
       1
       3
       0
       1
       0
       0
       0
       1
       3
       0
       0
       2
       1
       2
       2
       0
       2
       0
       2
       4
       2
       2
       2
       0
       4
       3
       1
       1
       1
       1
       2
       1
       1
       0
       0
       4
       1
       3
       1
       3
       0
       3
       0
       1
       1
       0
       1
       0
       1
       0
       2
       3
       1
       2
       1
       1
       1
       3
       2
       1
       2
       1
       1
       0
       0
       2
       4
       1
       0
       2
       4
       1
       0
       2
       3
       3
       1
       1
       1
       1
       2
       3
       1
       1
       1
       2
       2
       2
       2
       3
       0
       3
       5
       1
       2
       0
       2
       0
       0
       3
       0
       3
       4
       1
       1
       1
       1
       0
       1
       1
       3
       2
       0
       1
       1
       2
       0
       0
       1
       1
       0
       0
       1
       3
       2
       0
       1
       1
       2
       1
       1
       3
       2
       0
       2
       2
       2
       2
       0
       0
       0
       4
       1
       2
       3
       1
       2
       0
       1
       1
       1
       0
       2
       1
       2
       2
       3
       1
       2
       0
       1
       2
       0
       0
       0
       1
       0
       2
       0
       0
       0
       3
       3
       2
       2
       0
       0
       2
       0
       1
       1
       2
       2
       0
       2
       2
       1
       1
       2
       2
       1
       2
       4
       4
       3
       1
       3
       3
       2
       1
       1
       1
       1
       3
       0
       2
       0
       2
       4
       2
       1
       0
       4
       4
       2
       1
       2
       1
       0
       0
       1
       3
       2
       4
       2
       3
       3
       2
       1
       0
       0
       3
       1
       3
       3
       0
       5
       0
       4
       1
       1
       1
       3
       1
       1
       1
       2
       0
       0
       2
       2
       3
       1
       3
       1
       1
       1
       2
       0
       2
       0
       1
       2
       3
       4
       1
       0
       4
       0
       2
       0
       2
       1
       3
       1
       2
       2
       2
       1
       3
       2
       1
       0
       0
       2
       2
       2
       0
       1
       2
       1
       0
       4
       1
       1
       0
       1
       3
       1
       1
       1
       0
       3
       0
       4
       4
       2
       1
       4
       1
       2
       2
       3
       3
       0
       1
       2
       0
       3
       2
       1
       1
       4
       1
       2
       0
       1
       0
       4
       1
       0
       2
       1
       0
       3
       0
       1
       0
       2
       2
       2
       1
       0
       0
       1
       1
       1
       3
       2
       2
       2
       1
       0
       3
       3
       1
       1
       2
       3
       1
       0
       0
       1
       2
       1
       1
       2
       1
       0
       0
       2
       0
       0
       1
       1
       2
       2
       1
       1
       2
       2
       0
       1
       3
       1
       2
       0
       3
       2
       1
       1
       4
       0
       1
       1
       3
       1
       1
       1
       0
       2
       2
       1
       1
       1
       2
       2
       2
       0
       2
       0
       0
       3
       2
       0
       1
       0
       1
       2
       1
       4
       0
       2
       0
       0
       0
       0
       2
       1
       2
       1
       0
       2
       2
       0
       1
       1
       3
       1
       0
       2
       1
       0
       0
       3
       3
       0
       0
       1
       0
       2
       2
       2
       3
       1
       0
       3
       0
       3
       0
       1
       2
       0
       0
       0
       0
       0
       1
       0
       1
       0
       1
       0
       2
       3
       0
       2
       0
       1
       1
       1
       1
       3
       1
       1
       2
       2
       0
       2
       2
       0
       0
       1
       0
       0
       2
       1
       1
       1
       1
       3
       1
       3
       1
       0
       4
       1
       1
       0
       1
       0
       2
       0
       1
       1
       3
       1
       1
       1
       1
       0
       4
       2
       2
       2
       0
       2
       1
       2
       0
       1
       1
       3
       0
       1
       1
       0
       0
       0
       2
       1
       0
       0
       1
       2
       0
       2
       0
       1
       2
       1
       1
       0
       0
       0
       0
       1
       1
       0
       1
       1
       1
       0
       1
       0
       3
       2
       0
       0
       1
       3
       0
       0
       0
       1
       1
       3
       0
       1
       0
       0
       0
       2
       2
       2
       1
       0
       1
       2
       1
       1
       0
       1
       1
       0
       0
       3
       0
       2
       0
       2
       0
       1
       1
       1
       0
       0
       1
       2
       0
       6
       2
       2
       1
       2
       0
       0
       0
       0
       2
       2
       1
       2
       3
       2
       1
       1
       2
       0
       0
       1
       1
       1
       2
       2
       1
       0
       0
       0
       2
       1
       1
       1
       2
       0
       0
       0
       2
       0
       2
       0
       1
       2
       1
       0
       1
       0
       0
       2
       1
       1
       2
       1
       0
       1
       0
       1
       1
       1
       1
       0
       0
       0
       0
       0
       2
       0
       1
       0
       5
       1
       3
       2
       1
       1
       3
       1
       1
       0
       1
       1
       1
       2
       1
       0
       1
       0
       4
       1
       2
       1
       2
       2
       1
       1
       1
       0
       1
       1
       1
       0
       0
       0
       0
       1
       0
       1
       1
       1
       0
       1
       1
       2
       3
       1
       0
       1
       0
       0
       0
       0
       4
       2
       0
       1
       1
       0
       0
       2
       1
       1
       1
       0
       0
       2
       0
       1
       0
       1
       0
       2
       0
       0
       2
       2
       3
       0
       1
       2
       1
       0
       1
       2
       0
       2
       2
       1
       2
       0
       0
       1
       2
       1
       2
       0
       0
       1
       1
       2
       2
       2
       0
       2
       3
       1
       0
       2
       1
       1
       0
       0
       0
       0
       1
       2
       2
       0
       3
       2
       1
       2
       2
       3
       2
       2
       0
       1
       0
       2
       0
       0
       0
       0
       0
       2
       1
       0
       1
       0
       2
       3
       1
       3
       1
       0
       3
       0
       0
       0
       1
       1
       2
       2
       1
       2
       0
       1
       0
       1
       1
       1
       4
       1
       1
       2
       2
       0
       1
       1
       0
       1
       1
       0
       0
       1
       2
       1
       0
       1
       1
       0
       2
       2
       2
       0
       0
       1
       1
       1
       1
       4
       0
       1
       1
       0
       1
       1
       2
       1
       1
       0
       2
       1
       2
       2
       0
       0
       1
       0
       2
       1
       0
       1
       1
       3
       1
       0
       3
       0
       0
       0
       0
       0
       0
       2
       1
       1
       0
       1
       1
       0
       1
       1
       0
       2
       1
       0
       1
       1
       2
       0
       0
       1
       0
       2
       1
       1
       1
       5
       1
       1
       1
       2
       0
       8
       2
       5
       5
       8
       5
       9
      10
       6
       6
       8
       3
       2
       2
       2
       2
       0
       3
       0
       0
       1
       0
       2
       2
       0
       0
       0
       1
       0
       0
       3
       0
       0
       1
       1
       0
       1
       1
       1
       1
       2
       1
       0
       0
       0
       0
       0
       0
       1
       1
       2
       1
       1
       2
       0
       0
       1
       2
       3
       0
       1
       2
       1
       1
       0
       1
       3
       1
       2
       2
       0
       1
       3
       1
       1
       1
       1
       0
       1
       1
       2
       0
       2
       1
       0
       0
       0
       3
       1
       0
       2
       1
       2
       1
       1
       0
       0
       0
       4
       0
       0
       2
       2
       1
       0
       0
       1
       0
       0
       0
       0
       3
       1
       1
       0
       0
       1
       1
       0
       1
       1
       0
       1
       0
       0
       1
       0
       0
       0
       1
       0
       0
       0
       0
       1
       3
       0
       0
       1
       0
       0
       0
       1
       2
       0
       3
       0
       2
       0
       1
       0
       2
       1
       0
       1
       1
       0
       0
       0
       1
       0
       0
       1
       0
       0
       0
       0
       1
       0
       0
       0
       1
       1
       1
       0
       0
       1
       1
       0
       1
       1
       0
       2
       2
       1
       2
       3
       0
       1
       1
       4
       0
       1
       0
       0
       0
       0
       2
       1
       0
       0
       0
       0
       1
       1
       2
       1
       0
       1
       1
       0
       3
       0
       2
       0
       0
       3
       1
       0
       1
       0
       0
       1
       1
       2
       0
       2
       0
       2
       1
       1
       0
       1
       0
       0
       1
       0
       0
       0
       0
       0
       2
       2
       0
       1
       0
       0
       0
       1
       2
       1
       1
       2
       0
       1
       2
       0
       1
       1
       0
       2
       0
       1
       2
       1
       1
       0
       0
       0
       0
       0
       2
       0
       0
       0
       0
       1
       1
       1
       2
       2
       0
       0
       0
       1
       1
       0
       0
       1
       0
       1
       3
       1
       0
       2
       2
       0
       2
       0
       0
       0
       0
       1
       2
       1
       1
       2
       0
       0
       1
       0
       0
       1
       0
       1
       2
       1
       0
       2
       1
       0
       0
       1
       0
       3
       2
       3
       3
       0
       1
       1
       0
       2
       1
       0
       0
       2
       1
       0
       1
       3
       0
       1
       1
       0
       0
       0
       1
       1
       0
       0
       0
       0
       1
       0
       1
       0
       1
       0
       0
       0
       1
       0
       0
       0
       0
       0
       0
       2
       0
       0
       1
       1
       1
       0
       0
       2
       0
       0
       0
       0
       0
       1
       1
       0
       1
       0
       2
       3
       1
       1
       1
       0
       1
       0
       1
       0
       1
       0
       0
       1
       1
       1
       2
       0
       1
       0
       1
       1
       0
       0
       0
       1
       0
       1
       1
       1
       0
       0
       1
       0
       2
       2
       1
       1
       0
       1
       0
       1
       0
       0
       1
       0
       5
       0
       0
       0
       2
       1
       0
       0
       0
       0
       1
       1
       2
       1
       0
       0
       0
       2
       0
       1
       0
       1
       2
       0
       0
       1
       1
       0
       1
       0
       0
       0
       0
       0
       1
       0
       2
       1
       1
       2
       1
       1
       0
       1
       3
       0
       0
       0
       2
       1
       1
       0
       0
       1
       1
       1
       1
       1
       0
       0
       2
       0
       0
       0
       0
       2
       0
       1
       1
       2
       0
       1
       1
       3
       1
       0
       0
       0
       1
       0
       0
       1
       0
       2
       2
       0
       3
       0
       0
       1
       1
       1
       2
       0
       0
       0
       2
       1
       0
       0
       0
       0
       0
       1
       2
       0
       0
       0
       3
       0
       1
       0
       0
       0
       1
       1
       0
       1
       0
       0
       2
       1
       1
       2
       0
       1
       2
       0
       0
       0
       0
       2
       0
       1
       0
       1
       1
       0
       0
       0
       0
       1
       1
       2
       1
       0
       1
       1
       0
       1
       1
       1
       0
       1
       0
       1
       0
       0
       0
       1
       0
       3
       0
       1
       0
       1
       0
       0
       1
       0
       1
       0
       1
       0
       1
       1
       0
       0
       0
       1
       0
       2
       0
       0
       0
       0
       1
       0
       1
       0
       0
       1
       0
       1
       0
       1
       2
       1
       0
       1
       0
       0
       0
       0
       0
       0
       1
       0
       2
       0
       1
       1
       3
       2
       1
       0
       2
       1
       0
       0
       0
       1
       2
       1
       2
       0
       0
       0
       0
       1
       0
       0
       0
       1
       1
       0
       0
       0
       0
       0
       2
       3
       0
       0
       1
       3
       0
       0
       0
       1
       1
       0
       3
       0
       0
       0
       1
       1
       0
       0
       3
       0
       1
       0
       1
       1
       0
       0
       0
       2
       1
       0
       1
       0
       0
       2
       0
       2
       1
       2
       1
       0
       2
       0
       0
       0
       2
       3
       2
       0
       0
       2
       1
       1
       0
       1
       1
       0
       2
       0
       1
       0
       0
       0
       1
       0
       0
       0
       0
       0
       0
       0
       0
       4
       0
       1
       2
       0
       1
       1
       0
       1
       2
       0
       0
       0
       1
       0
       0
       0
       0
       1
       0
       0
       0
       0
       1
       2
       0
       1
       1
       0
       0
       0
       1
       1
       1
       1
       0
       1
       0
       0
       0
       0
       0
       1
       0
       0
       1
       0
       0
       0
       0
       2
       0
       2
       1
       1
       0
       0
       1
       0
       0
       3
       0
       1
       0
       0
       0
       0
       1
       0
       0
       0
       2
       0
       1
       1
       0
       1
       1
       2
       1
       0
       2
       0
       0
       1
       0
       1
       1
       2
       2
       2
       0
       2
       1
       1
       1
       1
       0
       4
       0
       0
       1
       0
       0
       1
       0
       0
       0
       0
       1
       0
       2
       0
       0
       1
       2
       0
       3
       0
       0
       0
       0
       1
       0
       0
       0
       0
       1
       1
       0
       1
       0
       0
       0
       0
       0
       0
       0
       0
       0
       0
       0
       0
       0
       0
       0
       0
       0
       0
       0
       0
       0
       0
       0
       0
       0
       0
       0
       0
       0
       0
       0
       0
       0
       0
       0
       0
       0
       0
       0
       0
       0
       0
       0
       0
       0
       0
       0
       0
       0
       0
       0
       0
       0
       0
       0
       0
       0
       0
       0
       0
       0
       0
       0
       0
       0
       0
       0
       0
       0
       0
       0
       0
       0
       0
       0
       0
       0
       0
       0
       0
       0
       0
       0
       0
       0
       0
       0
       0
       0
       0
       0
       0
       0
       0
       0
       0
       0
       0
       0
       0
       0
       0
       0
       0
       0
       0
       0
       0
       0
       0
       0
       0
       0
       0
       0
       0
       0
       0
       0
       0
       0
       0
       0
       0
       0
       0
       0
       0
$ROI:
2
1936 2287
5338 5513
$PRESETS:
Integral
500000
0
$ENER_FIT:
0.000000 0.245432
$MCA_CAL:
3
0.000000E+000 2.454316E-001 0.000000E+000 keV
$SHAPE_CAL:
3
7.465718E+000 0.000000E+000 0.000000E+000
