$SPEC_ID:
No sample description was entered.
$SPEC_REM:
DET# 1
DETDESC# BUNCHER Easy-MCA-8k SN 9051292
AP# Maestro Version 6.08
$DATE_MEA:
07/26/2019 10:58:27
$MEAS_TIM:
564 654
$DATA:
0 8191
       0
       0
       0
       0
       0
       0
       0
       0
       0
       0
       0
       0
       0
       0
       0
       0
       0
       0
       0
       1
       7
      73
     498
    1398
    2401
    3861
    4784
   12835
    5951
     410
     229
     151
     365
    1083
    1859
    2172
    2083
    1954
    1802
    1447
    1498
    1460
    1444
    1568
    1554
    1533
    1553
    1511
    1487
    1546
    1534
    1439
    1466
    1474
    1385
    1444
    1408
    1370
    1360
    1336
    1293
    1340
    1357
    1271
    1325
    1252
    1276
    1299
    1251
    1250
    1299
    1214
    1215
    1238
    1234
    1267
    1250
    1191
    1251
    1198
    1202
    1158
    1188
    1148
    1188
    1191
    1199
    1122
    1154
    1107
    1170
    1129
    1111
    1139
    1126
    1090
    1106
    1131
    1102
    1074
    1068
    1068
    1130
    1121
    1060
    1053
    1074
    1043
    1072
    1046
    1026
    1021
    1014
    1033
     994
    1059
    1007
    1004
    1037
    1052
    1001
    1022
     997
     991
     982
    1032
    1037
    1004
    1019
     970
     992
    1002
     991
     983
     999
    1010
     959
     989
     987
     908
     998
     889
     940
     940
     986
     964
     903
     905
     956
     928
     931
     898
     916
     907
    1009
     918
     890
     891
     955
     965
     978
     923
     942
    1000
     870
     856
     878
     902
     960
     913
     924
     938
     861
     869
     932
     878
     918
     917
     949
     881
     913
     909
     953
     892
     901
     914
     935
     901
     919
     945
     922
     851
     870
     857
     882
     907
     850
     885
     901
     924
     882
     929
     881
     948
     918
     903
     914
     904
     924
     852
     922
     932
     861
     886
     861
     922
     910
     830
     904
     896
     879
     882
     874
     931
     917
     867
     943
     928
     900
     939
     877
     982
     915
     908
     888
     926
     894
     952
     998
     937
     866
     887
     865
     945
     930
     881
     910
     934
     975
     923
     954
     960
     957
     963
     942
     975
     884
     962
     939
     891
     936
     865
     909
     966
     961
     982
     899
     939
     926
     963
     960
     961
     978
     937
     947
     983
    1020
     976
     948
    1011
     917
     939
     998
    1037
    1010
    1030
    1016
    1032
    1004
    1038
    1047
    1104
    1092
    1143
    1109
    1067
    1051
    1010
    1110
    1073
    1094
    1260
    1377
    1276
    1087
    1107
    1004
    1102
    1012
     966
    1040
    1042
    1101
    1072
    1032
    1052
    1003
    1003
    1013
    1070
     994
    1073
    1075
    1056
    1065
    1088
    1069
    1078
    1041
    1034
    1065
    1065
    1078
    1024
    1126
    1086
    1125
    1132
    1078
    1170
    1222
    1217
    1289
    1229
    1320
    1203
    1132
    1096
    1078
    1064
    1147
    1169
    1264
    1211
    1136
    1149
    1142
    1149
    1102
    1089
    1115
    1094
    1147
    1132
    1068
    1092
    1091
    1087
    1124
    1111
    1085
    1115
    1085
    1153
    1127
    1158
    1168
    1176
    1173
    1147
    1220
    1176
    1146
    1147
    1184
    1187
    1160
    1182
    1160
    1247
    1184
    1176
    1196
    1197
    1195
    1140
    1183
    1214
    1140
    1168
    1248
    1259
    1194
    1166
    1191
    1228
    1215
    1159
    1163
    1255
    1236
    1141
    1190
    1189
    1223
    1232
    1302
    1231
    1224
    1235
    1277
    1264
    1283
    1207
    1250
    1202
    1181
    1249
    1274
    1321
    1266
    1277
    1236
    1254
    1244
    1249
    1268
    1197
    1257
    1323
    1311
    1367
    1242
    1239
    1231
    1261
    1207
    1205
    1333
    1308
    1238
    1271
    1247
    1242
    1317
    1279
    1257
    1268
    1286
    1288
    1295
    1271
    1321
    1242
    1303
    1246
    1303
    1314
    1306
    1338
    1221
    1258
    1278
    1276
    1227
    1292
    1307
    1304
    1271
    1273
    1305
    1353
    1252
    1299
    1269
    1296
    1282
    1262
    1267
    1305
    1222
    1284
    1249
    1281
    1355
    1292
    1268
    1352
    1299
    1277
    1197
    1296
    1284
    1231
    1230
    1217
    1224
    1251
    1308
    1252
    1206
    1239
    1282
    1226
    1240
    1296
    1282
    1276
    1282
    1288
    1264
    1233
    1248
    1294
    1311
    1271
    1283
    1301
    1284
    1299
    1230
    1252
    1289
    1264
    1202
    1232
    1334
    1225
    1269
    1215
    1248
    1235
    1298
    1301
    1174
    1276
    1307
    1221
    1243
    1248
    1250
    1194
    1290
    1239
    1164
    1266
    1215
    1259
    1210
    1247
    1237
    1252
    1249
    1257
    1258
    1296
    1241
    1244
    1266
    1215
    1238
    1211
    1227
    1247
    1247
    1187
    1231
    1268
    1232
    1269
    1195
    1207
    1249
    1253
    1242
    1285
    1283
    1207
    1228
    1250
    1288
    1225
    1239
    1265
    1225
    1201
    1152
    1223
    1248
    1257
    1233
    1250
    1210
    1234
    1216
    1212
    1237
    1143
    1208
    1206
    1239
    1263
    1206
    1226
    1221
    1216
    1231
    1185
    1197
    1239
    1276
    1170
    1219
    1137
    1198
    1190
    1216
    1272
    1175
    1185
    1216
    1283
    1237
    1274
    1123
    1209
    1169
    1230
    1233
    1232
    1165
    1216
    1217
    1188
    1282
    1193
    1178
    1149
    1242
    1166
    1170
    1299
    1201
    1248
    1243
    1136
    1259
    1203
    1159
    1144
    1230
    1181
    1157
    1212
    1179
    1214
    1255
    1178
    1237
    1246
    1153
    1207
    1130
    1241
    1214
    1169
    1137
    1173
    1188
    1165
    1182
    1228
    1268
    1240
    1139
    1225
    1249
    1219
    1255
    1233
    1205
    1243
    1236
    1255
    1235
    1216
    1274
    1243
    1261
    1194
    1269
    1273
    1310
    1280
    1308
    1274
    1334
    1271
    1233
    1239
    1324
    1288
    1211
    1212
    1217
    1218
    1236
    1235
    1264
    1223
    1224
    1211
    1202
    1264
    1188
    1170
    1253
    1184
    1185
    1216
    1180
    1215
    1156
    1161
    1218
    1225
    1184
    1186
    1159
    1173
    1176
    1151
    1160
    1160
    1240
    1197
    1161
    1134
    1134
    1115
    1187
    1163
    1178
    1122
    1134
    1186
    1115
    1129
    1124
    1201
    1091
    1123
    1105
    1080
    1084
    1108
    1041
    1009
    1115
    1084
    1049
    1129
    1082
    1083
    1042
    1103
    1084
     984
    1058
    1089
    1069
    1079
    1104
    1062
    1069
    1081
    1029
    1053
    1050
     987
    1144
    1013
    1108
    1099
    1028
    1088
    1091
    1092
    1098
    1041
    1029
    1004
     983
    1048
     993
    1092
    1036
    1036
    1000
    1098
    1033
    1036
    1039
    1006
     960
     986
    1019
    1033
    1035
    1045
    1004
     997
     992
     961
     986
     994
     962
    1024
    1021
     991
    1021
     983
    1004
    1017
     991
     959
     967
    1030
     975
     991
     933
    1020
    1005
     985
     970
     986
    1018
     971
     936
     980
     972
     998
     954
    1030
    1038
     975
     946
     990
     964
     960
     969
     980
     928
     956
     974
    1029
     960
     941
     939
     916
     944
     987
     983
     972
     946
     942
     959
     938
     945
     938
     893
     951
     918
     925
     929
     938
     986
     940
     920
     974
     950
     975
     935
     954
     913
    1003
     951
     992
     890
    1001
     904
     954
     967
     936
     934
     898
     919
     897
     930
     886
     927
     967
     952
     926
     933
     917
     967
     924
     936
     903
     920
     922
     922
     958
     909
     902
     940
     901
     963
     968
     934
     960
     984
     969
     948
     936
     943
     909
     960
     913
     918
     895
     937
     914
     863
     938
     944
     928
     928
     883
     897
     867
     879
     935
     883
     902
     920
     898
     898
     912
     921
     878
     883
     902
     926
     928
     892
     973
     917
     972
    1024
     933
     934
     950
     930
     919
     906
     896
     862
     915
     912
     940
     837
     866
     905
     923
     889
     924
     922
     887
     953
     937
     939
     898
     946
     888
     873
     944
     954
     841
     900
     958
     907
     925
     910
     900
     917
     973
     943
     864
     925
     919
     952
     918
     867
     916
     948
     924
     925
     942
     915
     922
     909
     928
     963
     908
     878
     877
     918
     885
     956
     978
     900
     880
     937
     918
     942
     905
     905
     893
     934
     947
     872
     879
     880
     925
     900
     920
     914
     891
     940
     936
     931
     888
     896
     926
     927
     942
     938
     886
     912
     958
     898
     929
     902
     883
     980
     911
     903
     923
     921
     910
     922
     916
     903
     854
     977
     941
     867
     938
     952
     865
     883
     950
     947
     902
     951
    1028
     899
     903
     916
     917
     882
     918
     905
     913
     944
     929
     908
     939
     908
     940
     909
     884
     934
     920
     911
     931
     955
     966
     889
     930
     913
     899
     924
     920
     851
     938
     907
     847
     930
     904
     916
     948
     982
     936
     970
     937
     921
     965
     934
     958
     963
     958
     947
     902
     944
     886
     952
     896
     946
     963
     901
     951
     961
     906
    1004
     990
     958
     937
     909
     932
     942
     901
     953
     970
     927
     953
     945
     945
     966
    1008
     921
     910
     963
     975
     995
     965
     936
     957
     935
     934
     892
    1019
     927
     986
     968
     953
     964
     927
     921
     964
     980
     961
     976
     948
     900
     920
     953
     919
     944
     921
     980
     898
     955
     958
     957
     937
     919
     900
     989
    1027
     951
     955
     970
    1023
     930
     900
     954
     959
     983
    1008
     990
     959
     942
     992
     923
    1022
     969
     968
     958
     978
     943
    1036
    1038
     977
     977
    1011
    1095
     939
     987
     967
     992
    1020
     977
     957
    1029
     987
    1035
     925
     995
     944
     941
     919
     983
     999
     994
     928
     981
     997
     973
    1014
     974
     982
     994
    1005
    1017
     963
    1003
     963
    1019
     993
    1049
     980
    1050
     974
    1013
     975
    1009
    1007
    1033
     987
     990
    1033
     978
     982
    1014
     995
    1057
    1019
    1072
    1009
    1016
     989
    1024
    1010
    1058
    1067
    1002
     993
    1066
     992
    1066
    1089
    1025
     995
    1074
    1055
    1066
    1015
    1080
    1055
    1044
    1033
    1025
    1039
    1026
    1057
    1063
    1096
    1048
    1011
    1080
    1048
    1068
    1034
    1032
    1031
    1053
    1008
    1016
    1017
    1043
    1113
    1081
    1052
    1138
    1081
    1105
    1036
    1079
    1103
    1035
    1135
    1092
    1073
    1059
    1119
    1041
    1041
    1096
    1022
    1057
    1032
    1035
     997
    1096
    1085
     981
    1051
    1034
    1042
    1114
    1062
    1094
    1083
    1066
    1045
    1038
    1100
    1081
    1039
    1063
    1039
    1027
    1071
    1040
    1031
    1065
    1026
    1020
    1024
    1048
    1027
    1011
    1014
    1031
     944
    1024
    1038
     989
    1002
     982
    1028
     927
     997
     940
     923
     909
     908
     907
     828
     924
     842
     855
     877
     824
     842
     849
     771
     804
     804
     768
     796
     738
     753
     685
     779
     765
     819
     723
     778
     762
     728
     740
     764
     704
     700
     717
     698
     712
     697
     669
     739
     735
     704
     701
     727
     704
     746
     759
     718
     755
     773
     762
     742
     708
     664
     679
     675
     653
     705
     670
     691
     702
     647
     680
     653
     666
     681
     637
     694
     706
     670
     694
     677
     627
     618
     632
     638
     663
     649
     688
     673
     643
     671
     687
     641
     634
     668
     658
     573
     639
     670
     636
     620
     646
     623
     611
     623
     584
     617
     618
     587
     602
     618
     631
     577
     589
     585
     570
     565
     566
     595
     596
     552
     631
     551
     617
     574
     614
     579
     577
     599
     558
     581
     583
     548
     573
     546
     578
     612
     587
     582
     542
     540
     548
     611
     542
     601
     593
     563
     536
     524
     553
     520
     588
     572
     582
     516
     581
     576
     541
     554
     551
     571
     568
     513
     532
     548
     539
     531
     534
     580
     583
     570
     527
     550
     523
     504
     575
     513
     542
     541
     522
     554
     523
     537
     490
     535
     493
     524
     546
     505
     456
     497
     520
     534
     523
     499
     524
     512
     489
     521
     514
     482
     499
     532
     483
     508
     497
     457
     478
     469
     529
     476
     456
     471
     503
     501
     470
     469
     459
     509
     472
     446
     481
     431
     504
     483
     490
     434
     478
     488
     487
     455
     489
     469
     473
     482
     430
     496
     477
     458
     448
     494
     489
     463
     424
     481
     444
     483
     479
     470
     447
     445
     500
     464
     446
     436
     442
     437
     452
     417
     408
     447
     477
     449
     428
     412
     433
     437
     481
     450
     451
     466
     470
     438
     445
     439
     450
     462
     463
     431
     448
     412
     402
     438
     466
     474
     396
     404
     436
     415
     441
     421
     451
     407
     421
     421
     420
     440
     445
     427
     461
     411
     392
     400
     417
     407
     394
     410
     482
     401
     405
     404
     469
     406
     423
     442
     445
     412
     430
     444
     380
     440
     419
     446
     426
     390
     434
     415
     409
     429
     432
     410
     415
     437
     426
     422
     434
     414
     398
     464
     374
     373
     427
     418
     411
     413
     410
     406
     396
     403
     443
     442
     385
     427
     389
     383
     409
     415
     410
     392
     413
     402
     384
     404
     412
     414
     415
     419
     391
     405
     382
     412
     431
     414
     381
     404
     401
     395
     411
     401
     401
     410
     417
     398
     379
     428
     409
     409
     403
     427
     383
     406
     425
     411
     398
     379
     421
     412
     401
     426
     419
     409
     409
     394
     403
     370
     430
     423
     428
     423
     424
     411
     424
     429
     415
     421
     409
     418
     415
     384
     421
     391
     421
     363
     369
     385
     423
     411
     402
     410
     367
     395
     421
     377
     397
     388
     388
     364
     406
     412
     400
     463
     431
     393
     379
     404
     398
     387
     410
     431
     409
     383
     421
     389
     395
     384
     362
     379
     416
     421
     393
     408
     369
     424
     389
     418
     385
     420
     407
     386
     415
     387
     387
     407
     384
     396
     385
     374
     389
     394
     349
     373
     394
     367
     375
     389
     379
     385
     401
     422
     404
     409
     384
     351
     399
     369
     393
     392
     380
     366
     373
     382
     388
     396
     376
     366
     404
     367
     403
     397
     394
     387
     385
     417
     364
     389
     350
     365
     409
     376
     373
     380
     372
     396
     365
     370
     417
     377
     362
     357
     379
     402
     348
     378
     397
     370
     373
     410
     403
     379
     356
     355
     370
     381
     384
     375
     370
     354
     401
     371
     396
     391
     365
     387
     369
     379
     386
     385
     400
     405
     377
     382
     386
     358
     337
     398
     356
     393
     367
     352
     378
     364
     358
     400
     377
     407
     377
     367
     383
     357
     376
     377
     403
     377
     369
     353
     367
     354
     349
     332
     366
     368
     322
     371
     371
     367
     413
     334
     374
     364
     367
     341
     360
     362
     382
     367
     352
     401
     386
     373
     369
     346
     351
     389
     382
     359
     347
     368
     357
     357
     407
     364
     381
     372
     320
     403
     361
     376
     322
     347
     376
     391
     378
     352
     356
     371
     392
     388
     360
     363
     388
     347
     391
     378
     355
     356
     372
     372
     352
     400
     393
     378
     344
     355
     364
     366
     379
     399
     395
     390
     422
     409
     371
     385
     363
     382
     346
     364
     402
     403
     367
     351
     419
     370
     406
     378
     403
     415
     439
     434
     415
     448
     468
     476
     519
     566
     629
     734
     797
    1013
    1161
    1457
    1706
    2148
    2666
    3398
    4456
    5866
    7570
    9427
   12167
   14972
   18582
   22041
   25557
   28275
   30279
   30999
   30692
   29328
   26711
   23854
   19892
   16500
   13059
   10154
    7875
    5975
    4580
    3300
    2548
    1966
    1529
    1270
     997
     712
     649
     508
     452
     367
     312
     303
     250
     242
     229
     223
     227
     216
     189
     171
     166
     182
     157
     164
     139
     159
     169
     140
     139
     134
     171
     135
     119
     168
     138
     114
     129
     147
     128
     149
     117
     136
     127
     126
     124
     119
     127
     132
     121
     137
     128
     106
     120
     130
     131
     121
     116
     129
     115
     108
     104
     110
     121
      84
     101
      86
     109
     109
     116
      91
     100
     103
     115
     114
      94
     106
      85
     101
      96
      96
     108
     101
      94
      74
      87
      89
      92
     104
     125
     116
     104
     100
      90
      98
      97
      76
     100
      81
      85
      96
      95
      99
      90
     112
     113
      97
      81
      85
     104
      81
      90
      78
      89
      99
      83
      90
      94
      76
      80
      91
      92
      75
      87
      83
      80
      94
      95
      81
      98
      80
      93
      87
      80
      89
      80
      76
      90
      73
      86
      87
      85
     105
      88
      92
      84
     103
      90
      70
      80
      74
      84
      90
      82
      76
      71
      84
      83
      90
      93
      90
      68
      61
      90
      79
      84
      81
      89
      86
      73
      77
      88
      80
      78
      88
      98
      89
      67
      91
      88
      73
      77
      72
      81
      77
      75
      79
      82
      75
      90
      70
      79
      93
      74
      84
      83
      91
      92
      75
      80
      84
      75
      66
      84
      80
      83
      96
      72
      74
      72
      87
      78
      78
      85
      81
      69
      77
      87
      69
      78
      60
      66
      71
      86
      74
      82
      56
      66
      83
      88
      60
      68
      62
      79
      68
      68
      62
      91
      85
      88
      64
      67
      73
      75
      74
      67
      79
      85
      63
      63
      68
      86
      66
      63
      60
      60
      62
      66
      75
      65
      76
      82
      66
      69
      71
      83
      60
      64
      61
      68
      68
      86
      62
      71
      58
      66
      81
      55
      77
      68
      72
      81
      80
      88
      84
      92
      89
      61
      59
      68
      64
      64
      79
      71
      61
      68
      64
      58
      81
      62
      58
      63
      55
      66
      68
      65
      71
      70
      78
      65
      65
      77
      61
      57
      55
      61
      63
      63
      72
      65
      66
      79
      65
      70
      71
      65
      55
      72
      58
      78
      54
      52
      75
      54
      66
      52
      85
      65
      62
      54
      65
      62
      57
      70
      53
      63
      59
      62
      61
      62
      72
      62
      70
      60
      77
      77
      65
      60
      61
      65
      51
      73
      57
      68
      75
      82
      63
      68
      76
      68
      61
      77
      69
      63
      69
      58
      51
      73
      63
      70
      72
      73
      67
      68
      69
      82
      84
      96
     113
     136
     134
      92
      98
      79
      79
      77
      47
      71
      61
      49
      78
      59
      65
      75
      52
      54
      45
      56
      50
      56
      66
      56
      74
      71
      78
      59
      74
      57
      59
      65
      63
      68
      74
      66
      75
      58
      56
      64
      68
      60
      58
      61
      52
      51
      75
      61
      61
      69
      60
      50
      45
      53
      72
      63
      65
      58
      59
      67
      52
      57
      52
      69
      60
      58
      47
      62
      54
      62
      60
      62
      57
      57
      46
      52
      64
      60
      58
      62
      53
      48
      59
      73
      51
      44
      64
      65
      54
      62
      52
      53
      53
      58
      54
      56
      69
      47
      56
      62
      63
      63
      61
      66
      61
      55
      64
      50
      52
      59
      65
      51
      67
      54
      51
      51
      37
      39
      61
      54
      52
      44
      47
      63
      47
      43
      43
      57
      53
      48
      38
      43
      56
      49
      38
      54
      55
      45
      58
      45
      46
      53
      52
      35
      59
      54
      55
      39
      56
      51
      55
      68
      47
      48
      29
      60
      52
      53
      46
      43
      49
      44
      53
      42
      59
      60
      67
      50
      61
      44
      57
      40
      51
      44
      47
      39
      59
      60
      55
      46
      54
      49
      56
      47
      49
      52
      61
      47
      58
      62
      61
      44
      44
      46
      73
      47
      51
      44
      51
      53
      57
      52
      48
      58
      49
      51
      49
      50
      50
      44
      39
      49
      52
      42
      41
      61
      58
      56
      40
      47
      49
      54
      45
      50
      44
      47
      36
      60
      47
      51
      49
      43
      48
      53
      49
      47
      42
      56
      44
      39
      49
      53
      51
      45
      44
      54
      49
      56
      42
      41
      60
      55
      48
      37
      36
      43
      58
      49
      46
      57
      43
      45
      48
      52
      55
      55
      37
      42
      41
      48
      49
      54
      44
      45
      39
      51
      44
      35
      41
      50
      63
      54
      37
      48
      46
      33
      54
      44
      54
      47
      40
      47
      47
      47
      41
      50
      49
      48
      50
      54
      42
      47
      50
      47
      47
      48
      48
      41
      46
      47
      42
      52
      46
      50
      44
      60
      51
      43
      50
      55
      44
      50
      40
      51
      35
      37
      42
      43
      44
      46
      29
      59
      50
      63
      42
      53
      52
      36
      44
      46
      43
      42
      54
      41
      32
      38
      42
      56
      41
      44
      42
      55
      42
      53
      46
      34
      40
      37
      45
      46
      42
      46
      42
      52
      37
      45
      42
      40
      41
      40
      34
      63
      41
      45
      42
      41
      35
      36
      34
      52
      48
      37
      51
      48
      39
      38
      45
      42
      58
      41
      39
      42
      42
      29
      32
      34
      34
      48
      31
      34
      36
      46
      39
      44
      41
      45
      40
      44
      39
      36
      36
      37
      32
      50
      33
      53
      38
      49
      38
      50
      40
      39
      38
      31
      47
      49
      32
      47
      39
      41
      42
      37
      36
      35
      30
      47
      39
      43
      40
      29
      45
      45
      48
      32
      43
      35
      43
      35
      43
      44
      43
      49
      45
      41
      47
      36
      44
      43
      42
      42
      30
      30
      41
      30
      43
      43
      38
      35
      50
      42
      35
      33
      41
      37
      39
      31
      32
      33
      38
      46
      29
      53
      34
      53
      45
      43
      55
      40
      39
      41
      39
      31
      40
      41
      43
      44
      36
      42
      32
      45
      47
      40
      37
      48
      42
      37
      40
      21
      41
      47
      26
      30
      37
      34
      40
      35
      47
      38
      32
      32
      40
      36
      37
      47
      38
      25
      36
      25
      34
      41
      40
      34
      39
      38
      35
      47
      32
      32
      40
      36
      37
      41
      37
      38
      37
      33
      44
      40
      31
      40
      31
      32
      36
      30
      35
      40
      39
      28
      25
      45
      33
      48
      46
      40
      49
      49
      34
      41
      32
      35
      33
      41
      32
      30
      29
      22
      33
      37
      38
      39
      52
      48
      40
      34
      42
      40
      39
      32
      40
      36
      30
      42
      35
      34
      47
      34
      33
      38
      40
      37
      46
      32
      32
      35
      32
      26
      31
      32
      28
      37
      31
      37
      29
      37
      30
      28
      28
      35
      32
      35
      37
      39
      35
      35
      41
      39
      43
      36
      36
      33
      42
      40
      39
      38
      27
      42
      31
      33
      30
      42
      44
      45
      33
      40
      33
      53
      34
      40
      38
      25
      34
      44
      42
      37
      38
      37
      36
      33
      34
      42
      33
      25
      36
      23
      41
      35
      36
      32
      34
      31
      40
      37
      32
      33
      39
      34
      40
      32
      28
      37
      43
      35
      33
      41
      41
      29
      39
      34
      21
      48
      31
      31
      28
      35
      44
      40
      32
      37
      42
      30
      39
      31
      30
      45
      34
      36
      37
      28
      33
      39
      29
      33
      34
      30
      33
      41
      39
      29
      28
      34
      31
      44
      30
      32
      48
      21
      37
      30
      40
      40
      32
      37
      27
      24
      39
      35
      29
      36
      34
      32
      39
      25
      28
      28
      35
      22
      32
      36
      39
      24
      38
      35
      31
      38
      28
      24
      35
      35
      35
      30
      32
      43
      33
      34
      35
      30
      33
      27
      33
      40
      41
      35
      39
      34
      41
      28
      32
      36
      41
      32
      31
      31
      28
      35
      32
      28
      32
      38
      33
      27
      39
      34
      29
      30
      35
      22
      32
      27
      38
      43
      30
      33
      42
      30
      32
      30
      27
      25
      29
      26
      38
      33
      30
      30
      25
      24
      25
      33
      22
      38
      18
      32
      32
      26
      28
      25
      36
      27
      15
      35
      34
      35
      40
      33
      23
      29
      28
      35
      33
      22
      26
      30
      28
      30
      28
      38
      23
      33
      27
      25
      36
      25
      28
      42
      25
      28
      26
      30
      26
      28
      21
      34
      34
      37
      40
      38
      34
      39
      21
      40
      30
      32
      31
      37
      36
      40
      26
      42
      34
      40
      30
      27
      30
      31
      31
      26
      34
      30
      31
      39
      22
      26
      30
      35
      35
      32
      27
      33
      35
      33
      26
      34
      36
      16
      36
      34
      35
      29
      20
      32
      33
      29
      37
      25
      38
      30
      37
      29
      31
      33
      27
      44
      34
      34
      31
      26
      24
      27
      34
      20
      37
      22
      36
      28
      32
      32
      32
      29
      24
      30
      23
      30
      30
      35
      36
      40
      30
      26
      32
      35
      17
      39
      24
      30
      30
      27
      34
      26
      35
      30
      40
      27
      33
      26
      21
      25
      29
      36
      35
      31
      35
      20
      35
      40
      21
      28
      36
      34
      35
      33
      28
      24
      28
      27
      31
      25
      36
      27
      26
      21
      30
      31
      29
      26
      25
      25
      28
      26
      31
      37
      24
      40
      29
      30
      34
      28
      22
      26
      37
      36
      28
      38
      26
      23
      26
      28
      27
      22
      26
      20
      42
      23
      34
      31
      30
      27
      26
      24
      25
      21
      24
      24
      33
      28
      29
      21
      24
      32
      24
      25
      23
      27
      30
      28
      39
      33
      31
      27
      23
      24
      31
      24
      34
      27
      32
      23
      33
      15
      37
      27
      31
      28
      29
      20
      29
      36
      30
      30
      22
      34
      32
      28
      25
      25
      22
      33
      31
      24
      28
      33
      29
      21
      22
      21
      27
      40
      13
      22
      28
      23
      22
      24
      23
      35
      27
      22
      26
      20
      26
      35
      28
      18
      20
      26
      29
      24
      37
      28
      28
      34
      19
      30
      28
      25
      18
      25
      19
      31
      16
      28
      31
      31
      21
      31
      26
      32
      21
      35
      29
      21
      26
      25
      28
      20
      21
      24
      28
      28
      23
      35
      19
      34
      27
      26
      22
      34
      41
      29
      31
      34
      21
      31
      30
      27
      25
      25
      28
      31
      36
      26
      25
      29
      26
      27
      30
      27
      26
      28
      30
      17
      27
      27
      31
      27
      31
      22
      29
      29
      25
      29
      27
      27
      26
      28
      25
      25
      21
      23
      28
      20
      31
      22
      38
      26
      32
      31
      29
      28
      19
      27
      27
      39
      17
      28
      30
      22
      38
      26
      18
      23
      16
      20
      26
      30
      33
      23
      25
      31
      36
      25
      22
      27
      30
      25
      18
      30
      31
      26
      26
      35
      30
      28
      27
      33
      41
      37
      45
      26
      27
      31
      22
      35
      33
      28
      30
      26
      27
      21
      29
      26
      26
      27
      22
      21
      28
      22
      21
      29
      32
      27
      28
      26
      35
      26
      23
      26
      34
      20
      31
      33
      27
      20
      24
      26
      22
      23
      30
      30
      29
      25
      20
      24
      34
      34
      23
      25
      33
      35
      35
      25
      26
      27
      33
      24
      26
      32
      28
      28
      23
      19
      20
      26
      34
      15
      29
      26
      25
      27
      34
      32
      27
      23
      37
      31
      26
      21
      25
      30
      25
      30
      34
      24
      31
      25
      31
      35
      33
      24
      29
      21
      28
      39
      23
      20
      27
      27
      33
      18
      22
      17
      20
      20
      21
      26
      23
      39
      23
      28
      16
      29
      23
      33
      16
      24
      36
      25
      29
      22
      28
      25
      28
      29
      30
      31
      22
      18
      32
      34
      36
      28
      32
      28
      23
      17
      22
      29
      23
      21
      28
      29
      28
      35
      24
      27
      24
      22
      23
      23
      26
      23
      23
      28
      21
      23
      21
      25
      21
      27
      27
      23
      26
      18
      34
      24
      38
      19
      31
      29
      28
      29
      22
      38
      26
      27
      32
      29
      29
      20
      24
      24
      32
      27
      21
      27
      33
      35
      31
      28
      22
      28
      24
      25
      30
      25
      23
      17
      24
      26
      24
      27
      13
      34
      27
      29
      29
      23
      38
      35
      43
      28
      27
      26
      41
      27
      21
      23
      26
      29
      33
      24
      19
      26
      15
      27
      29
      24
      33
      31
      22
      31
      31
      25
      22
      19
      20
      23
      16
      24
      22
      31
      23
      27
      22
      20
      32
      22
      17
      24
      23
      30
      25
      17
      30
      25
      22
      24
      32
      25
      28
      21
      20
      20
      20
      17
      32
      26
      22
      22
      24
      27
      24
      27
      27
      20
      24
      17
      24
      30
      19
      22
      24
      20
      33
      24
      20
      19
      26
      22
      27
      18
      30
      19
      24
      18
      27
      21
      21
      17
      21
      21
      13
      22
      29
      20
      12
      27
      25
      25
      23
      22
      31
      30
      24
      21
      22
      19
      25
      22
      28
      30
      21
      17
      23
      27
      25
      21
      23
      24
      26
      18
      26
      23
      17
      21
      31
      29
      26
      19
      26
      20
      22
      28
      21
      21
      26
      21
      22
      27
      26
      30
      26
      25
      12
      30
      22
      22
      20
      14
      23
      28
      25
      27
      23
      27
      17
      14
      28
      27
      15
      21
      28
      18
      24
      17
      28
      20
      23
      28
      24
      13
      27
      22
      12
      25
      27
      16
      14
      24
      25
      27
      18
      24
      15
      21
      32
      23
      26
      16
      22
      32
      13
      19
      28
      24
      23
      23
      27
      15
      18
      25
      13
      27
      16
      32
      23
      27
      30
      34
      25
      23
      29
      31
      28
      31
      31
      23
      28
      25
      28
      36
      30
      30
      22
      30
      31
      28
      39
      32
      35
      26
      26
      33
      32
      37
      25
      30
      19
      19
      18
      19
      28
      24
      26
      18
      24
      21
      26
      16
      20
      23
      25
      17
      19
      15
      17
      16
      18
      20
      11
      18
      22
      17
      22
      20
      16
      18
      15
      13
      19
      21
      13
      12
      18
      23
      15
      17
      21
      20
      15
      14
      13
      15
      24
      17
      25
      18
      22
      18
      18
      15
      18
      12
      17
      16
      16
       9
      18
      13
      18
      15
      17
      14
      10
      20
      15
      22
      20
      14
      16
      22
      14
      20
      14
      17
      11
      16
      16
      25
      16
      14
      11
      23
      14
      16
      15
      19
      20
      21
      14
      21
      17
      17
      18
      24
      20
      12
      15
      17
      13
       9
      16
      25
      25
      19
      24
      15
      16
      14
      19
      13
      16
      15
      16
      14
      18
      25
      15
      10
      18
      18
      12
      17
      16
      16
      12
      14
      16
      17
      12
      17
      17
      21
      15
      15
      17
      18
      11
      18
      12
      17
      17
      18
      20
      19
      18
       9
      12
      13
      21
      16
      20
      17
      14
      15
      13
      20
      14
      16
      22
      13
      18
      14
      19
      15
       6
      15
      12
      16
      17
      22
      18
      23
      14
      17
      17
      16
      14
      13
      13
      13
      22
      19
      17
      14
      15
      19
      17
      14
      13
      15
      13
      16
      23
       7
      14
       9
      15
      11
      17
      16
      11
      13
      13
      17
      13
      19
      15
      21
      11
      13
      13
       9
      12
      16
      12
      11
      13
      22
      23
      13
      14
      16
      17
      22
      16
      13
       8
      17
      15
      16
      15
      17
      18
      12
      14
      13
      20
      16
      19
      14
      13
       9
       9
      17
      26
      20
      17
      13
      13
      11
      17
      21
       9
      32
      14
      18
      14
      17
      15
      18
      15
      21
      21
      14
       9
      20
      17
       8
      17
      10
      14
      16
      18
      16
      16
      15
      21
      16
      16
      10
      16
      14
       8
      15
      12
      17
      13
      20
      18
      13
      17
      17
      21
      19
      19
      17
      19
      19
      24
       9
      21
      21
      12
      22
       9
      18
      10
      14
      22
      15
      12
      14
      15
      18
      25
      16
      21
      15
      11
      18
      23
      15
      15
      16
      18
      12
      10
      19
      14
       8
      19
      19
      15
      15
      14
      12
      16
      15
      15
      17
      13
      16
      20
      14
      17
      13
      12
      15
      10
      12
      17
      21
      19
      17
      13
      12
      13
      19
      12
      14
      12
      15
      11
      16
      14
      17
      14
      16
      10
      18
      17
      11
      19
      10
      19
       8
      15
      14
      14
      10
      13
      19
      19
      15
      17
      16
      13
      13
      12
      23
      21
      25
      22
      26
      22
      26
      28
      20
      20
      20
      17
      16
      13
      15
      14
      11
      10
       9
      10
      15
      13
      12
      14
      13
       9
      14
      12
      14
      13
      10
      11
      18
      12
      12
      12
      12
       7
       8
      15
       8
      14
      16
       9
      16
      15
      14
      12
      11
      15
      15
      16
       9
      12
      11
      16
      20
       9
      11
      12
      13
      14
      11
       8
      18
      10
      13
      12
      12
      10
      10
      13
      15
      11
       9
      11
      15
       8
      13
      16
      13
      13
      16
       8
      11
      12
      10
      14
      10
       9
      14
       9
      10
      12
      12
      11
      12
      14
      11
      14
      11
      13
      15
       6
       5
      16
       8
       9
      13
      15
      11
       8
      10
       9
       9
      13
       7
       5
      10
       3
      15
      13
      13
      13
       8
       6
       7
      13
       9
      15
       4
       9
      13
      10
       9
      12
       8
      14
       7
       8
       9
      11
      15
      10
      11
       8
      12
       8
      14
      13
      11
       8
      12
      12
      16
      10
      12
      11
      18
       6
      12
       8
       8
       8
       8
      11
      12
       8
      17
      16
      14
       5
      17
       9
      16
      14
      11
       8
      10
      17
      14
      10
      10
      17
      11
      12
      15
      11
      13
      10
      11
       6
       9
      11
      17
      11
      10
       9
      16
       9
      14
      12
      12
       6
      12
      15
      13
      19
       9
      17
      14
      11
      20
      21
      22
      41
      65
     129
     190
     286
     351
     494
     579
     500
     473
     389
     256
     171
      98
      50
      34
      23
      17
       8
      10
      11
       7
      12
      10
      19
      10
       8
      11
       7
      10
      11
       7
      11
      15
       9
      10
       8
      14
      10
       5
       9
      10
      10
      12
       9
       7
      11
      16
      15
      10
       8
       9
      14
      10
       8
      10
       9
      12
      16
       8
       9
      11
       7
      10
      12
       1
       8
      12
       5
       7
      12
       5
      10
       7
      13
       8
      12
       7
       5
       9
       9
       5
      10
       9
       8
       5
      11
      12
      11
       8
       8
      10
      15
      11
      10
       5
       4
       7
       5
       9
       9
      13
      11
      13
       8
      11
       5
       7
       7
      10
       3
      14
      11
       7
      14
       6
       8
      12
       8
      11
       6
       6
       8
      10
       5
       9
       7
      14
       5
       6
       9
       7
       9
       9
       7
       8
       8
       6
       8
       7
       6
       9
       7
      13
       5
      12
       5
       9
       6
      10
       7
       9
       6
      10
       6
       8
       8
       6
       8
       9
      12
       9
       8
      10
       5
       6
      11
      10
       3
       9
       9
       9
       8
       6
       6
       9
       4
      10
      11
       8
      10
       9
       8
       9
       6
       9
      15
       5
       8
       5
      12
       5
       8
       6
       8
       5
       5
       5
       5
       6
       7
       5
       6
       8
       6
       5
       5
       9
       5
       8
       5
       9
       5
       3
       6
       9
       5
       6
       9
       7
       6
       6
       8
       6
       9
       6
       7
       5
       9
       6
       7
       6
       6
       6
       8
       7
       6
       5
       2
       8
       6
       5
       6
       2
       6
       3
       6
       5
       9
       8
       9
       7
       7
      12
       2
       5
       4
       7
       6
       7
       4
      10
       7
      10
       7
       7
       7
       9
       8
      11
      12
      16
      21
       8
       9
      15
       9
       5
      10
       9
       7
       7
       8
       6
       4
       2
       7
       7
      10
       2
       5
       3
       4
       7
       5
       8
      12
       6
       5
       3
       8
       3
       4
       5
       4
       3
       6
       4
      11
       4
       9
       3
       5
       7
       4
       7
       8
       5
       5
       4
       6
       9
       6
      10
       2
       4
       4
       4
       3
       4
       5
       5
       4
       5
       3
      12
       6
       7
       3
      10
       5
      10
       5
       8
       3
       6
       8
       8
       4
       7
       8
       7
       6
       6
       4
       9
       1
       4
       6
       1
       3
       9
       7
       3
       8
       4
       3
       6
       3
       4
       4
       8
      11
       4
       7
       6
       5
       8
       5
       8
       6
       4
       6
      10
      10
       3
       6
       9
       4
       2
       6
       6
       7
      10
       7
       5
       5
       4
       5
       7
       5
       6
       6
       3
       1
       7
       2
       3
       9
       5
       5
       7
       2
       4
       4
       7
      12
      16
      10
      14
      14
      16
      15
      16
       6
       8
       8
       4
       9
       8
       4
       6
       7
       3
       7
       7
       4
       1
       7
       1
       5
       3
       6
       3
       4
       7
      12
       6
       2
       3
       3
       5
      12
       7
       4
       8
       3
       8
       3
      10
       5
       8
       3
       2
       3
       3
       3
      12
       4
       3
       4
       5
       6
      12
       3
       9
       4
       2
       6
       3
       3
       7
       6
       3
       2
       3
       3
       6
       8
       5
       7
       9
       5
       5
       7
       5
      10
       3
       7
       4
       7
      10
       2
      10
       5
       3
       4
       5
       5
       2
       6
       4
       6
       3
       8
       1
       8
       2
       4
       2
       8
       8
       3
      10
       4
       4
      10
       5
       5
       3
       3
       8
       5
       4
       3
       4
       5
       3
       8
       5
       6
       5
       2
       8
       0
       7
       4
       7
       4
       5
       8
       2
       5
       2
       6
       6
       4
       1
       5
       8
       3
       4
       5
       5
       2
       6
       4
       4
       5
       6
       8
       5
       6
       4
       2
       0
       6
       6
       6
       9
       6
       6
       7
       4
       3
       1
       2
       2
       4
       5
       3
       5
       6
       2
       5
       3
       7
       7
       4
       4
       4
       4
       5
       7
       5
       4
       2
       5
       6
       4
       3
       5
       3
       2
       6
       9
       2
       6
       4
       3
       5
       3
       5
       5
       6
      10
       5
       5
       3
       8
       6
       8
       4
       3
       5
       3
       3
       6
       4
       3
       7
       5
       8
       8
       2
       5
      18
      11
      18
      29
      55
      76
     145
     202
     296
     389
     422
     483
     474
     384
     326
     198
     142
      70
      42
      22
      14
       4
       6
       5
       6
       5
       8
       9
      10
       4
       5
      11
       7
       4
       9
       3
       4
       3
       9
       5
       9
       4
       4
       3
       5
       7
       2
       4
       2
       4
       5
       0
       3
       0
       4
       5
       5
       4
       2
       1
       6
       5
       3
       4
       3
       8
       9
       1
       5
       3
       5
       7
       4
       3
       2
       4
       6
       3
       3
       5
       7
       1
       3
       3
       6
       5
       8
       4
       5
       3
       7
       3
       5
       2
       8
       2
       5
       1
       4
       2
       4
       5
       4
       8
       4
       6
       4
       4
       4
       5
       3
       8
       7
       3
       7
       3
       4
       4
       3
       3
       6
       1
       4
       8
       5
       4
       4
       1
       3
       3
       6
       4
       4
       5
       3
       3
       5
       2
       5
       3
       1
       6
       3
       3
       5
       8
       3
       6
       3
       5
       2
       6
       1
       7
       3
       4
       4
       3
       3
       3
       2
       2
       3
       3
       0
       0
       4
       4
       8
       2
       3
       2
       4
       5
       8
       3
       5
       2
       4
       6
       1
       3
       4
       3
       8
       4
       6
       4
       8
       4
       1
       3
       2
       4
      11
       8
      14
       8
       6
       4
       3
       4
       3
       5
       2
       1
       3
       4
       0
       2
       7
       2
       3
       2
       9
       5
       2
       5
       3
       3
       4
       9
       4
       2
       7
       0
       4
       5
       2
       5
       1
       1
       4
       5
       3
       4
       1
       2
       4
       1
       2
       0
       3
       3
       4
       0
       6
       4
       5
       1
       1
       5
       3
       4
       2
       4
       2
       4
       4
       3
       3
       5
       0
       7
       2
       4
       2
       2
       5
       6
       1
       3
       2
       5
       2
       9
       2
       3
       3
       5
       2
       2
       2
       2
       4
       4
       5
       6
       3
       5
       4
       6
       7
       7
       4
       3
       3
       2
       5
       2
       5
       3
       4
       3
       9
       3
       4
       0
       2
       5
       2
       2
       5
       1
       5
       4
       6
       4
       9
       3
       5
       1
       6
       2
       4
       4
       6
       4
       2
       4
       1
       6
       3
       4
       2
       4
       7
       3
       3
       4
       2
       4
       2
       3
       6
       1
       4
       4
       2
       5
       3
       1
       1
       6
       2
       2
       3
       2
       2
       5
       2
       1
       3
       5
       3
       3
       0
       1
       5
       3
       5
       2
       0
       6
       0
       1
       3
       7
       6
       1
       0
       4
       2
       5
       2
       0
       7
       2
       6
       2
       5
       7
       4
       7
       3
       1
       3
       3
       6
       1
       2
       2
       2
       6
       5
       2
       2
       3
       0
       3
       8
       1
       1
       1
       5
       6
       4
       3
       2
       3
       5
       2
       6
       6
       3
       2
       4
       0
       6
       4
       5
       4
       0
       2
       1
       1
       1
       5
       1
       1
       7
       4
       2
       6
       1
       6
       2
       5
       3
       3
       2
       5
       1
       2
       3
       3
       0
       2
       1
       5
       2
       3
       1
       6
       5
       3
       4
       4
       2
       8
       1
       1
       4
       4
       3
       3
       1
       4
       5
       1
       4
       3
       3
       4
       2
       1
       1
       1
       3
       1
       5
       2
       4
       4
       6
       7
       3
       2
       2
       1
       2
       4
       3
       1
       3
       5
       4
       5
       0
       4
       3
       1
       3
       3
       7
       6
       2
       3
       2
       8
       7
       3
       4
       6
       3
       4
       6
      10
      15
      26
      27
      34
      46
      54
      57
      64
      68
      54
      40
      21
      23
      12
       5
       4
       0
       3
       2
       8
       1
       4
       2
       2
       4
       1
       2
       3
       2
       2
       4
       4
       1
       4
       3
       3
       1
       2
       0
       2
       5
       6
       5
       3
       4
       5
       1
       1
       0
       7
       5
       2
       5
       2
       3
       3
       2
       3
       1
       2
       4
       3
       0
       2
       0
       3
       2
       6
       1
       1
       3
       1
       1
       2
       5
       2
       0
       1
       2
       2
       1
       4
       3
       4
       1
       4
       6
       6
       2
       3
       1
       1
       0
       3
       2
       3
       1
       2
       1
       1
       1
       3
       3
       5
       5
       0
       3
       5
       1
       2
       1
       0
       1
       4
       3
       4
       3
       1
       3
       1
       3
       1
       4
       3
       0
       1
       2
       3
       2
       6
       1
       2
       2
       3
       1
       5
       1
       4
       3
       0
       4
       4
       0
       0
       0
       2
       2
       5
       1
       4
       1
       1
       3
       4
       2
       0
       1
       2
       1
       2
       6
       5
       2
       0
       3
       2
       1
       1
       1
       3
       6
       1
       2
       2
       5
       4
       1
       4
       3
       0
       2
       2
       4
       4
       4
       1
       2
       2
       1
       0
       3
       0
       3
       5
       0
       1
       6
       6
       1
       3
       3
       3
       4
       6
       2
       3
       4
       4
       3
       2
       3
       1
       2
       0
       3
       6
       0
       3
       3
       1
       1
       2
       2
       4
       2
       3
       4
       1
       3
       1
       2
       0
       4
       1
       1
       1
       1
       1
       1
       0
       2
       1
       2
       3
       2
       1
       4
       5
       4
       0
       4
       2
       1
       4
       3
       1
       4
       1
       2
       1
       1
       3
       3
       3
       0
       1
       1
       2
       1
       2
       3
       3
       1
       2
       4
       2
       0
       2
       2
       2
       3
       1
       0
       1
       1
       1
       4
       1
       4
       3
       2
       1
       8
       0
       3
       4
       2
       5
       3
       4
       5
       2
       3
       2
       1
       2
       1
       1
       1
       2
       4
       6
       1
       3
       4
       2
       0
       2
       0
       1
       3
       3
       2
       1
       2
       5
       2
       5
       1
       5
       4
       5
       1
       1
       1
       4
       5
       1
       0
       1
       5
       2
       1
       4
       2
       2
       2
       2
       2
       3
       3
       1
       3
       1
       1
       1
       0
       1
       2
       1
       3
       2
       3
       0
       3
       2
       4
       2
       2
       2
       2
       2
       2
       2
       1
       1
       5
       3
       2
       1
       3
       1
       1
       1
       1
       2
       2
       3
       4
       2
       0
       2
       4
       1
       6
       1
       0
       4
       1
       1
       2
       0
       4
       2
       1
       1
       0
       2
       3
       1
       5
       4
       0
       3
       1
       3
       2
       6
       3
       3
       3
       1
       1
       2
       0
       3
       0
       1
       1
       3
       1
       1
       1
       0
       1
       1
       0
       2
       1
       1
       1
       3
       4
       1
       0
       4
       0
       1
       1
       1
       2
       2
       2
       1
       0
       1
       4
       1
       2
       2
       3
       1
       2
       3
       2
       4
       5
       1
       1
       1
       2
       1
       3
       3
       2
       2
       1
       0
       1
       3
       3
       3
       4
       3
       1
       0
       3
       2
       1
       3
       1
       0
       1
       2
       0
       1
       2
       1
       3
       2
       2
       2
       4
       1
       3
       3
       4
       3
       2
       4
       0
       3
       2
       7
       2
       0
       3
       3
       1
       1
       1
       3
       3
       4
       0
       0
       3
       3
       3
       1
       1
       3
       1
       1
       0
       1
       1
       1
       2
       5
       0
       2
       1
       6
       5
       2
       2
       1
       4
       5
       2
       3
       1
       2
       1
       1
       2
       3
       1
       2
       1
       0
       2
       1
       1
       1
       3
       3
       1
       0
       1
       0
       0
       1
       0
       2
       4
       3
       0
       3
       2
       2
       2
       2
       0
       1
       1
       1
       1
       0
       3
       1
       3
       1
       2
       2
       4
       1
       5
       2
       1
       4
       2
       4
       3
       2
       0
       1
       2
       1
       1
       1
       4
       3
       0
       2
       2
       3
       0
       4
       0
       1
       2
       2
       0
       0
       2
       1
       2
       4
       0
       4
       3
       2
       1
       1
       2
       3
       1
       1
       3
       1
       1
       0
       0
       1
       3
       2
       1
       3
       4
       1
       1
       0
       0
       4
       1
       2
       0
       4
       1
       4
       2
       3
       2
       3
       4
       3
       2
       2
       2
       0
       0
       3
       3
       2
       3
       3
       1
       2
       3
       0
       3
       1
       2
       3
       4
       0
       0
       1
       1
       3
       1
       2
       1
       6
       2
       3
       1
       2
       3
       3
       2
       3
       1
       0
       3
       0
       0
       2
       3
       1
       1
       3
       1
       1
       2
       2
       1
       3
       1
       1
       2
       2
       2
       0
       3
       5
       3
       1
       1
       2
       1
       0
       1
       0
       6
       5
       2
       1
       3
       1
       1
       2
       4
       1
       1
       0
       3
       2
       0
       1
       1
       2
       2
       1
       1
       2
       4
       1
       3
       1
       1
       1
       1
       0
       0
       2
       2
       1
       0
       3
       1
       2
       0
       2
       0
       1
       0
       0
       1
       3
       0
       2
       2
       2
       1
       1
       1
       3
       1
       2
       0
       3
       2
       2
       1
       1
       1
       0
       0
       1
       2
       0
       0
       2
       1
       3
       3
       2
       1
       0
       3
       2
       3
       5
       1
       2
       3
       3
       2
       5
       1
       0
       3
       0
       1
       2
       0
       3
       2
       0
       3
       0
       2
       3
       0
       0
       1
       0
       1
       1
       2
       2
       3
       0
       3
       1
       0
       1
       2
       2
       1
       0
       2
       1
       0
       4
       0
       0
       2
       2
       1
       2
       2
       1
       2
       0
       1
       2
       1
       1
       1
       4
       3
       3
       2
       1
       2
       1
       1
       0
       2
       1
       1
       1
       1
       1
       2
       2
       2
       0
       0
       2
       1
       0
       1
       0
       3
       0
       2
       2
       2
       3
       3
       0
       3
       3
       1
       3
       3
       4
       0
       0
       4
       2
       1
       3
       4
       1
       2
       3
       1
       0
       4
       2
       1
       2
       0
       3
       2
       1
       1
       2
       1
       1
       3
       1
       0
       3
       1
       2
       1
       2
       1
       3
       1
       2
       1
       0
       1
       6
       3
       1
       0
       3
       1
       1
       1
       2
       2
       0
       1
       1
       0
       1
       2
       2
       0
       1
       0
       3
       3
       1
       1
       2
       1
       2
       1
       2
       0
       0
       0
       2
       0
       0
       2
       0
       3
       1
       3
       3
       0
       3
       3
       3
       0
       1
       2
       0
       2
       1
       1
       0
       5
       2
       3
       1
       1
       1
       0
       3
       2
       0
       0
       2
       1
       1
       0
       3
       2
       3
       1
       1
       1
       5
       1
       0
       2
       1
       1
       1
       1
       5
       0
       2
       2
       1
       3
       0
       4
       2
       3
       1
       1
       0
       0
       2
       0
       3
       1
       1
       2
       1
       1
       4
       1
       2
       1
       0
       2
       1
       0
       0
       2
       0
       1
       4
       3
       0
       2
       1
       1
       1
       3
       2
       1
       1
       3
       0
       1
       2
       3
       1
       0
       1
       1
       0
       6
       0
       3
       2
       0
       2
       2
       3
       1
       0
       1
       4
       3
       3
       4
       3
       3
       1
       1
       3
       2
       1
       0
       0
       2
       1
       2
       1
       1
       0
       0
       1
       0
       3
       2
       1
       2
       1
       2
       2
       2
       1
       1
       1
       0
       0
       1
       1
       1
       1
       1
       3
       1
       1
       1
       1
       3
       1
       0
       0
       2
       7
       0
       1
       1
       1
       5
       0
       2
       1
       1
       1
       0
       0
       2
       0
       0
       2
       2
       0
       1
       2
       3
       0
       0
       3
       2
       1
       1
       2
       0
       2
       0
       1
       1
       1
       3
       2
       1
       4
       0
       0
       2
       2
       1
       1
       2
       1
       0
       0
       0
       1
       0
       1
       2
       0
       0
       4
       0
       2
       0
       0
       0
       2
       2
       0
       3
       1
       2
       2
       0
       6
       1
       2
       2
       0
       2
       0
       0
       3
       2
       1
       6
       1
       0
       1
       3
       0
       1
       1
       3
       4
       5
      11
       9
      12
      14
      16
      17
      10
      12
       9
       4
       2
       7
       4
       0
       1
       3
       0
       0
       0
       0
       2
       1
       3
       2
       3
       1
       2
       0
       1
       1
       1
       2
       1
       1
       0
       0
       0
       0
       2
       0
       1
       0
       1
       3
       0
       0
       1
       1
       0
       0
       0
       0
       0
       0
       1
       0
       0
       1
       1
       1
       2
       5
       2
       1
       2
       2
       1
       4
       0
       1
       2
       2
       0
       2
       0
       0
       1
       2
       2
       1
       2
       2
       2
       0
       1
       3
       1
       3
       1
       1
       1
       3
       1
       0
       0
       1
       0
       2
       2
       2
       1
       0
       3
       1
       1
       1
       4
       1
       1
       2
       0
       1
       1
       0
       1
       1
       2
       1
       2
       1
       0
       0
       2
       1
       2
       2
       1
       2
       0
       0
       2
       0
       2
       2
       1
       0
       0
       2
       2
       0
       0
       1
       2
       0
       2
       0
       2
       4
       2
       2
       0
       1
       2
       0
       0
       2
       2
       1
       0
       2
       1
       2
       0
       1
       0
       2
       3
       0
       3
       0
       1
       0
       2
       2
       0
       3
       0
       4
       1
       2
       1
       0
       3
       1
       2
       2
       1
       1
       2
       2
       1
       3
       1
       3
       2
       2
       1
       0
       1
       0
       1
       1
       1
       2
       1
       0
       0
       1
       3
       2
       0
       1
       1
       2
       0
       1
       3
       2
       2
       0
       0
       1
       0
       0
       2
       1
       2
       0
       0
       3
       0
       0
       1
       2
       0
       1
       1
       0
       2
       1
       2
       0
       2
       3
       2
       1
       1
       3
       1
       0
       1
       1
       1
       2
       1
       1
       2
       2
       0
       1
       0
       0
       3
       2
       0
       0
       1
       0
       1
       2
       2
       2
       2
       1
       2
       2
       1
       0
       1
       1
       0
       0
       1
       2
       0
       3
       2
       2
       0
       0
       0
       1
       3
       0
       0
       2
       2
       0
       0
       3
       0
       1
       2
       3
       1
       1
       7
       0
       0
       0
       3
       2
       0
       1
       1
       1
       2
       1
       1
       3
       2
       4
       1
       0
       1
       1
       1
       0
       1
       2
       2
       3
       1
       3
       1
       1
       0
       1
       1
       2
       3
       3
       1
       2
       4
       2
       0
       1
       1
       0
       0
       1
       0
       3
       0
       1
       0
       0
       3
       1
       2
       0
       0
       0
       0
       1
       0
       1
       4
       0
       0
       2
       1
       2
       1
       0
       3
       2
       2
       1
       3
       1
       2
       1
       2
       1
       1
       1
       0
       0
       4
       0
       2
       1
       2
       3
       0
       2
       1
       0
       2
       1
       2
       1
       0
       0
       2
       0
       0
       2
       2
       2
       2
       0
       0
       0
       0
       2
       1
       0
       2
       0
       0
       0
       0
       3
       1
       0
       1
       1
       1
       0
       1
       2
       1
       2
       1
       1
       1
       1
       3
       2
       1
       2
       1
       1
       1
       1
       0
       1
       0
       1
       1
       1
       0
       1
       1
       0
       2
       0
       1
       0
       0
       1
       2
       1
       0
       1
       1
       0
       3
       1
       1
       1
       1
       1
       0
       1
       0
       1
       1
       1
       2
       3
       3
       1
       5
       0
       1
       1
       2
       1
       1
       0
       0
       0
       1
       1
       0
       1
       0
       0
       0
       0
       2
       0
       4
       0
       2
       1
       0
       2
       0
       2
       1
       0
       0
       2
       0
       0
       0
       1
       0
       0
       0
       0
       3
       1
       0
       0
       1
       1
       0
       0
       0
       1
       0
       1
       1
       1
       1
       1
       1
       0
       2
       0
       1
       0
       0
       1
       0
       0
       1
       3
       0
       1
       0
       4
       2
       2
       1
       0
       0
       3
       1
       0
       3
       2
       0
       1
       1
       1
       3
       0
       2
       1
       4
       0
       3
       1
       0
       3
       0
       1
       0
       1
       0
       0
       2
       0
       0
       0
       1
       1
       1
       0
       2
       0
       3
       2
       1
       5
       0
       1
       3
       1
       0
       0
       4
       0
       0
       0
       0
       3
       0
       0
       1
       2
       1
       1
       0
       0
       1
       1
       1
       1
       1
       0
       1
       1
       1
       1
       0
       0
       0
       0
       1
       6
       0
       0
       0
       1
       0
       3
       0
       1
       1
       1
       2
       1
       1
       2
       0
       2
       0
       3
       1
       2
       0
       1
       2
       0
       0
       2
       2
       1
       2
       1
       0
       2
       0
       1
       0
       0
       2
       1
       0
       0
       2
       2
       1
       1
       0
       0
       2
       1
       2
       0
       2
       1
       1
       0
       0
       1
       1
       1
       2
       0
       1
       1
       2
       1
       5
       1
       2
       0
       0
       0
       0
       1
       0
       1
       1
       2
       1
       0
       1
       2
       0
       1
       0
       1
       3
       1
       0
       1
       0
       1
       1
       2
       1
       3
       0
       1
       2
       1
       1
       0
       1
       0
       0
       1
       0
       0
       0
       0
       1
       2
       0
       1
       1
       0
       1
       0
       1
       3
       0
       2
       0
       0
       1
       2
       2
       1
       1
       1
       2
       2
       3
       0
       1
       1
       1
       1
       2
       0
       2
       1
       0
       0
       2
       0
       0
       0
       1
       1
       0
       1
       0
       0
       1
       0
       0
       2
       0
       1
       0
       1
       1
       0
       4
       0
       2
       1
       1
       0
       0
       1
       2
       0
       0
       3
       0
       2
       3
       1
       0
       2
       2
       3
       2
       2
       0
       1
       1
       1
       0
       0
       1
       1
       2
       1
       2
       0
       1
       0
       1
       1
       2
       0
       3
       1
       1
       2
       3
       0
       1
       2
       2
       1
       1
       2
       2
       2
       2
       2
       1
       1
       0
       0
       2
       1
       0
       0
       0
       1
       1
       0
       1
       0
       0
       1
       0
       2
       0
       0
       0
       0
       0
       0
       0
       0
       0
       0
       0
       0
       0
       0
       0
       0
       0
       0
       0
       0
       0
       0
       0
       0
       0
       0
       0
       0
       0
       0
       0
       0
       0
       0
       0
       0
       0
       0
       0
       0
       0
       0
       0
       0
       0
       0
       0
       0
       0
       0
       0
       0
       0
       0
       0
       0
       0
       0
       0
       0
       0
       0
       0
       0
       0
       0
       0
       0
       0
       0
       0
       0
       0
       0
       0
       0
       0
       0
       0
       0
       0
       0
       0
       0
       0
       0
       0
       0
       0
       0
       0
       0
       0
       0
       0
       0
       0
       0
       0
       0
       0
       0
       0
       0
       0
       0
       0
       0
       0
       0
       0
       0
       0
       0
       0
       0
       0
       0
       0
       0
       0
       0
       0
       0
       0
       0
       0
       0
$ROI:
2
1936 2287
5338 5513
$PRESETS:
Integral
500000
0
$ENER_FIT:
0.000000 0.245432
$MCA_CAL:
3
0.000000E+000 2.454316E-001 0.000000E+000 keV
$SHAPE_CAL:
3
7.465718E+000 0.000000E+000 0.000000E+000
