$SPEC_ID:
No sample description was entered.
$SPEC_REM:
DET# 1
DETDESC# BUNCHER Easy-MCA-8k SN 9051292
AP# Maestro Version 6.08
$DATE_MEA:
07/26/2019 10:39:53
$MEAS_TIM:
553 642
$DATA:
0 8191
       0
       0
       0
       0
       0
       0
       0
       0
       0
       0
       0
       0
       0
       0
       0
       0
       0
       0
       0
       3
       8
      66
     477
    1361
    2509
    3819
    4907
   12791
    5804
     418
     208
     145
     392
    1113
    1909
    2121
    2135
    1836
    1690
    1579
    1479
    1391
    1457
    1462
    1534
    1471
    1526
    1445
    1528
    1462
    1458
    1469
    1431
    1424
    1399
    1404
    1383
    1345
    1335
    1285
    1389
    1361
    1364
    1293
    1382
    1263
    1326
    1227
    1228
    1207
    1287
    1242
    1227
    1238
    1181
    1174
    1136
    1177
    1143
    1170
    1173
    1119
    1198
    1154
    1188
    1171
    1185
    1120
    1080
    1013
    1117
    1071
    1131
    1140
    1162
    1102
    1081
    1072
    1088
    1050
    1071
    1084
    1134
    1082
    1009
    1046
     997
     997
    1051
    1013
    1042
    1055
    1013
    1026
    1023
     992
     961
     959
     957
    1003
    1032
    1001
    1017
    1037
     959
     959
    1004
     966
     949
    1010
     991
     999
     962
     951
     980
     930
     944
     928
     941
     941
     926
     936
     999
     932
     884
     914
     925
     936
     863
     906
     971
     952
     955
     938
     965
     918
     972
     947
     838
     926
     937
     910
     941
     918
    1001
     930
     918
     931
     883
     906
     947
     937
     888
     895
     919
     908
     876
     928
     924
     869
     878
     951
     935
     901
     916
     925
     859
     848
     889
     921
     850
     877
     879
     955
     896
     955
     886
     890
     937
     913
     916
     892
     852
     888
     911
     850
     922
     862
     908
     839
     919
     839
     881
     851
     937
     898
     922
     878
     933
     905
     896
     848
     866
     883
     953
     942
     871
     913
     901
     868
     894
     949
     973
     915
     932
     940
     914
     895
     875
     909
     921
     934
     870
     932
     941
     937
     915
     939
     869
     926
     981
     928
     961
     947
     920
     981
     951
     912
     948
     980
     880
     955
     912
     941
     918
     959
     919
     903
     977
     996
     914
     969
     961
     954
    1034
     998
    1000
     952
     975
     945
    1018
     957
     951
     976
     964
     983
    1014
     977
     992
     978
    1026
    1061
    1062
    1108
    1113
    1080
    1084
    1033
    1041
    1060
    1158
    1279
    1281
    1275
    1099
    1077
    1009
    1033
    1038
    1028
    1024
    1050
    1037
    1038
    1075
    1026
    1038
    1030
    1037
    1090
    1075
    1051
    1079
    1067
    1061
    1032
    1062
     987
    1060
    1056
    1058
    1042
    1078
    1077
    1052
    1049
    1081
    1073
    1074
    1101
    1156
    1305
    1311
    1278
    1141
    1159
    1069
    1106
    1102
    1099
    1127
    1174
    1164
    1181
    1214
    1115
    1068
    1107
    1180
    1111
    1172
    1112
    1140
    1151
    1128
    1092
    1138
    1175
    1106
    1066
    1139
    1191
    1109
    1145
    1090
    1119
    1222
    1091
    1177
    1127
    1077
    1151
    1158
    1146
    1201
    1185
    1120
    1141
    1155
    1154
    1156
    1165
    1107
    1174
    1229
    1238
    1220
    1172
    1170
    1075
    1223
    1146
    1174
    1187
    1185
    1143
    1154
    1271
    1195
    1194
    1224
    1228
    1179
    1170
    1254
    1226
    1243
    1276
    1257
    1164
    1279
    1313
    1201
    1228
    1247
    1203
    1308
    1261
    1212
    1223
    1284
    1280
    1288
    1256
    1176
    1243
    1224
    1240
    1214
    1236
    1231
    1241
    1226
    1241
    1353
    1323
    1234
    1276
    1294
    1217
    1220
    1238
    1234
    1240
    1278
    1278
    1366
    1285
    1324
    1281
    1255
    1288
    1293
    1246
    1234
    1275
    1237
    1289
    1260
    1362
    1216
    1303
    1288
    1217
    1302
    1302
    1332
    1301
    1258
    1275
    1283
    1215
    1308
    1285
    1266
    1313
    1228
    1250
    1228
    1282
    1252
    1268
    1297
    1293
    1283
    1304
    1350
    1240
    1262
    1247
    1273
    1276
    1322
    1280
    1245
    1289
    1261
    1288
    1254
    1285
    1271
    1297
    1319
    1264
    1316
    1266
    1318
    1202
    1226
    1222
    1276
    1189
    1228
    1233
    1304
    1250
    1198
    1234
    1290
    1221
    1248
    1196
    1305
    1304
    1246
    1260
    1213
    1261
    1312
    1260
    1231
    1221
    1240
    1230
    1180
    1263
    1263
    1275
    1267
    1242
    1266
    1285
    1177
    1302
    1290
    1306
    1271
    1243
    1202
    1275
    1259
    1191
    1266
    1303
    1267
    1244
    1249
    1272
    1216
    1348
    1237
    1212
    1210
    1268
    1197
    1259
    1253
    1218
    1241
    1194
    1223
    1220
    1248
    1270
    1172
    1239
    1151
    1151
    1158
    1267
    1226
    1166
    1255
    1204
    1226
    1192
    1262
    1210
    1234
    1230
    1180
    1267
    1149
    1196
    1139
    1222
    1193
    1218
    1177
    1202
    1230
    1239
    1269
    1283
    1236
    1186
    1240
    1224
    1186
    1247
    1145
    1216
    1123
    1187
    1160
    1199
    1206
    1181
    1197
    1219
    1207
    1211
    1194
    1112
    1168
    1174
    1154
    1172
    1208
    1151
    1188
    1231
    1165
    1229
    1246
    1214
    1156
    1215
    1226
    1208
    1159
    1187
    1142
    1192
    1181
    1257
    1159
    1169
    1166
    1191
    1204
    1198
    1179
    1158
    1165
    1171
    1219
    1159
    1154
    1186
    1189
    1249
    1173
    1222
    1180
    1185
    1202
    1213
    1172
    1192
    1169
    1219
    1258
    1181
    1201
    1211
    1221
    1234
    1150
    1185
    1242
    1222
    1225
    1237
    1282
    1283
    1225
    1323
    1307
    1229
    1309
    1207
    1306
    1325
    1230
    1250
    1259
    1245
    1215
    1206
    1238
    1233
    1327
    1255
    1264
    1208
    1272
    1240
    1185
    1238
    1201
    1192
    1247
    1269
    1225
    1240
    1246
    1165
    1213
    1266
    1202
    1194
    1147
    1185
    1128
    1178
    1150
    1187
    1143
    1128
    1194
    1146
    1178
    1181
    1106
    1161
    1154
    1141
    1137
    1101
    1134
    1092
    1130
    1176
    1143
    1110
    1155
    1108
    1094
    1094
    1073
    1102
    1073
    1056
    1104
    1106
    1144
    1144
    1061
    1084
    1085
    1062
    1053
    1090
    1020
    1047
    1060
    1100
    1058
    1049
    1030
    1087
    1033
    1068
    1067
    1075
    1088
    1018
    1100
    1026
    1067
    1084
    1030
     981
    1049
    1006
    1069
     999
    1029
    1087
    1080
    1004
    1044
     999
    1028
    1038
    1048
    1125
    1011
    1063
    1057
     988
    1039
    1000
     965
     918
     988
     968
     979
    1007
    1008
     947
    1019
     991
     960
    1018
     964
     955
     981
    1061
    1001
    1000
     984
    1023
     994
     982
     987
     992
     953
     967
     902
     977
     987
     935
     918
     950
     977
     990
     927
     976
     930
     897
     968
     984
     940
     946
     971
    1050
     970
     957
     966
     978
     969
     945
     985
     956
     984
     959
     923
     982
     947
    1015
     951
     920
     937
     976
     947
     944
     956
     942
     905
     914
     953
     961
     946
     972
     917
     980
     937
     921
     952
     960
     894
     990
     902
     914
     921
     883
     944
     924
    1010
     922
     927
     907
     970
     905
     954
     907
     937
     999
     915
     956
     946
     972
     927
     944
     930
     895
    1003
     941
     953
     944
     929
     951
     945
     854
     873
     924
     984
     912
     919
     923
     950
     877
     922
     906
     938
     911
     915
     934
     927
     901
     947
     940
     919
     919
     884
    1025
     904
     938
     928
     872
     899
     911
     873
     950
     942
     878
     913
     940
     852
     951
     919
     926
     975
     915
     914
     877
     968
     935
     987
     953
     835
     885
     897
     887
     864
     934
     972
     903
     885
     987
     916
     956
     982
     911
     933
     909
     927
     921
     901
     890
     967
     942
     914
     885
     878
     880
     911
     951
     947
     903
     929
     900
     868
     931
     842
     895
     903
     896
     944
     932
     900
     894
     967
     957
     866
     951
     930
     868
     889
     868
     948
     952
     931
     920
     850
     879
     904
     901
     932
     956
     926
     949
     877
     869
     970
     919
     915
     893
     988
     858
     902
     907
     911
     929
     926
     910
     935
     933
     923
     917
     884
     892
     926
     902
     842
     905
     911
     902
     931
     898
     833
     958
     948
     897
     916
     873
     891
     866
     960
     991
     889
     925
     867
     890
     912
     857
     970
     936
     890
     861
     873
     900
     899
     924
     910
     903
     897
     855
     935
     897
     941
     903
     862
     956
     929
     915
     901
     944
     911
     856
     900
     966
     931
     908
     949
     926
     921
     930
     929
     883
     960
     902
     927
     916
     961
     901
     947
     869
     929
     906
     873
     919
     931
     952
     964
     948
     887
     908
     902
     948
     942
     937
     898
     900
     899
     889
     968
     898
     887
     923
     928
     923
     887
     895
     910
     935
     952
     920
     970
     962
     887
     959
     948
     934
    1008
     954
     942
     961
     963
     905
     923
     947
     963
     914
     957
     938
     905
     949
     935
     986
     954
     946
     922
     974
     975
     900
     954
     943
     962
     955
     958
     960
     928
     975
     996
     920
     954
     959
     999
     990
     929
     953
     954
     906
     943
     933
     982
     985
     951
     992
     954
     988
     986
    1007
     957
     958
     957
     937
     937
     985
    1011
    1001
    1005
     946
     978
     987
     940
     921
     920
    1028
     977
     935
     985
     972
    1007
    1013
     946
     948
     921
     940
     969
     986
     957
     978
     981
     994
     984
    1019
    1012
    1006
     983
    1028
     985
    1024
     984
    1081
     999
     972
     934
     947
     997
    1001
    1048
    1026
     985
    1022
     977
     997
    1001
    1019
    1014
     981
     991
     972
    1023
    1023
    1012
    1045
    1021
     976
    1017
    1015
    1000
     998
     999
     987
    1020
    1047
    1057
    1031
    1005
    1007
    1002
    1047
    1031
    1000
    1063
    1022
    1003
    1000
    1000
     990
    1035
    1056
    1012
    1024
     998
    1026
     999
    1105
    1039
    1046
    1019
    1034
    1002
    1033
    1036
    1056
    1032
    1074
    1080
    1081
    1057
    1062
    1085
    1075
    1036
    1052
    1097
    1104
    1016
    1031
     995
     967
    1075
    1031
    1090
    1088
    1084
    1065
    1106
    1083
    1162
    1061
    1034
    1042
    1069
    1060
    1019
    1049
    1078
    1017
    1121
    1059
    1079
    1075
    1009
    1103
    1056
    1071
    1108
    1067
    1025
    1072
    1075
    1042
    1037
    1056
    1049
    1076
    1039
    1079
    1083
    1123
    1002
     985
    1018
    1045
    1054
     946
    1033
    1054
    1026
    1045
    1027
    1011
     955
    1027
    1051
     968
     960
     968
     941
     944
     937
     932
     912
     886
     859
     903
     827
     843
     777
     833
     824
     800
     787
     801
     794
     762
     838
     762
     771
     803
     765
     770
     768
     755
     737
     768
     772
     776
     796
     685
     710
     706
     717
     717
     710
     712
     711
     757
     779
     743
     695
     688
     725
     695
     731
     751
     751
     741
     735
     699
     676
     657
     685
     675
     677
     684
     653
     677
     663
     661
     632
     672
     692
     652
     647
     684
     615
     653
     682
     648
     672
     603
     580
     682
     676
     597
     620
     629
     651
     654
     657
     664
     619
     576
     608
     628
     616
     615
     596
     635
     561
     638
     581
     630
     644
     587
     605
     629
     609
     599
     561
     582
     643
     593
     634
     649
     578
     578
     579
     585
     628
     602
     649
     616
     543
     564
     602
     661
     562
     530
     572
     583
     594
     593
     571
     586
     546
     604
     598
     569
     569
     555
     561
     567
     545
     585
     530
     587
     560
     587
     571
     544
     533
     552
     558
     524
     543
     556
     548
     529
     531
     557
     523
     535
     566
     536
     507
     516
     509
     566
     537
     508
     490
     518
     484
     540
     546
     510
     479
     496
     489
     508
     499
     553
     536
     484
     535
     524
     514
     503
     540
     480
     489
     547
     472
     539
     475
     505
     505
     500
     494
     501
     514
     517
     474
     487
     468
     503
     482
     491
     479
     509
     511
     490
     480
     508
     499
     459
     481
     469
     462
     472
     483
     489
     450
     486
     458
     481
     457
     460
     488
     487
     500
     503
     466
     473
     500
     455
     448
     457
     469
     454
     469
     444
     449
     470
     484
     461
     461
     484
     468
     472
     475
     467
     424
     464
     442
     432
     433
     478
     476
     473
     453
     409
     470
     435
     463
     455
     442
     414
     460
     453
     470
     442
     419
     457
     429
     451
     415
     412
     430
     453
     410
     420
     442
     431
     428
     428
     403
     466
     415
     430
     408
     428
     406
     467
     458
     445
     389
     430
     432
     405
     416
     409
     412
     441
     403
     441
     451
     418
     430
     414
     403
     417
     390
     415
     420
     439
     425
     393
     414
     414
     429
     437
     403
     420
     410
     409
     424
     397
     439
     428
     387
     413
     393
     419
     404
     367
     449
     441
     391
     421
     392
     408
     387
     386
     387
     390
     414
     393
     420
     411
     406
     407
     406
     405
     404
     406
     409
     432
     424
     426
     389
     398
     361
     398
     403
     398
     412
     433
     393
     400
     421
     405
     372
     403
     441
     417
     417
     414
     411
     428
     383
     394
     376
     394
     402
     388
     437
     385
     406
     431
     409
     379
     406
     393
     386
     386
     374
     416
     405
     441
     422
     381
     430
     392
     389
     440
     418
     427
     368
     369
     395
     424
     404
     392
     391
     403
     419
     373
     390
     397
     421
     384
     360
     396
     383
     396
     418
     408
     401
     351
     388
     432
     398
     376
     392
     437
     408
     418
     392
     405
     362
     410
     400
     386
     387
     420
     399
     386
     402
     381
     380
     375
     391
     386
     376
     414
     425
     421
     381
     417
     417
     398
     359
     396
     409
     380
     387
     400
     399
     396
     407
     365
     401
     377
     415
     374
     389
     418
     384
     394
     392
     368
     364
     382
     400
     423
     377
     416
     372
     374
     384
     371
     369
     403
     367
     362
     386
     356
     374
     447
     380
     388
     376
     384
     333
     335
     367
     377
     384
     391
     341
     401
     412
     378
     385
     391
     371
     428
     359
     370
     401
     385
     388
     360
     352
     384
     393
     379
     394
     353
     387
     370
     346
     369
     385
     363
     384
     366
     367
     353
     407
     343
     370
     379
     382
     351
     402
     371
     371
     400
     396
     376
     362
     394
     351
     357
     398
     317
     388
     391
     366
     365
     377
     378
     399
     358
     327
     371
     340
     387
     359
     398
     344
     365
     407
     419
     371
     389
     385
     392
     369
     382
     379
     363
     345
     384
     337
     376
     355
     346
     370
     406
     370
     356
     362
     352
     380
     367
     357
     374
     380
     393
     372
     376
     353
     364
     388
     348
     385
     347
     336
     354
     361
     347
     372
     336
     361
     401
     355
     384
     336
     375
     362
     361
     386
     353
     346
     368
     338
     371
     373
     363
     379
     370
     343
     374
     318
     361
     393
     370
     350
     396
     332
     355
     340
     327
     367
     376
     368
     347
     389
     348
     391
     340
     424
     378
     396
     390
     412
     417
     387
     376
     378
     386
     329
     382
     408
     394
     386
     377
     372
     413
     413
     418
     423
     431
     445
     423
     466
     487
     528
     576
     645
     658
     821
     893
    1110
    1339
    1598
    1907
    2483
    3275
    4122
    5547
    7249
    9370
   12099
   15048
   18827
   22184
   26079
   28630
   30549
   31304
   31064
   29595
   27019
   23916
   20263
   16509
   13276
   10134
    7654
    5897
    4282
    3218
    2446
    1850
    1424
    1094
     855
     695
     593
     453
     426
     347
     293
     280
     297
     245
     228
     219
     196
     203
     182
     188
     190
     157
     149
     137
     167
     163
     161
     127
     149
     152
     141
     163
     152
     144
     149
     143
     147
     143
     135
     121
     139
     120
     134
     134
     122
     126
     111
     125
     108
     138
     110
     105
     136
     128
     114
     118
     102
     111
     122
     113
     129
      96
      99
     100
     115
      95
     113
     101
     100
     133
     103
     113
     126
     114
     102
      98
      95
      89
     104
      88
     104
     103
      92
     116
      95
     107
      95
      95
     100
      74
      88
     103
     105
     109
      96
      72
      98
      99
     102
      88
      99
      93
      96
     112
      88
      97
     105
     101
      96
      91
      85
     103
      76
     116
      98
      94
      82
     102
     105
      94
     109
      92
     101
      97
      92
      94
      92
      87
      88
      86
      79
      83
      71
      88
      92
      93
      80
     110
      95
      84
      72
      77
      84
      86
      91
      74
      86
      99
      81
      78
      79
      86
     105
      86
     100
      85
      71
      84
      93
      81
      68
      80
      90
      79
      70
      78
      98
      76
      74
      98
      90
      93
      80
      79
      78
      87
      74
      88
      71
      76
      96
      79
      82
      70
      75
      68
      80
      92
      86
      78
      89
      78
      79
      69
      59
      71
      74
      87
      70
      59
      74
      66
      82
      57
      82
      70
      69
      64
      95
      78
      77
      83
      84
      73
     104
      77
      72
      70
      78
      63
      68
      79
      76
      73
      57
      72
      58
      69
      70
      73
      76
      79
      79
      84
      73
      74
      75
      62
      89
      86
      68
      77
      72
      61
      75
      79
      68
      60
      59
      56
      67
      75
      57
      61
      78
      75
      66
      72
      57
      70
      57
      72
      60
      76
      93
      65
      82
      68
      68
      60
      67
      50
      65
      73
      66
      60
      71
      67
      77
      82
      69
      65
      84
      89
      88
      69
      71
      79
      77
      57
      62
      64
      72
      76
      59
      57
      65
      64
      72
      72
      69
      64
      62
      79
      75
      73
      66
      66
      75
      69
      63
      68
      67
      65
      62
      59
      61
      53
      84
      51
      59
      50
      65
      60
      64
      66
      58
      62
      81
      58
      60
      69
      57
      71
      61
      65
      72
      80
      70
      63
      56
      55
      56
      81
      61
      63
      57
      66
      66
      73
      64
      65
      64
      76
      58
      78
      58
      69
      76
      62
      52
      58
      53
      75
      76
      68
      61
      66
      66
      61
      64
      59
      52
      67
      82
      58
      44
      63
      64
      69
      67
      57
      75
      66
      66
      90
     120
     109
     116
     135
      99
      94
      83
      66
      58
      57
      65
      55
      62
      71
      53
      60
      68
      70
      66
      62
      60
      69
      51
      64
      59
      60
      63
      63
      68
      73
      58
      50
      73
      51
      57
      60
      66
      65
      74
      48
      60
      61
      59
      54
      57
      49
      50
      65
      55
      42
      56
      63
      54
      57
      55
      71
      61
      55
      55
      58
      42
      56
      67
      63
      63
      42
      46
      48
      46
      66
      66
      61
      61
      49
      54
      76
      54
      50
      61
      52
      51
      43
      61
      55
      56
      54
      61
      67
      49
      63
      63
      55
      57
      74
      56
      70
      50
      61
      55
      60
      59
      56
      53
      59
      54
      76
      78
      68
      52
      51
      50
      57
      70
      71
      42
      51
      51
      65
      49
      54
      55
      51
      45
      69
      41
      55
      62
      59
      47
      56
      53
      64
      61
      55
      56
      64
      53
      48
      56
      71
      54
      51
      63
      44
      55
      59
      62
      56
      57
      55
      67
      56
      42
      63
      47
      47
      57
      54
      48
      49
      42
      58
      51
      60
      39
      64
      55
      63
      54
      53
      47
      48
      54
      49
      55
      42
      51
      73
      61
      49
      48
      44
      54
      49
      55
      53
      42
      51
      47
      53
      44
      50
      61
      43
      41
      42
      59
      54
      45
      55
      52
      54
      53
      58
      55
      57
      41
      48
      43
      51
      63
      50
      53
      43
      51
      47
      50
      54
      50
      43
      46
      47
      40
      55
      59
      42
      56
      52
      45
      43
      65
      46
      47
      41
      43
      43
      52
      51
      51
      63
      42
      44
      51
      49
      43
      45
      61
      43
      28
      52
      42
      54
      48
      55
      41
      47
      37
      43
      49
      47
      43
      48
      48
      42
      51
      52
      48
      57
      60
      53
      61
      43
      41
      55
      40
      49
      47
      35
      45
      50
      39
      50
      48
      53
      51
      62
      23
      63
      60
      42
      46
      46
      54
      45
      31
      58
      44
      48
      46
      47
      49
      49
      48
      56
      41
      49
      49
      49
      46
      53
      42
      37
      39
      54
      47
      46
      45
      54
      35
      57
      42
      35
      54
      44
      46
      28
      45
      46
      47
      42
      47
      45
      46
      38
      43
      52
      37
      50
      54
      44
      38
      54
      38
      44
      58
      48
      50
      40
      44
      41
      40
      42
      44
      47
      36
      45
      39
      46
      43
      37
      33
      34
      45
      40
      28
      46
      34
      53
      49
      40
      47
      38
      44
      38
      45
      52
      43
      48
      52
      50
      42
      32
      41
      41
      40
      47
      45
      43
      44
      34
      52
      40
      49
      36
      46
      46
      37
      42
      47
      44
      38
      39
      47
      46
      41
      42
      48
      56
      47
      46
      50
      38
      47
      53
      41
      37
      39
      28
      40
      26
      45
      35
      45
      47
      40
      37
      42
      44
      31
      41
      36
      48
      32
      43
      38
      38
      28
      35
      47
      39
      40
      29
      39
      44
      34
      38
      25
      38
      60
      45
      50
      38
      40
      36
      38
      44
      35
      30
      42
      39
      46
      39
      34
      28
      46
      47
      39
      37
      43
      53
      35
      42
      34
      44
      37
      29
      30
      42
      43
      38
      45
      41
      30
      36
      34
      38
      29
      36
      42
      47
      41
      33
      23
      28
      40
      42
      25
      42
      34
      43
      25
      34
      43
      31
      36
      38
      36
      47
      57
      46
      40
      30
      31
      38
      36
      37
      33
      36
      48
      37
      28
      41
      41
      47
      46
      40
      34
      39
      33
      27
      40
      25
      40
      32
      37
      37
      35
      41
      29
      41
      41
      38
      38
      47
      36
      39
      32
      41
      35
      30
      39
      38
      40
      32
      29
      38
      34
      35
      48
      34
      37
      33
      35
      48
      35
      40
      35
      31
      35
      38
      37
      28
      32
      38
      34
      46
      37
      33
      36
      36
      40
      32
      40
      24
      43
      34
      39
      39
      46
      37
      34
      41
      38
      27
      32
      39
      39
      48
      35
      30
      49
      43
      40
      35
      35
      42
      37
      33
      33
      32
      29
      36
      34
      38
      35
      31
      34
      48
      34
      31
      29
      34
      40
      32
      29
      51
      38
      29
      31
      37
      35
      32
      37
      36
      33
      44
      32
      46
      27
      38
      29
      36
      40
      33
      43
      31
      42
      36
      36
      47
      49
      42
      43
      41
      32
      38
      31
      27
      24
      30
      32
      27
      31
      38
      28
      27
      34
      34
      27
      24
      38
      25
      30
      36
      32
      45
      35
      33
      36
      32
      48
      38
      26
      29
      36
      42
      33
      35
      35
      35
      42
      32
      37
      42
      37
      30
      44
      39
      28
      31
      40
      33
      33
      39
      42
      34
      30
      32
      42
      31
      34
      44
      31
      33
      31
      38
      43
      23
      39
      32
      30
      39
      41
      40
      36
      48
      26
      33
      30
      40
      33
      40
      33
      37
      35
      41
      47
      32
      42
      36
      23
      20
      37
      39
      34
      24
      32
      33
      38
      36
      38
      29
      29
      30
      41
      24
      33
      34
      36
      28
      37
      25
      19
      30
      31
      39
      28
      32
      25
      32
      27
      28
      31
      36
      22
      32
      26
      31
      37
      26
      49
      35
      23
      29
      44
      36
      24
      39
      36
      41
      33
      43
      37
      28
      31
      23
      24
      22
      18
      28
      40
      28
      36
      34
      39
      35
      37
      21
      40
      39
      30
      32
      36
      40
      40
      33
      35
      43
      35
      33
      39
      38
      20
      32
      32
      36
      38
      24
      30
      30
      27
      18
      31
      26
      32
      33
      31
      30
      34
      35
      25
      38
      32
      22
      34
      28
      30
      37
      40
      35
      35
      30
      26
      31
      33
      36
      24
      40
      33
      31
      33
      33
      26
      34
      30
      39
      23
      48
      34
      33
      46
      33
      40
      30
      28
      32
      33
      35
      32
      22
      35
      25
      24
      36
      37
      27
      46
      26
      33
      31
      31
      37
      25
      27
      33
      30
      25
      34
      33
      35
      32
      24
      31
      40
      43
      31
      29
      27
      34
      19
      26
      30
      27
      34
      36
      25
      36
      30
      26
      27
      36
      32
      26
      32
      33
      38
      28
      31
      26
      30
      33
      40
      23
      23
      28
      26
      31
      30
      29
      32
      23
      27
      36
      37
      33
      27
      28
      37
      25
      33
      34
      25
      29
      32
      25
      32
      34
      31
      26
      35
      30
      28
      26
      27
      33
      24
      29
      38
      36
      36
      31
      32
      33
      28
      21
      33
      31
      41
      26
      26
      40
      24
      36
      21
      36
      28
      30
      22
      22
      37
      33
      30
      30
      28
      35
      22
      26
      27
      33
      31
      43
      28
      27
      28
      26
      23
      45
      34
      24
      34
      35
      36
      26
      33
      31
      25
      39
      32
      45
      23
      25
      30
      25
      30
      27
      24
      39
      33
      33
      36
      23
      21
      19
      35
      36
      24
      34
      26
      23
      33
      25
      23
      31
      25
      34
      27
      29
      24
      34
      29
      32
      34
      27
      22
      27
      28
      36
      20
      25
      39
      23
      31
      25
      29
      25
      26
      26
      31
      38
      22
      26
      36
      30
      36
      24
      30
      17
      35
      22
      27
      38
      33
      22
      24
      25
      23
      26
      34
      32
      31
      27
      22
      27
      39
      24
      31
      31
      27
      32
      29
      25
      19
      37
      33
      17
      25
      36
      22
      25
      28
      25
      23
      31
      29
      23
      30
      26
      30
      23
      25
      15
      25
      23
      34
      24
      32
      26
      23
      30
      30
      41
      28
      19
      20
      31
      25
      25
      35
      40
      24
      23
      35
      34
      24
      29
      21
      25
      36
      22
      32
      34
      25
      27
      24
      22
      26
      25
      31
      23
      39
      23
      26
      28
      33
      25
      29
      31
      17
      22
      22
      28
      20
      29
      30
      28
      18
      21
      29
      31
      19
      26
      25
      26
      32
      24
      29
      33
      26
      24
      26
      30
      24
      27
      23
      21
      29
      32
      33
      29
      14
      32
      18
      33
      23
      28
      31
      33
      30
      31
      24
      22
      23
      27
      26
      22
      22
      28
      36
      22
      25
      32
      22
      26
      28
      28
      25
      22
      30
      32
      20
      35
      41
      31
      32
      28
      43
      40
      29
      23
      18
      18
      33
      32
      33
      24
      23
      30
      23
      30
      21
      19
      21
      32
      32
      24
      30
      26
      28
      21
      23
      30
      29
      28
      25
      26
      34
      25
      22
      28
      28
      29
      33
      19
      29
      31
      34
      29
      26
      24
      22
      35
      16
      21
      27
      26
      29
      24
      30
      25
      22
      26
      35
      32
      21
      23
      18
      32
      30
      38
      27
      32
      27
      21
      27
      31
      21
      33
      23
      27
      21
      24
      36
      30
      27
      30
      24
      40
      26
      39
      32
      24
      28
      27
      32
      33
      35
      33
      25
      28
      30
      23
      21
      22
      27
      31
      22
      13
      30
      22
      23
      30
      35
      25
      19
      31
      18
      31
      22
      33
      23
      25
      36
      21
      27
      31
      33
      28
      25
      24
      24
      21
      27
      33
      22
      17
      23
      18
      23
      21
      25
      23
      24
      36
      27
      21
      26
      36
      20
      22
      28
      28
      30
      18
      32
      21
      24
      28
      26
      24
      27
      24
      21
      19
      34
      27
      25
      24
      27
      34
      26
      28
      23
      30
      21
      30
      29
      24
      25
      27
      22
      19
      34
      18
      28
      21
      22
      37
      23
      42
      30
      30
      26
      25
      21
      24
      32
      37
      26
      22
      15
      24
      22
      29
      35
      25
      17
      14
      20
      25
      27
      23
      24
      32
      24
      27
      19
      20
      31
      19
      28
      34
      22
      31
      24
      36
      31
      38
      23
      13
      20
      27
      20
      17
      28
      33
      20
      30
      29
      28
      27
      21
      31
      28
      24
      16
      33
      36
      38
      32
      19
      20
      23
      24
      14
      22
      32
      24
      31
      19
      19
      24
      29
      19
      26
      20
      25
      18
      20
      27
      32
      16
      30
      23
      25
      21
      26
      23
      23
      37
      10
      21
      24
      16
      26
      28
      25
      19
      20
      25
      22
      24
      22
      16
      22
      21
      19
      23
      20
      22
      25
      16
      17
      24
      19
      33
      30
      23
      19
      16
      22
      17
      15
      27
      20
      23
      30
      20
      23
      20
      24
      20
      25
      20
      22
      31
      18
      24
      24
      19
      17
      19
      22
      27
      23
      33
      17
      31
      24
      25
      20
      17
      21
      20
      16
      29
      21
      21
      25
      17
      33
      16
      25
      32
      26
      25
      18
      25
      24
      33
      33
      17
      23
      19
      26
      21
      23
      20
      24
      23
      25
      19
      26
      18
      26
      19
      30
      19
      25
      28
      23
      16
      25
      26
      24
      28
      21
      31
      26
      19
      30
      28
      27
      19
      23
      28
      28
      18
      24
      24
      15
      22
      24
      25
      17
      35
      20
      23
      27
      27
      26
      24
      25
      17
      23
      17
      24
      24
      14
      32
      20
      25
      16
      24
      20
      23
      23
      25
      29
      20
      18
      27
      26
      26
      32
      34
      24
      23
      37
      21
      30
      24
      27
      34
      35
      29
      27
      25
      29
      35
      37
      33
      27
      28
      33
      36
      45
      23
      21
      19
      26
      26
      25
      19
      31
      16
      23
      19
      16
      17
      26
       8
      15
      11
      16
      17
      16
      22
      22
      13
      20
      14
      15
      13
      23
      14
      13
      14
      12
      16
      16
      16
      16
      24
      22
      18
      15
      17
      18
      15
      16
       9
      11
      14
      27
      14
      16
      21
      16
      16
      18
      20
      10
       9
      14
      15
      19
      18
      18
      23
       8
      22
      16
      20
      14
      19
      21
       6
      12
      21
      20
      23
      17
      18
      24
      21
      17
      16
      17
      21
      16
      18
      17
      26
       9
      17
      18
      14
      13
      19
      13
       8
      12
      11
      14
      11
      16
      11
      10
      17
      13
      11
      19
      15
      17
      22
      11
      19
      16
      16
      15
      13
      22
      14
      24
      13
      19
      12
      13
      15
      19
      20
      15
      29
      14
      12
      14
      19
      18
      17
      16
      17
      20
      15
      24
      14
       9
      15
      18
      12
      19
      18
      20
      21
      12
      17
      14
      18
      13
      21
      16
      17
      18
      21
      19
      19
       8
      20
      14
      10
      12
      11
      20
      14
      18
      16
      23
      14
      19
      18
      17
      21
      16
      21
      17
      16
      15
      13
      23
      24
      17
      12
      18
      15
      17
      17
      21
      10
       7
      15
      15
      18
      12
      15
      16
      12
      12
      14
       8
      19
      17
      24
      13
      15
      16
      11
      14
      23
      14
      16
      16
      13
      16
       9
      11
      10
      15
      24
      11
      14
      13
      16
      15
      17
      15
      13
      15
      19
       8
      16
      25
      22
      16
      18
      17
      19
      21
      19
      19
      15
      15
      13
      15
      16
      16
      11
      20
       9
      16
      13
      12
      20
      20
      12
      14
      17
      15
      16
      13
      21
      22
      21
      24
      17
       9
      16
      10
      12
      12
      20
       9
       8
      11
      13
      11
      13
      16
      19
      14
      16
      11
      15
      16
      14
      13
      14
      13
      13
      24
      14
      10
      14
      19
      15
      17
      13
      10
      14
      12
      12
      13
      15
      17
      16
      14
      19
      13
      17
      18
      19
      24
      13
      18
      11
      15
      15
      13
      15
      16
      14
      10
      10
       7
       9
      12
      15
      13
      11
      18
      16
      12
      12
      19
      14
      12
      18
      13
      14
      17
      19
      14
      12
      19
      14
       8
      11
      14
      10
      15
      17
      14
      16
      21
      23
      26
      17
      20
       9
      11
      12
      18
      21
      20
      15
      16
      22
      22
      15
       9
      15
      17
      13
      17
      18
      14
      18
      15
      20
      14
      15
      18
      15
      15
      11
      21
      16
      16
      10
      20
      12
      15
      16
      16
      17
      21
      28
      29
      24
      24
      33
      25
      31
      22
      13
      17
      18
      18
      18
      15
       7
      13
      14
      15
      20
      15
      13
       7
      13
      13
       5
      16
      10
      11
      11
       9
       7
      16
       6
       8
      12
       9
      11
      13
      13
      11
      10
      15
       8
      10
      12
       4
      11
      10
      17
       8
      12
      11
      12
      13
      11
      14
      13
       9
      11
      14
       4
      11
      11
       8
      11
       8
       9
       9
      12
      13
      10
      12
       7
      10
       8
      18
      10
      12
       8
      14
      16
      13
      14
      13
      13
      12
      13
      12
      14
      16
      14
       8
       8
      18
      13
       4
      14
      11
      10
      17
      10
      12
       8
      16
      15
       5
      16
       8
       8
      15
       8
      12
      17
       9
      12
      13
       9
      10
      14
      13
      12
      12
      11
      14
      17
      14
       4
      11
      10
       9
      10
      12
      11
      13
      14
      11
       8
      15
      11
      10
      13
      11
      16
      11
      12
      15
      12
      14
       4
       7
      13
      10
       9
       7
      11
      10
      11
       8
      10
       4
      10
      12
      19
      12
       8
       7
      10
      10
      12
      14
       9
      15
      12
      18
      13
      13
      11
      13
      13
      15
       6
       7
      13
       8
       8
       9
      10
       9
      11
      16
      12
      12
       3
      11
       8
      12
       6
       7
      11
      13
      12
      10
      12
      11
      14
      19
      13
      13
      15
      27
      25
      33
      59
     117
     169
     297
     346
     472
     551
     540
     514
     385
     273
     182
      93
      54
      34
      13
       5
      17
      13
       9
      16
       5
      13
      11
      10
      13
      10
       7
      12
       7
      11
      15
       9
       8
      14
      12
      10
       7
      11
       4
       9
       7
       8
      12
       8
       7
      12
      13
       7
       4
       8
       8
      10
       9
       8
       8
      10
       9
       7
      12
      13
       4
       5
       9
       4
      12
      10
       5
       9
       8
       5
      10
      10
      13
      15
       5
      10
      13
      15
      10
      11
      16
      10
      11
       6
      13
       9
      11
       9
       7
       5
      11
      11
       7
      10
       9
       8
      11
       4
       6
      12
       9
       9
       4
       7
      11
      10
      13
      10
       6
       9
       9
       9
       6
       9
      11
       4
      10
      10
      11
       7
      10
      13
      10
      10
      15
       8
       3
       9
       9
       9
       5
      11
       6
       9
       7
       6
       5
       7
       8
      11
       9
      13
       9
       6
      11
       8
       8
      12
       8
       5
       7
       8
       5
      12
       9
       9
      11
       7
       2
       4
       5
       3
       5
       9
       6
      10
       8
       6
      13
       6
      10
       7
      12
       5
       5
       4
      11
      13
      10
       8
       4
       5
       5
       8
       6
       8
       4
       4
       4
       6
       9
      10
       4
       7
       2
      10
       8
       6
      10
       7
      10
      10
      11
      13
      10
       4
       6
       4
       5
      11
      10
       2
       5
      13
       5
       8
       6
       5
       7
       5
       9
       7
       6
       8
       3
       3
       7
      10
       5
       8
      14
      10
      10
       7
       5
       8
       5
       9
       7
       8
       2
       8
       8
       1
      14
       8
       7
       7
       9
       4
       9
      11
       7
       4
       6
       5
       4
       6
       8
      14
       4
       8
       7
       6
       6
       8
      14
       7
      11
      13
      12
      14
      10
       6
       9
       6
       4
       8
       3
      14
       3
       4
       6
      10
      10
      13
       1
       3
       7
       8
      10
       9
       4
      11
       3
       5
       8
       6
       7
       6
       7
       6
       6
       3
       5
       6
       7
       2
       5
       6
       8
       4
      11
       4
       4
       3
       5
       5
       3
      12
       5
       3
       6
       8
       7
       5
       4
       6
       9
       3
       7
       9
       9
       8
       3
       3
       5
       6
       7
       2
       4
       5
       4
       4
       5
       2
       7
       2
       6
      11
       4
       7
       5
       3
       4
       5
       9
       6
       4
       8
       7
       6
       3
       4
       4
       5
       3
       5
       2
       8
       2
       7
       9
       3
       3
       5
       4
       2
       3
       6
       3
       4
       4
       4
       7
       4
       5
       6
       6
       8
       5
       2
       4
       4
       3
       8
       9
       9
       7
       6
       4
       4
       4
       2
       6
       4
       6
      13
       3
       6
       4
       7
       9
       6
       7
       9
      10
       9
      11
      17
      16
      16
      12
      13
      10
      12
       3
       3
       6
       6
       6
       2
       3
       4
       3
       5
       5
       4
       6
       1
       5
       6
       8
       7
       5
       4
       7
       8
       1
       4
       8
       4
       8
      11
       5
       3
       8
       5
       3
       2
       2
       8
       6
       2
       4
       7
       3
       6
       1
       3
       9
       4
       6
       5
       4
       6
       4
       6
       7
       2
       2
       6
       8
       4
       6
       8
       3
       4
       5
       3
       2
       8
       3
       8
       4
       3
       5
       1
       4
       8
       1
       4
       6
       8
       7
       5
       9
       9
       2
       3
       3
       2
       3
       2
       5
       9
       6
       4
       7
       6
       2
       2
       2
       6
       7
       4
       3
       8
       4
       7
       7
       1
       5
       2
      10
       4
       6
       4
       5
       5
       1
       2
       8
       4
       8
       2
       6
       9
       4
       4
       6
       5
       1
       6
       1
       6
       3
       3
       3
       4
       2
       4
       8
       6
       3
       1
       3
       6
       1
       5
       2
      11
       7
       4
       6
       2
       4
       2
       5
       4
       4
       8
       6
       5
       3
       2
       8
       7
       3
       4
       3
       7
       1
       6
       5
       1
       6
       1
       2
       7
       4
       5
       5
       6
       4
       3
       4
       5
       4
       6
       4
       3
       7
       7
       7
       6
       4
       6
       3
      11
       1
       7
       6
       6
       7
       6
       2
       4
       0
       4
       3
       3
       6
       5
       3
       5
       7
       8
       7
       8
       5
       9
       9
      10
       8
      16
      19
      23
      56
      86
     115
     190
     288
     390
     418
     463
     467
     393
     336
     204
     142
      75
      43
      22
      13
       6
       6
       3
       1
       8
       6
       7
       6
       6
       7
       2
       3
       3
       3
       5
       1
       3
       1
       4
       2
       9
       5
       7
       4
       4
       4
       2
       6
       4
       7
       1
       4
       3
       4
       4
       3
       1
       5
       4
       0
       6
       3
       5
       3
       5
       5
       3
       5
       2
       4
       3
       4
       1
       8
       2
       5
       4
       0
       5
       7
       3
       5
       9
       3
       3
       2
       4
       6
       6
       2
       5
       3
       4
       4
       3
       2
       5
       3
       1
       4
       6
       5
       5
       6
       8
       2
       2
       2
       5
       1
       0
       2
       4
       5
       5
       1
       3
       5
       4
       1
       2
       1
       1
       2
       2
       4
       8
       5
       2
       1
       4
       2
       6
       0
       5
       8
       3
       1
       3
       4
       5
       4
       3
       3
       1
       3
       2
       2
       3
       5
       4
       2
       6
       3
       8
       5
       4
       4
       6
       0
       2
       6
       4
       1
       4
       5
       6
       3
       6
       9
       2
       1
       7
       6
       0
       4
       4
       3
       2
       4
       3
       3
       5
       2
       7
       6
       4
       2
       3
       7
       2
       9
       4
       4
       6
       7
       8
      10
       9
       6
       5
       6
       7
       5
       7
       4
       1
       7
       2
       5
       3
       3
       5
       3
       3
       2
       3
       4
       4
       2
       2
       4
       2
       8
       5
       5
       5
       3
       6
       7
       3
       1
       3
       5
       6
       5
       6
       3
       3
       7
       0
       5
       6
       3
       3
       3
       2
       6
       1
       5
       1
       1
       2
       1
       1
       3
       1
       3
       3
       3
       1
       6
       2
       5
       4
       4
       1
       2
       3
       2
       2
       5
       7
       5
       6
       2
       2
       3
       5
       1
       1
       5
       5
       4
       4
       0
       3
       3
       0
       1
       1
       6
       3
       2
       2
       4
       3
       3
       2
       3
       6
       1
       0
       6
       1
       4
       4
       2
       3
       4
       1
       4
       6
       0
       5
       2
       5
       1
       0
       9
       2
       4
       3
       6
       2
       3
       2
       2
       3
       1
       2
       4
       6
       2
       2
       3
       6
       5
       2
       4
       5
       3
       4
       3
       6
       4
       6
       2
       6
       3
       2
       3
       3
       1
       4
       1
       2
       2
       3
       4
       4
       4
       0
       3
       2
       4
       0
       1
       3
       4
       2
       0
       3
       2
       2
       3
       5
       5
       2
       1
       5
       3
       2
       2
       7
       2
       1
       4
       2
       6
       3
       1
       2
       6
       1
       2
       3
       0
       1
       2
       4
       4
       2
       4
       2
       3
       4
       2
       4
       1
       4
       2
       6
       2
       4
       1
       0
       3
       4
       4
       5
       2
       1
       3
       2
       2
       2
       3
       0
       1
       3
       5
       3
       7
       1
       2
       6
       4
       2
       1
       2
       0
       5
       0
       2
       5
       1
       1
       3
       3
       3
       2
       8
       2
       0
       4
       2
       4
       5
       2
       1
       1
       2
       2
       3
       3
       3
       4
       5
       2
       1
       3
       0
       4
       6
       5
       4
       2
       2
       1
       2
       0
       5
       3
       1
       4
       3
       1
       3
       2
       2
       3
       1
       4
       1
       4
       1
       5
       2
       2
       2
       4
       1
       2
       2
       2
       3
       5
       3
       5
       3
       3
       2
       4
       7
       3
       2
       1
       4
       4
       4
       6
       8
       2
       4
       6
       6
      14
      21
      20
      41
      40
      52
      63
      60
      53
      42
      35
      26
      13
      10
       9
       5
       3
       0
       2
       4
       8
       0
       5
       4
       4
       5
       5
       2
       4
       5
       2
       1
       3
       5
       2
       1
       3
       3
       1
       0
       1
       4
       0
       2
       1
       3
       4
       3
       1
       1
       2
       2
       3
       3
       1
       1
       3
       3
       1
       6
       1
       2
       3
       1
       0
       3
       3
       4
       2
       5
       1
       3
       2
       3
       4
       3
       2
       1
       2
       0
       5
       2
       1
       2
       2
       4
       2
       2
       1
       4
       1
       4
       2
       3
       0
       2
       4
       3
       0
       1
       1
       2
       5
       4
       3
       0
       2
       5
       1
       2
       2
       2
       2
       4
       1
       2
       4
       4
       2
       3
       1
       2
       4
       1
       2
       2
       2
       4
       2
       3
       1
       1
       3
       5
       3
       3
       1
       2
       1
       1
       4
       2
       1
       1
       5
       1
       4
       3
       2
       3
       4
       4
       2
       1
       3
       5
       2
       3
       1
       0
       2
       2
       2
       1
       3
       5
       1
       1
       1
       4
       3
       3
       4
       4
       2
       3
       3
       1
       3
       4
       0
       0
       2
       2
       3
       3
       2
       2
       2
       5
       5
       1
       1
       2
       2
       5
       4
       2
       2
       6
       1
       5
       3
       7
       6
       7
       4
       7
       4
       3
       0
       4
       0
       3
       0
       1
       2
       5
       1
       3
       4
       1
       2
       4
       3
       2
       3
       2
       5
       3
       3
       7
       2
       0
       1
       3
       5
       3
       1
       2
       0
       1
       2
       1
       0
       3
       1
       4
       4
       4
       0
       2
       6
       4
       1
       2
       1
       3
       1
       0
       1
       4
       3
       1
       0
       2
       2
       2
       1
       3
       2
       4
       2
       0
       3
       2
       0
       4
       2
       2
       1
       0
       0
       3
       1
       1
       0
       3
       2
       1
       5
       1
       1
       0
       3
       2
       1
       4
       0
       4
       1
       3
       3
       0
       2
       4
       2
       1
       0
       2
       2
       2
       1
       3
       3
       1
       1
       1
       2
       3
       2
       1
       2
       0
       2
       3
       2
       2
       1
       4
       2
       1
       5
       2
       4
       0
       1
       4
       1
       0
       1
       1
       3
       1
       1
       2
       3
       4
       3
       1
       1
       3
       1
       2
       2
       1
       0
       2
       1
       4
       2
       2
       2
       1
       3
       1
       1
       4
       2
       1
       2
       2
       1
       4
       1
       4
       1
       0
       2
       5
       1
       1
       3
       1
       0
       1
       1
       3
       4
       2
       0
       2
       1
       4
       0
       1
       1
       3
       3
       2
       4
       2
       3
       3
       3
       1
       2
       2
       3
       3
       1
       5
       2
       2
       2
       2
       4
       1
       3
       2
       5
       2
       2
       2
       3
       1
       2
       2
       2
       4
       1
       2
       1
       3
       0
       1
       2
       2
       1
       6
       1
       1
       0
       3
       1
       1
       1
       2
       4
       2
       1
       4
       2
       1
       5
       3
       2
       1
       1
       2
       0
       0
       4
       4
       1
       2
       4
       2
       1
       1
       2
       3
       3
       3
       1
       3
       3
       0
       0
       0
       3
       2
       3
       1
       1
       0
       3
       4
       1
       0
       2
       1
       2
       6
       2
       2
       0
       0
       2
       4
       3
       1
       4
       1
       0
       1
       5
       2
       2
       3
       3
       3
       5
       2
       0
       2
       2
       1
       1
       2
       1
       1
       2
       3
       2
       3
       4
       2
       7
       6
       5
       0
       2
       4
       2
       2
       5
       0
       2
       1
       3
       1
       4
       4
       5
       4
       3
       1
       0
       3
       2
       1
       4
       4
       1
       1
       1
       1
       1
       1
       4
       3
       1
       2
       4
       3
       0
       1
       2
       2
       2
       1
       3
       2
       1
       1
       1
       0
       3
       1
       3
       1
       3
       1
       5
       2
       3
       1
       0
       2
       0
       3
       1
       3
       2
       3
       2
       2
       1
       2
       1
       5
       1
       0
       3
       0
       3
       4
       1
       0
       2
       2
       0
       2
       1
       1
       1
       1
       1
       4
       0
       2
       1
       0
       1
       1
       2
       4
       0
       1
       1
       0
       0
       2
       0
       2
       1
       2
       1
       1
       1
       1
       2
       0
       1
       5
       1
       5
       3
       0
       1
       1
       5
       1
       0
       2
       1
       4
       1
       2
       6
       0
       2
       1
       0
       0
       3
       4
       1
       3
       0
       1
       4
       1
       3
       2
       0
       4
       4
       2
       2
       0
       2
       0
       2
       2
       1
       2
       0
       1
       3
       3
       1
       3
       0
       2
       0
       1
       5
       1
       2
       2
       1
       4
       1
       1
       0
       1
       3
       2
       2
       1
       2
       3
       0
       4
       2
       3
       2
       1
       1
       0
       2
       1
       2
       2
       2
       4
       2
       0
       1
       1
       0
       4
       2
       0
       1
       1
       2
       2
       2
       2
       2
       1
       0
       0
       1
       0
       0
       2
       2
       5
       2
       4
       1
       1
       1
       0
       0
       1
       1
       0
       0
       0
       0
       2
       2
       1
       0
       2
       3
       2
       0
       2
       1
       2
       1
       0
       1
       3
       1
       5
       3
       1
       0
       2
       1
       3
       2
       0
       2
       0
       2
       2
       1
       0
       2
       0
       0
       2
       0
       2
       2
       1
       3
       0
       1
       1
       1
       3
       3
       1
       2
       2
       1
       2
       3
       4
       0
       3
       4
       1
       1
       1
       2
       1
       2
       2
       1
       1
       4
       3
       1
       0
       4
       2
       3
       1
       1
       3
       2
       1
       2
       0
       2
       1
       2
       2
       0
       2
       1
       3
       0
       0
       1
       0
       1
       2
       2
       2
       2
       3
       3
       1
       1
       2
       0
       1
       1
       4
       1
       3
       3
       1
       2
       2
       2
       1
       1
       0
       0
       3
       2
       1
       0
       0
       3
       0
       1
       0
       5
       3
       2
       1
       1
       2
       0
       2
       2
       3
       1
       1
       4
       2
       2
       1
       1
       1
       0
       1
       1
       1
       3
       2
       2
       3
       3
       3
       5
       1
       1
       1
       1
       0
       2
       3
       0
       1
       0
       0
       3
       3
       1
       2
       3
       0
       1
       0
       2
       2
       2
       1
       0
       1
       2
       3
       3
       4
       0
       1
       1
       0
       0
       2
       1
       2
       3
       1
       1
       0
       1
       2
       0
       1
       0
       0
       0
       3
       3
       2
       2
       1
       0
       1
       0
       2
       1
       4
       1
       1
       1
       2
       0
       0
       1
       2
       0
       5
       1
       2
       2
       2
       2
       2
       2
       0
       2
       0
       1
       0
       1
       4
       5
       2
       1
       1
       3
       1
       1
       3
       4
       1
       0
       0
       1
       0
       1
       1
       1
       1
       2
       4
       0
       1
       3
       1
       2
       0
       1
       1
       2
       2
       1
       1
       1
       4
       0
       2
       2
       0
       2
       0
       1
       1
       0
       4
       2
       3
       2
       1
       1
       1
       1
       2
       1
       2
       2
       4
       3
       1
       0
       1
       3
       1
       4
       1
       1
       0
       1
       0
       1
       1
       1
       0
       1
       1
       1
       2
       0
       0
       0
       2
       0
       2
       4
       3
       2
       4
       3
       2
       2
       1
       4
       1
       3
       2
       2
       0
       1
       3
       2
       4
       5
       4
       4
       0
       1
       3
       5
       1
       3
       1
       1
       1
       2
       0
       3
       1
       1
       3
       1
       2
       2
       2
       0
       0
       0
       1
       0
       1
       3
       1
       0
       1
       1
       0
       1
       2
       0
       1
       1
       0
       0
       1
       0
       1
       0
       1
       3
       3
       0
       1
       0
       0
       1
       1
       0
       2
       1
       5
       1
       1
       2
       0
       1
       1
       2
       0
       0
       3
       0
       1
       0
       3
       1
       1
       0
       1
       0
       2
       0
       0
       5
       0
       1
       1
       0
       1
       1
       1
       2
       0
       1
       1
       1
       1
       1
       0
       0
       1
       2
       1
       0
       1
       0
       3
       1
       1
       1
       0
       2
       0
       0
       0
       1
       1
       1
       0
       1
       1
       0
       0
       0
       0
       1
       1
       3
       1
       1
       0
       0
       3
       1
       0
       1
       0
       2
       3
       3
       8
       7
       4
       9
      13
      12
      14
      10
      16
      11
       9
       3
       7
       3
       3
       1
       2
       4
       0
       2
       1
       0
       2
       1
       0
       1
       3
       1
       0
       2
       1
       1
       0
       0
       1
       0
       2
       0
       2
       2
       2
       0
       2
       3
       1
       1
       2
       1
       2
       1
       0
       1
       5
       0
       1
       2
       2
       1
       3
       2
       1
       0
       2
       0
       2
       2
       0
       2
       2
       0
       1
       1
       1
       3
       2
       3
       0
       1
       1
       1
       1
       0
       4
       0
       2
       0
       2
       4
       1
       1
       0
       2
       3
       1
       1
       1
       1
       1
       1
       0
       2
       3
       0
       1
       0
       1
       0
       1
       2
       0
       0
       1
       0
       1
       0
       0
       2
       2
       1
       2
       0
       0
       1
       0
       0
       2
       2
       4
       1
       1
       0
       0
       0
       0
       1
       2
       1
       1
       0
       1
       0
       0
       0
       1
       3
       0
       1
       0
       2
       0
       0
       0
       3
       1
       3
       4
       3
       1
       0
       1
       2
       0
       1
       1
       2
       2
       2
       1
       0
       0
       1
       1
       0
       1
       0
       1
       2
       3
       0
       2
       2
       4
       0
       0
       0
       1
       2
       3
       0
       0
       0
       3
       1
       1
       0
       1
       0
       2
       1
       0
       1
       0
       0
       2
       0
       1
       1
       2
       2
       2
       1
       2
       0
       1
       0
       2
       0
       1
       1
       0
       1
       1
       1
       0
       1
       4
       0
       1
       1
       2
       1
       0
       2
       0
       0
       1
       1
       3
       2
       1
       1
       1
       1
       2
       0
       2
       0
       0
       0
       3
       2
       1
       1
       0
       0
       0
       2
       3
       1
       2
       1
       1
       1
       2
       0
       1
       0
       2
       0
       2
       1
       0
       1
       0
       0
       0
       3
       1
       0
       0
       2
       2
       1
       2
       1
       0
       1
       0
       2
       1
       0
       0
       3
       1
       1
       0
       3
       0
       1
       1
       2
       0
       0
       2
       0
       1
       0
       2
       0
       2
       1
       2
       1
       1
       2
       1
       2
       2
       0
       0
       1
       1
       1
       2
       1
       0
       0
       1
       1
       1
       2
       1
       2
       2
       0
       2
       1
       1
       3
       1
       3
       5
       3
       2
       2
       1
       2
       0
       1
       2
       4
       3
       1
       2
       3
       0
       1
       2
       1
       0
       0
       1
       2
       2
       1
       0
       0
       0
       2
       2
       1
       1
       0
       3
       1
       2
       3
       1
       0
       1
       1
       2
       0
       0
       0
       1
       1
       0
       0
       2
       1
       1
       0
       2
       3
       1
       2
       1
       2
       3
       0
       2
       2
       0
       1
       1
       0
       1
       1
       0
       0
       0
       3
       1
       4
       1
       0
       1
       0
       1
       0
       0
       1
       2
       1
       1
       0
       2
       1
       0
       1
       0
       1
       0
       1
       1
       0
       1
       4
       1
       1
       1
       3
       1
       1
       1
       0
       0
       3
       3
       0
       0
       0
       0
       0
       1
       3
       0
       0
       1
       1
       3
       1
       0
       2
       1
       0
       0
       2
       0
       2
       2
       1
       2
       1
       1
       0
       0
       1
       2
       1
       0
       1
       0
       0
       0
       2
       0
       0
       0
       1
       2
       2
       2
       0
       1
       1
       0
       1
       1
       1
       0
       1
       0
       0
       2
       2
       0
       3
       1
       1
       0
       2
       1
       3
       0
       0
       0
       1
       0
       2
       1
       2
       6
       0
       1
       2
       1
       0
       0
       0
       1
       1
       2
       0
       1
       4
       1
       1
       2
       1
       2
       1
       1
       0
       4
       1
       0
       0
       0
       0
       1
       1
       2
       0
       0
       0
       1
       1
       3
       0
       0
       1
       1
       1
       0
       2
       1
       2
       1
       1
       2
       1
       2
       1
       0
       1
       1
       0
       1
       0
       1
       0
       1
       0
       2
       1
       0
       3
       1
       1
       0
       1
       2
       3
       1
       2
       1
       2
       1
       1
       1
       2
       0
       0
       0
       2
       1
       3
       2
       2
       0
       1
       1
       0
       1
       3
       0
       0
       0
       3
       1
       0
       0
       0
       1
       1
       1
       1
       2
       1
       1
       3
       0
       3
       1
       0
       0
       0
       2
       1
       0
       1
       0
       3
       1
       2
       2
       0
       1
       1
       1
       2
       0
       0
       0
       3
       2
       0
       1
       1
       1
       1
       0
       2
       2
       3
       0
       0
       2
       1
       1
       0
       1
       1
       0
       1
       2
       1
       0
       3
       1
       0
       3
       2
       2
       3
       0
       2
       0
       0
       1
       1
       2
       3
       1
       0
       4
       1
       0
       0
       4
       2
       2
       0
       2
       0
       0
       0
       3
       3
       0
       0
       4
       0
       2
       1
       0
       3
       4
       1
       0
       1
       1
       0
       2
       0
       1
       1
       3
       0
       1
       1
       2
       3
       0
       1
       0
       2
       1
       1
       2
       0
       0
       0
       0
       0
       1
       1
       0
       1
       0
       2
       2
       3
       0
       2
       3
       1
       2
       0
       1
       1
       1
       2
       1
       1
       0
       1
       0
       2
       3
       1
       2
       1
       0
       2
       2
       0
       1
       0
       2
       2
       1
       1
       1
       1
       1
       1
       1
       1
       0
       0
       0
       1
       1
       0
       2
       0
       1
       3
       2
       0
       2
       1
       1
       0
       0
       1
       0
       1
       0
       1
       0
       2
       0
       0
       1
       0
       3
       0
       1
       1
       1
       2
       1
       0
       0
       1
       2
       0
       2
       1
       2
       0
       1
       2
       0
       0
       0
       1
       3
       1
       0
       3
       3
       1
       2
       1
       1
       0
       0
       1
       2
       1
       1
       2
       1
       2
       1
       1
       1
       1
       0
       0
       1
       1
       1
       0
       2
       1
       0
       0
       2
       0
       1
       0
       0
       0
       0
       0
       0
       0
       0
       0
       0
       0
       0
       0
       0
       0
       0
       0
       0
       0
       0
       0
       0
       0
       0
       0
       0
       0
       0
       0
       0
       0
       0
       0
       0
       0
       0
       0
       0
       0
       0
       0
       0
       0
       0
       0
       0
       0
       0
       0
       0
       0
       0
       0
       0
       0
       0
       0
       0
       0
       0
       0
       0
       0
       0
       0
       0
       0
       0
       0
       0
       0
       0
       0
       0
       0
       0
       0
       0
       0
       0
       0
       0
       0
       0
       0
       0
       0
       0
       0
       0
       0
       0
       0
       0
       0
       0
       0
       0
       0
       0
       0
       0
       0
       0
       0
       0
       0
       0
       0
       0
       0
       0
       0
       0
       0
       0
       0
       0
       0
       0
       0
       0
       0
       0
       0
       0
       0
       0
$ROI:
2
1936 2287
5338 5513
$PRESETS:
Integral
500000
0
$ENER_FIT:
0.000000 0.245432
$MCA_CAL:
3
0.000000E+000 2.454316E-001 0.000000E+000 keV
$SHAPE_CAL:
3
7.465718E+000 0.000000E+000 0.000000E+000
